0 0 1
0 1 2
0 2 3
0 3 2
16 0 2
16 2 0
32 0 2
32 2 0
48 0 3
48 2 0
50 1 3
50 2 1
100 0 3
100 2 1
100 3 1
116 0 3
132 0 3
148 0 3
150 2 0
150 3 1
166 2 1
166 3 2
182 2 0
182 3 1
198 2 3
198 3 2
200 1 3
200 2 1
200 3 2
212 3 2
224 3 2
225 2 3
236 3 1
248 3 1
250 0 2
250 1 3
250 2 1
250 3 1
275 0 1
275 1 2
275 2 1
300 0 3
300 1 3
350 0 3
350 2 0
350 3 2
375 0 3
375 2 0
375 3 2
400 2 3
425 2 0
450 2 3
450 3 2
500 0 3
500 1 0
500 2 0
525 0 3
550 0 1
550 1 2
550 3 0
575 0 2
575 1 3
600 0 3
600 1 3
600 2 3
625 0 3
650 0 3
650 1 3
650 3 0
700 1 0
700 3 0
725 1 2
750 0 3
750 1 0
750 2 1
750 3 2
766 0 3
766 3 0
775 1 2
782 0 1
782 3 1
798 0 1
798 3 2
800 0 2
850 1 2
850 2 0
900 1 3
900 3 2
925 3 0
950 2 0
950 3 0
966 2 3
975 3 1
982 2 0
998 2 1
1000 0 1
1000 2 3
1000 3 1
1010 0 2
1016 2 0
1020 0 1
1025 3 1
1030 0 1
1032 2 3
1040 0 1
1048 2 1
1050 0 3
1050 3 2
1100 1 3
1100 2 3
1100 3 2
1150 0 2
1200 0 1
1200 3 2
1216 3 1
1225 0 2
1232 3 1
1248 3 0
1250 0 1
1250 1 2
1250 2 3
1250 3 1
1275 2 3
1300 1 0
1300 2 1
1300 3 2
1316 1 0
1332 1 3
1348 1 0
1350 0 1
1350 2 3
1400 0 3
1400 2 1
1400 3 0
1425 2 0
1425 3 0
1450 0 3
1450 3 1
1466 3 2
1482 3 0
1498 3 1
1500 0 2
1500 1 0
1500 2 1
1516 1 0
1525 0 1
1532 1 2
1548 1 0
1550 0 3
1550 1 2
1562 1 3
1574 1 2
1586 1 2
1598 1 0
1600 2 1
1650 2 0
1650 3 2
1700 0 1
1700 1 2
1700 2 3
1700 3 2
1716 3 1
1725 2 3
1732 3 0
1748 3 0
1750 1 2
1750 2 3
1800 1 3
1800 2 3
1800 3 2
1816 2 3
1832 2 3
1848 2 1
1850 1 0
1850 2 3
1850 3 2
1875 3 1
1900 0 2
1900 2 3
1900 3 2
1925 0 1
1950 0 1
1950 1 0
1950 3 2
1975 0 2
1975 3 2
2000 0 2
2000 1 3
2000 2 1
2050 0 1
2050 1 3
2050 2 1
2075 0 3
2075 1 3
2100 0 2
2100 1 2
2100 2 0
2100 3 1
2116 1 2
2125 2 3
