Greedy
50.89,211.273
50.89,211.273
50.89,211.273
50.89,211.273
50.89,211.273
50.89,211.273
50.89,211.273
50.89,211.273
50.89,211.273
50.89,211.273
50.89,211.273
50.89,211.273
50.89,211.273
50.89,211.273
50.89,211.273
50.89,211.273
50.89,211.273
50.89,211.273
50.89,211.273
50.89,211.273
50.89,211.273
50.89,211.273
50.89,211.273
50.89,211.273
50.89,211.273
50.89,211.273
50.89,211.273
50.89,211.273
50.89,211.273
50.89,211.273
SD
50.0432,144.405
52.6676,178.401
51.6922,158.88
53.1968,167.823
48.2566,149.889
49.4484,145.731
51.1554,159.978
51.2824,158.146
50.9808,170.849
50.2234,152.572
49.8152,150.283
54.3812,173.897
53.2968,167.757
53.0226,173.459
52.882,169.649
49.9822,152.31
51.344,140.236
51.913,175.099
52.8824,171.021
53.0624,173.819
49.6526,157.809
52.839,160.85
51.7766,172.347
52.4758,171.89
50.7774,167.175
51.8494,158.581
55.6886,168.155
50.2792,154.097
51.5162,157.099
50.98,162.52
WO
71.7048,56.7378
82.9404,70.0573
77.4538,61.0732
76.5154,52.2862
76.0544,61.1576
72.2874,49.4913
78.1966,54.4804
68.5272,56.9781
79.5688,51.5787
76.7646,51.6687
79.9532,46.909
79.634,53.6487
75.7458,45.2502
67.5488,52.1722
71.6792,53.3386
80.3724,46.8911
73.5974,69.6351
77.5562,49.4243
67.5598,56.5256
81.8318,48.4078
77.557,50.0571
72.6368,42.5377
78.539,64.9572
80.6874,64.1515
73.3112,57.8916
82.4856,53.4294
80.1348,52.5971
77.6428,42.9278
71.665,60.0166
81.225,62.9235
