Greedy
63.3692,231.011
58.718,210.284
61.0066,202.73
58.4934,222.198
64.2876,236.58
57.5316,190.057
57.4374,206.705
60.768,246.605
56.4536,220.88
58.2104,208.407
56.1922,219.082
60.8674,226.554
62.6322,212.108
55.0948,195.512
57.4996,191.306
59.0384,199.953
59.9396,223.907
58.3276,218.664
61.1134,202.032
60.1626,191.583
59.918,212.482
58.838,198.797
62.0734,229.033
58.383,222.685
58.5046,193.792
58.572,216.133
65.1214,251.192
57.3282,187.436
64.9174,256.897
64.598,224.905
61.6482,176.279
59.1916,216.832
63.0924,227.904
59.149,197.194
57.4366,203.188
59.646,227.684
63.8654,229.724
57.4532,196.352
57.8878,204.147
58.2602,203.328
59.8974,232.33
59.008,193.581
59.4594,222.596
57.6488,190.862
62.0986,248.451
58.7056,205.166
62.1122,250.08
59.4406,231.397
62.571,225.268
57.915,218.091
60.6482,223.257
55.7418,210.508
63.0656,243.081
61.4606,237.528
58.637,219.287
57.8762,213.101
59.3506,222.983
62.6688,206.183
57.9362,217.131
57.0096,211.519
61.4906,216.268
56.9018,212.389
63.1074,240.488
56.8372,214.359
60.9132,206.245
60.0112,224.07
57.248,190.147
62.7234,213.572
61.408,208.172
62.4712,220.313
59.8078,226.63
61.199,202.644
65.2598,253.324
57.2608,243.635
59.941,205.423
57.7888,218.023
56.7914,191.603
62.5778,204.036
60.3304,193.108
58.4948,205.093
61.218,217.509
60.4616,221.191
58.5216,228.187
59.9594,243.065
61.741,239.071
59.2966,217.308
56.3296,210.401
58.1308,218.975
56.6028,189.392
56.5318,224.307
57.897,212.645
61.3366,231.529
58.622,191.931
60.6166,218.278
60.5074,215.764
58.3092,183.332
66.4022,255.66
62.4038,190.29
59.067,226.418
55,220.594
62.9448,194.115
58.4052,236.974
62.5114,231.541
62.8294,223.748
60.1456,184.883
62.5334,229.882
54.8626,213.363
61.6914,212.59
55.5778,237.133
56.694,186.959
59.702,228.318
62.5556,225.886
60.7364,234.889
60.8246,229.091
56.9856,230.374
59.1162,187.814
60.5752,202.582
57.0938,189.429
60.1718,219.277
58.9426,214.91
55.3972,187.907
59.5804,205.477
58.9936,216.56
58.1636,204.789
59.0116,201.962
60.4658,229.573
63.6764,214.988
64.7476,247.802
62.5722,220.147
57.0762,198.211
57.5986,197.894
59.3248,209.217
63.18,225.315
60.1872,210.58
59.4156,212.049
60.711,218.515
63.0728,243.968
61.9566,238.159
58.8434,198.144
61.2542,233.014
60.7424,217.732
63.686,234.646
64.8676,219.749
56.8644,199.903
55.1312,171.164
63.082,231.18
61.5696,250.292
58.532,199.416
62.9986,205.199
65.0792,247.255
59.7312,197.604
65.852,216.84
54.3818,192.506
61.0986,215.503
63.9912,237.022
59.1196,229.599
60.642,219.789
67.4798,204.561
55.2298,190.858
59.946,189.665
60.302,199.905
59.9764,195.076
60.225,212.278
56.6016,221.128
60.747,184.253
64.3504,237.306
59.8272,221.527
61.783,235.683
58.4962,195.884
59.3824,207.337
58.0584,200.296
57.3682,215.976
59.1476,198.58
59.7362,221.499
59.0986,228.474
56.1894,198.531
68.8458,229.228
65.7546,222.864
60.9692,210.579
59.7908,210.152
55.0326,207.142
58.9562,213.055
59.5102,209.222
57.7416,206.602
60.4922,201.394
56.4122,208.874
62.0958,239.705
59.8794,215.889
61.0188,222.992
61.9316,215.96
60.3424,234.583
61.6972,218.366
60.302,212.745
64.5002,230.088
61.319,222.637
58.0124,197.804
61.688,215.21
70.9276,238.918
60.603,215.356
62.2612,228.497
61.3468,219.443
58.6034,209.883
57.1808,233.776
57.7896,206.27
60.3532,203.322
58.0456,225.087
59.0568,197.404
60.5988,208.984
58.3114,207.704
64.9312,238.672
61.5762,171.486
58.5784,195.344
59.4212,238.117
60.6902,214.756
55.1748,217.963
60.2484,238.245
60.1744,215.65
60.8348,231.059
60.9932,197.27
60.2728,209.975
61.478,228.327
56.0056,202.49
64.8762,241.594
57.1206,186.476
60.125,209.156
57.6758,200.378
62.7834,236.36
60.3622,225.329
57.124,193.45
53.7088,203.815
55.7876,190.688
58.1656,206.01
57.17,201.371
59.1318,223.704
66.2422,230.267
56.0954,207.077
58.826,218.199
58.6216,213.285
62.5334,216.098
58.8682,239.587
59.5648,216.36
55.9416,191.076
58.2156,219.521
57.6976,217.54
61.1126,213.514
59.0694,217.915
59.182,227.158
64.426,258.621
59.1532,228.542
61.2016,235.097
62.5998,248.937
61.8292,222.139
57.9666,211.039
65.4634,234.448
60.1826,224.761
57.8352,220.506
62.862,259.449
57.7236,215.19
61.0456,219.809
56.4346,207.949
55.403,194.069
57.7552,218.163
57.679,203.37
62.0582,218.529
57.8424,199.167
65.5488,241.452
61.4934,222.446
56.9022,213.864
60.3076,221.349
63.4052,238.879
56.925,192.251
58.4188,199.422
58.4318,226.635
58.9058,212.076
55.5832,179.36
59.6392,228.468
59.9842,207.199
57.2666,217.146
60.0864,216.67
59.55,211.208
60.99,228.227
56.0078,207.335
61.6674,217.098
61.0564,227.87
59.7556,219.25
58.3802,212.415
61.6346,224.639
61.333,179.086
59.21,220.557
59.8764,241.231
59.4418,215.22
57.1588,183.919
60.6726,225.655
58.8912,204.548
59.511,206.536
60.7586,248.387
59.024,208.185
56.93,197.861
59.5878,193.061
59.7818,218.485
57.9038,213.9
63.5164,220.992
58.9214,212.232
59.2178,227.585
62.0818,239.635
58.572,216.402
65.6156,234.448
58.0664,205.527
61.3496,233.578
57.4262,218.578
58.7402,210.525
58.9236,225.405
58.0094,220.42
55.3172,200.962
54.4228,188.001
58.402,215.493
67.1962,231.748
65.5746,236.807
61.0852,225.371
63.012,221.485
63.9238,228.556
59.0296,193.127
61.7488,218.319
60.3692,206.251
64.9066,233.344
65.2946,226.036
54.2244,199.474
56.399,226.661
60.0374,212.916
59.8304,222.132
59.6086,216.451
61.4206,215.876
63.8184,220.746
59.599,199.057
57.7932,203.591
63.332,222.77
64.4024,234.248
56.3014,213.869
62.9046,204.934
57.8078,196.309
56.2188,198.88
61.8216,228.159
63.9336,238.275
60.1332,213.2
56.4318,213.603
60.186,222.309
65.0896,236.994
63.7514,236.962
61.5016,202.094
58.518,197.446
55.759,220.984
60.7634,210.986
57.65,222.756
54.4706,193.195
59.4292,202.025
61.6634,227.803
61.1176,226.185
61.0572,232.132
59.9626,231.791
55.0464,198.987
57.1456,193.666
57.4234,176.051
56.8358,210.435
60.563,218.649
65.963,256.352
59.4196,222.176
60.4006,232.996
56.5686,192.92
65.7576,246.814
59.4964,209.184
61.5896,225.363
61.1072,217.909
66.858,224.047
61.5418,217.803
59.2552,197.463
60.023,187.682
61.0174,215.809
61.0884,211.388
59.6324,240.059
63.7494,204.766
57.5616,194.419
56.4246,206.958
58.0966,220.683
56.0386,184.384
57.6378,206.419
59.5026,227.021
61.4522,221.354
57.5332,224.57
58.2442,199.159
62.3762,199.014
59.7434,178.118
57.544,195.071
61.9754,212.678
59.0842,240.782
59.8468,203.439
63.5836,235.921
60.031,219.39
56.7578,205.385
56.0614,177.881
60.8328,216.302
59.2694,207.192
60.1636,210.077
65.1948,229.677
57.2906,192.219
60.6964,238.214
59.2588,209.232
61.133,206.366
59.0742,217.029
61.553,214.318
57.2724,246.689
64.4824,252.828
62.2952,226.694
61.1646,191.615
63.6944,262.841
60.0418,198.84
58.6282,179.519
57.9394,222.174
61.0926,217.053
60.947,203.485
63.0986,243.811
55.256,169.679
56.7652,186.362
61.3612,235.424
57.04,184.071
57.2672,192.276
57.041,215.817
58.2142,221.503
62.2664,198.806
58.8236,194.773
58.6718,215.981
58.593,219.354
57.0898,189.965
58.1838,212.843
60.4484,213.452
61.8892,217.6
59.0196,229.828
62.1072,226.347
58.276,207.413
54.597,222.596
58.7614,215.898
62.8816,232.415
55.3456,170.422
56.8902,201.372
63.2434,228.549
58.4842,217.399
64.2378,203.851
57.8164,187.778
59.883,216.756
57.383,204.668
62.1416,225.539
53.6124,185.226
63.0668,225.668
61.8576,201.505
59.8768,180.821
60.2988,217.703
59.2928,209.805
59.7456,224.725
59.0068,215.363
55.8554,177.93
57.706,188.854
63.0536,228.242
59.4962,216.245
62.204,227.228
59.7556,238.635
55.0908,212.428
59.9338,205.071
61.3742,225.744
64.7044,252.917
59.1928,215.052
57.7822,224.389
63.5376,234.963
61.5324,219.651
62.0478,233.503
61.2032,226.213
58.204,227.929
59.5828,184.21
57.0422,196.014
59.5774,232.448
61.6668,225.356
57.8112,231.966
58.4374,211.492
65.9622,237.046
60.361,219.872
63.256,222.12
55.4272,188.906
61.3122,219.504
60.9622,188.274
61.8772,225.043
60.3884,210.772
58.8212,228.553
59.4466,214.561
69.6932,256.619
60.295,216.511
63.5032,205.145
60.1692,218.477
55.6,205.479
60.3938,190.794
59.2026,250.718
64.1512,228.194
56.6746,183.345
56.5334,181.197
59.2992,219.017
57.1174,233.812
58.1646,219.361
57.4336,167.017
63.69,231.101
57.2296,202.661
62.6324,216.855
55.4736,178.906
63.2576,237.93
56.9796,202.978
57.8824,231.014
58.1312,225.953
61.0184,217.72
59.3946,193.672
65.0868,236.79
59.7142,242.603
58.3444,186.637
62.301,238.698
63.5556,221.744
54.094,193.334
60.6296,214.215
60.4352,196.022
57.7472,228.013
58.6588,180.956
61.0894,204.546
58.547,180.642
60.6458,219.206
58.029,201.697
60.677,223.71
60.8602,231.113
60.5798,203.341
59.9926,201.294
61.561,212.819
62.0114,228.084
59.8114,212.071
59.3352,223.245
58.664,206.568
62.0688,209.888
62.7694,246.419
58.24,215.978
57.5872,211.24
59.096,216.096
62.2426,241.257
55.7926,192.825
58.376,201.934
59.5692,201.181
64.456,251.71
61.951,212.015
60.7804,211.058
61.4772,231.068
59.2208,209.467
68.8046,261.833
58.9214,198.282
57.6372,206.566
56.1966,179.515
57.947,201.172
58.4752,195.376
57.937,187.785
62.8534,248.971
60.333,218.603
57.045,216.902
67.6328,260.292
57.0576,183.036
58.349,186.324
59.3012,202.075
59.0234,228.109
63.4846,225.075
62.1114,219.602
58.1628,207.177
57.1246,169.381
58.255,147.924
63.493,201.98
59.0034,216.903
58.8272,211.47
60.3534,157.241
55.4664,203.979
63.3082,225.617
61.7264,220.89
61.7118,225.353
61.4524,224.134
59.8126,219.018
55.3152,187.148
59.7608,216.019
57.4432,231.883
61.355,231.962
59.693,252.689
58.3592,213.726
57.2038,207.571
58.9214,226.046
59.9806,220.784
58.3118,225.281
61.448,203.47
57.8966,240.219
56.4972,220.557
62.9374,224.635
61.6096,228.899
61.8974,211.879
55.0094,208.17
62.4906,207.034
58.9708,192.12
60.885,207.577
58.1832,222.926
59.4634,181.892
62.6146,211.269
60.3148,195.906
61.0278,238.396
63.541,207.255
58.7102,206.829
58.9914,221.861
59.2822,197.678
62.2654,229.13
56.9742,205.709
56.312,196.452
56.4106,200.973
56.6974,205.301
56.0058,207.558
56.2152,185.475
57.0106,196.202
58.3172,208.458
62.2062,253.047
59.3524,213.785
56.594,185.956
58.9234,206.475
58.7452,217.363
57.071,206.459
57.0536,235.924
62.0552,215.087
60.9984,204.601
63.7154,197.834
59.6474,202.033
57.1498,184.075
61.5768,217.132
63.837,220.79
58.1302,191.418
63.1256,247.078
63.4916,275.42
57.777,196.934
58.5154,217.718
57.19,190.277
61.303,210.11
62.6064,205.473
59.07,195.222
60.5942,200.686
59.2412,207.718
65.5364,220.652
61.4716,236.474
58.3218,193.516
58.5072,236.137
61.29,249.861
57.9748,229.247
64.7446,243.248
60.7404,209.2
60.676,227.969
59.704,214.548
59.2438,211.175
59.4838,194.105
59.6836,200.872
58.1588,238.554
64.352,220.599
58.3424,217.658
56.7456,201.531
62.3936,204.439
58.8448,246.119
60.6096,223.402
58.3162,234.687
59.2542,240.027
58.3848,202.153
57.9734,216.281
57.4322,225.65
61.9208,203.511
58.1228,176.955
56.8888,204.579
63.5316,253.297
55.5358,211.798
56.8774,196.089
60.833,201.382
59.5978,194.98
59.297,219.613
67.698,241.821
63.4198,234.278
60.6322,189.334
59.243,189.191
59.3024,235.873
55.5814,203.781
60.7526,203.14
64.2434,234.941
57.291,194.187
65.92,209.4
57.6944,209.617
54.6908,176.351
55.6348,187.894
56.9562,197.891
57.3644,207.69
60.1658,235.318
64.7086,238.862
60.2486,198.767
57.4252,230.134
59.1272,221.75
60.5944,192.303
61.7792,233.355
60.2218,223.387
60.8802,219.57
56.593,219.541
60.8964,210.357
62.4732,215.536
62.4396,227.501
71.5084,243.577
62.2746,190.331
59.5102,227.528
61.9216,226.156
59.8182,221.224
62.8998,227.877
62.3646,220.889
58.5254,224.878
55.949,185.833
60.2662,225.656
58.4444,210.482
59.6994,235.508
62.7694,228.161
54.9338,161.1
58.265,179.893
61.062,205.894
57.2244,199.192
58.7262,198.425
61.0008,223.709
56.3804,209.53
58.9594,204.511
63.0632,206.608
55.419,212.252
56.6598,211.184
58.0724,208.136
58.9652,227.46
56.68,214.34
59.409,217.336
65.9082,228.474
64.6522,258.216
59.4816,196.732
63.142,221.688
57.9888,224.636
58.2464,197.529
59.6922,209.921
59.4602,200.967
58.5702,237.027
59.28,192.392
59.1618,183.524
60.4786,222.774
64.2108,245.062
61.748,232.352
62.6912,235.57
58.7724,205.148
59.7202,206.935
55.4582,208.369
60.073,227.721
58.5608,222.26
56.0856,210.137
57.8574,199.711
55.9804,216.164
62.635,192.895
58.976,198.212
60.9146,235.194
59.6764,230.811
59.0264,211.664
58.3868,187.247
58.9434,204.5
56.3632,199.828
61.2454,240.877
67.1798,219.656
65.2736,234.193
58.525,193.261
57.898,210.997
61.015,189.301
59.6786,224.269
62.1128,249.517
58.8656,191.093
56.07,215.682
62.9658,245.204
57.5582,194.497
64.248,234.08
58.132,227.372
55.5546,175.136
55.0578,184.831
57.9438,216.481
58.3156,212.82
59.6116,236.088
58.7858,182.499
62.2806,244.331
61.1804,208.034
55.9652,204.981
59.533,187.626
60.4416,224.678
61.1442,239.643
58.9616,242.491
56.9684,199.237
63.0948,230.213
59.2672,232.339
60.617,219.997
61.1778,224.678
62.2516,219.294
57.9508,213.723
60.0416,229.514
59.2002,226.992
57.2856,192.417
58.544,246.967
57.7808,230.527
57.7982,188.864
58.775,226.555
59.978,198.402
60.8578,214.277
58.7174,223.182
58.9436,186.385
58.0322,213.997
57.4662,195.744
57.6746,199.888
61.7642,219.342
57.0218,193.856
57.8768,170.425
60.1824,202.933
58.8642,189.037
64.4162,232.923
61.1758,225.803
58.8968,205.548
59.7106,223.98
56.7716,186.588
56.7862,194.529
59.0096,195.016
62.3098,208.555
56.567,220.73
56.7508,220.362
57.7376,206.334
61.0248,216.455
61.8134,206.137
57.0012,209.249
60.2762,213.175
63.1008,255.79
60.5736,225.2
57.5534,184.511
62.2232,228.389
58.9696,224.219
62.3312,225.8
60.6088,228.494
59.613,235.11
57.5294,217.298
64.366,211.107
62.9062,230.031
64.3726,230.989
61.8626,238.898
57.9738,201.284
56.7398,192.278
60.4352,219.441
58.8434,198.69
58.1546,217.608
64.8362,225.126
57.5392,190.9
58.5426,219.012
61.4846,219.342
55.7856,225.773
59.5462,198.778
62.6522,219.049
60.4004,193.699
62.0082,203.862
63.8632,191.655
60.3412,218.131
60.6724,202.962
59.4238,185.381
58.0446,219.369
55.8344,204.144
57.0996,194.918
62.9156,242.356
60.9348,208.425
61.0532,219.802
58.0742,185.548
59.1628,181.851
55.2924,162.985
59.6936,224.814
55.6744,207.384
61.1446,193.582
60.4522,223.203
61.995,213.785
58.3912,187.528
62.2984,219.379
57.2766,227.256
67.9778,228.509
58.9332,227.199
59.4392,202.188
60.428,210.773
59.7856,208.734
61.5292,208.718
60.8616,206.652
59.2512,195.441
60.4974,220.707
62.2802,198.17
60.2182,218.063
56.147,220.541
61.3074,222.983
58.2772,200.971
58.1526,207.237
60.9794,182.818
59.3212,223.533
56.279,194.147
56.4374,206.895
57.4524,209.707
60.559,226.348
57.3614,185.496
60.0252,203.47
64.7264,234.976
60.916,224.046
60.113,192.848
55.4878,184.589
59.7596,235.817
59.7954,185.306
64.2832,213.201
60.3108,185.982
62.7232,233.504
61.4702,217.171
55.5672,202.39
57.5596,236.835
65.5196,195.86
57.2254,238.332
55.8184,189.022
59.8574,199.492
62.6162,231.239
63.6996,232.241
61.8344,238.701
60.244,243.243
59.8292,207.853
62.4822,209.421
57.7248,218.17
57.8422,187.743
60.477,235.182
56.9018,199.292
61.8596,210.729
60.3312,198.117
56.1572,219.695
59.9354,199.393
61.0934,218.178
61.9052,229.253
64.5488,246.48
59.9024,206.39
57.1198,199.54
58.4654,195.032
57.7458,225.101
55.9028,172.835
57.6562,206.691
63.9496,234.867
63.1522,254.591
61.3746,236.694
59.752,256.407
61.3094,211.743
60.5302,205.895
58.0178,210.26
59.406,203.208
57.7136,202.738
60.4418,205.136
61.0296,214.009
58.3378,215.979
57.6186,199.064
60.7638,187.861
67.2678,242.096
61.9302,212.105
56.0236,195.168
64.079,219.628
55.7638,223.714
59.1958,212.272
59.0404,206.421
63.6022,211.996
62.1958,207.881
58.6812,196.316
57.487,201.773
61.117,219.415
58.2274,215.502
59.2968,188.225
60.346,202.51
56.9312,206.09
63.7758,230.172
62.2264,250.811
57.1832,209.822
59.0314,223.682
61.341,220.291
58.6594,227.843
58.0588,198.582
58.2884,229.48
63.6092,247.339
57.0296,189.646
55.6584,198.575
57.3412,228.086
55.4292,201.648
62.1078,192.99
66.044,245.068
57.5454,212.304
56.6512,226.029
55.149,202.175
57.0562,205.546
59.9576,210.201
56.2604,182.361
61.1494,225.915
60.302,209.467
61.6212,217.74
59.033,220.387
59.9364,215.556
SD
64.0194,159.268
65.117,136.037
70.016,191.326
65.5036,176.888
66.771,164.099
64.5964,174.36
64.9986,153.36
64.2544,156.262
61.967,168.025
63.4466,143.511
67.472,184.661
65.9302,153.547
63.1652,145.009
66.3014,164.884
65.212,180.7
68.5238,192.285
67.4118,168.077
64.37,150.098
66.6232,155.212
68.3646,164.826
67.9974,193.663
66.3896,144.003
69.5104,179.502
66.3752,159.329
63.0816,169.016
65.0512,155.043
63.5206,156.069
65.7124,180.106
67.352,169.301
66.6142,180.317
64.6602,178.894
62.9902,146.272
62.9054,170.882
66.6114,158.188
70.1256,175.031
63.2256,145.768
67.8752,180.883
63.95,141.981
63.43,147.078
63.4026,143.187
64.3388,152.619
63.9032,158.819
63.8506,153.231
66.6434,184.525
67.3938,176.648
66.9524,166.972
64.3452,152.66
64.8606,171.812
66.5362,188.292
62.6966,153.877
66.458,156.482
64.983,161.783
65.9666,160.725
66.5534,171.305
65.8498,160.679
67.0158,163.74
64.83,148.037
67.5848,171.228
66.9646,165.556
65.8314,163.981
67.7312,184.567
65.5612,148.212
67.0612,167.703
65.982,158.176
64.7718,159.847
66.3768,171.803
65.0888,153.944
66.9588,145.18
63.9214,151.553
64.9208,140.094
63.6018,138.879
64.0568,137.316
64.0142,160
65.0648,181.515
66.49,158.427
67.0712,160.971
61.2994,133.4
67.0936,153.287
66.6206,175.781
64.2586,164.527
64.8308,155.217
68.2994,165.447
65.302,160.178
64.6268,163.782
68.2658,169.443
68.064,160.486
63.0668,171.033
65.557,160.608
65.161,168.889
66.651,151.393
63.2056,148.059
69.7506,196.886
68.5286,180.732
64.0672,136.918
62.2762,165.046
69.778,188.426
66.5802,171.909
65.6642,150.594
63.6654,167.978
66.4866,157.815
65.8892,179.719
64.6538,167.762
64.9238,149.416
67.499,177.405
65.4474,152.571
65.642,142.719
70.0498,184.905
63.0908,154.37
64.5812,158.583
61.7166,158.342
67.0572,183.089
67.0782,161.124
64.2108,154.801
65.116,166.927
65.3806,166.993
64.1918,163.252
66.7092,171.515
63.868,148.996
63.5146,145.445
65.991,158.329
64.4508,161.818
63.4964,137.77
66.548,154.192
65.391,165.623
66.4108,163.677
66.748,180.404
68.044,168.779
64.6974,138.311
65.6218,176.299
65.986,184.365
67.3004,179.92
65.8318,149.797
65.7192,154.903
66.6852,177.128
65.6958,158.873
64.3118,169.719
65.672,157.637
67.3422,167.477
67.384,148.174
65.283,167.164
64.198,141.21
62.31,139.187
62.9772,155.56
63.2262,145.445
63.727,167.032
66.0238,168.61
65.9356,145.037
65.1724,149.504
67.0918,173.533
66.0504,159.098
65.483,159.891
64.663,155.595
65.6794,148.244
67.2452,153.056
65.6514,150.629
65.4706,165.977
64.662,152.39
67.844,185.082
65.4154,182.556
66.8188,141.999
67.0526,166.915
66.1716,164.721
66.3782,156.598
66.9514,164.625
65.6416,168.221
63.0948,141.474
63.4576,153.887
66.2812,161.764
65.4816,191.274
65.9882,160.786
63.6364,182.466
69.193,168.735
65.5416,162.589
64.9476,140.751
65.4454,165.788
66.1088,158.369
65.4154,139.789
64.993,185.449
64.5018,151.798
65.1904,166.412
64.591,157.23
65.9976,159.326
62.957,138.973
66.13,169.278
62.7762,163.426
63.6216,147.093
68.4284,163.874
66.0732,154.629
63.3384,164.835
64.0352,147.257
68.5726,179.682
64.6832,149.915
65.5872,155.221
64.3724,157.779
66.2334,166.99
69.172,198.056
67.7808,151.325
62.953,139.326
67.5686,166.315
66.531,168.615
65.326,163.227
63.655,156.783
63.2282,137.958
65.5816,182.122
63.2168,140.112
67.561,176.107
64.2076,185.928
69.9046,188.999
66.7132,159.821
67.0332,185.365
63.0326,143.534
63.4174,159.823
64.2856,167.327
64.7386,144.929
64.9582,138.254
64.935,147.407
64.6576,135.293
63.557,168.704
62.999,125.139
65.5498,175.931
69.3792,167.827
64.7724,169.24
63.3668,134.82
66.374,181.869
63.9328,172.976
68.7198,184.567
62.2392,160.814
68.3664,157.117
66.0068,179.584
65.6468,152.77
62.9084,166.265
66.9308,164.543
68.439,163.315
67.8756,168.693
64.22,162.842
67.9224,191.755
63.776,156.879
63.3374,148.576
64.9528,162.53
67.148,144.856
62.8154,138.566
66.3962,168.905
63.082,155.22
65.7022,162.375
64.2134,147.362
65.3058,158.451
66.7678,165.635
62.4306,141.123
66.913,159.903
66.095,180.879
62.2558,129.978
66.2878,161.274
65.386,174.165
65.5468,145.265
64.1856,147.554
64.3808,180.913
65.459,171.718
65.5366,168.974
65.3046,169.567
65.2848,146.503
64.7542,143.837
66.8932,161.502
66.3256,150.204
66.2364,165.863
66.335,168.638
63.2716,143.166
67.7382,170.629
61.8844,144.617
66.4846,161.067
65.0376,156.978
66.7956,165.695
65.5646,152.41
62.8746,145.489
66.0996,194.084
68.3802,187.712
64.099,157.259
66.4518,192.77
63.5504,147.527
68.4272,195.436
62.4634,168.666
64.3062,162.544
65.2866,170.153
66.8018,162.731
63.231,124.929
65.712,151.835
63.7302,166.333
61.9158,145.532
64.4694,180.073
67.3672,180.106
66.0124,176.162
65.8994,160.064
65.3358,190.32
68.3992,176.286
66.5398,171.967
67.5754,165.373
64.8458,144.417
63.8944,179.715
64.5068,140.353
65.0582,148.828
65.192,138.193
65.969,158.467
67.6054,163.83
65.3412,140.001
67.3874,160.276
66.8944,151.813
65.2622,157.813
63.8214,156.131
64.0298,149.741
67.2562,175.235
65.4208,151.053
71.5478,161.504
66.4308,173.709
69.3154,166.737
67.8334,188.912
63.4092,123.319
64.5468,135.253
64.388,185.094
64.499,148.557
64.9044,146.587
63.1204,153.969
66.7388,166.481
68.1482,176.158
67.6106,183.915
65.986,157.389
65.2754,148.877
67.2968,161.847
66.3472,159.841
67.7832,165.513
65.7666,168.238
66.5072,151.307
65.459,157.037
63.9192,133.552
63.9512,154.344
66.3558,172.831
65.446,155.494
62.8668,166.452
67.0342,161.43
63.6576,128.472
66.0716,160.647
65.6378,154.188
64.709,159.522
64.048,168.612
66.5866,155.578
64.6038,161.58
63.6148,166.518
64.453,156.178
68.4542,185.413
64.4134,173.716
66.4038,165.907
64.1936,164.238
62.1354,143.377
67.0826,163.944
64.9056,168.456
63.7732,151.212
65.1458,158.752
64.5922,144.087
64.5148,160.565
67.0276,165.247
64.5524,153.289
67.1156,199.796
65.2784,144.763
66.2356,152.171
66.9394,180.065
64.3588,156.453
66.3636,187.273
63.898,150.015
71.372,166.322
63.4752,143.116
66.1232,148.398
66.7348,175.789
65.7074,159.898
65.3542,150.998
65.6946,167.157
64.7774,147.122
63.2346,153.641
65.122,151.627
64.0526,145.434
65.756,170.7
67.2544,171.68
64.6608,168.125
63.9646,149.164
65.7552,171.904
63.5522,142.621
65.8032,164.56
63.5292,140.97
62.7092,137.706
71.0352,167.167
64.5038,160.135
67.255,189.777
67.0144,168.411
64.7744,150.504
64.2704,145.743
62.8228,160.902
67.0326,180.849
63.6628,158.392
62.6698,143.783
63.4062,159.786
63.554,167.414
67.5798,179.495
63.2314,148.467
65.0574,169.667
65.0758,159.185
66.9012,165.959
64.0482,155.464
67.6716,155.416
66.6436,177.69
68.8072,180.58
63.2164,142.698
66.127,203.472
67.3946,188.61
64.986,149.742
62.855,134.607
64.2506,157.767
65.4476,158.147
64.6514,159.548
63.8296,161.855
63.8828,146.987
65.447,168.66
65.0296,153.978
66.698,174.525
63.588,140.727
63.4162,138.906
64.756,141.069
67.8434,173.771
66.4208,160.428
64.306,149.356
63.9374,158.035
65.3482,175.264
66.6572,171.691
65.2242,153.169
64.7532,150.412
65.278,171.906
65.732,151.36
65.6244,160.275
67.1958,179.435
66.8056,191.391
63.5766,135.867
68.5972,182.879
64.3548,142.926
67.2254,165.423
68.9332,194.233
64.69,154.218
63.431,147.606
65.0168,145.35
65.156,155.556
67.8328,160.016
64.949,158.58
63.4338,164.89
66.4356,163.52
67.746,166.4
67.2342,174.331
65.8408,158.453
65.5324,158.407
64.3938,151.955
65.689,159.768
63.8974,147.728
64.0304,152.951
64.5314,144.521
67.589,166.71
63.1796,146.388
65.8762,154.205
66.0136,165.706
62.9034,162.278
65.8212,180.942
66.0178,164.283
64.9364,156.837
64.9988,159.1
64.6544,151.024
65.5624,145.153
66.139,162.618
64.796,152.355
65.5562,155.826
65.8828,144.864
64.5326,137.087
66.5976,164.227
62.5182,156.16
66.3144,149.978
65.6144,153.289
65.2492,173.047
69.0032,160.075
65.3544,160.585
64.4006,150.674
65.5646,167.386
65.8056,158.986
64.037,155.219
66.3332,173.486
63.966,158.092
64.1848,164.985
62.8448,150.582
67.1496,150.082
64.6472,140.824
67.8282,168.876
65.0908,161.652
64.0002,171.059
66.6552,157.331
68.7108,173.442
69.4034,173.41
64.852,149.541
65.1552,167.312
62.249,138.467
66.2168,183.951
64.4774,142.248
63.4634,148
67.0466,175.153
65.521,146.924
64.9642,154.918
63.6038,139.854
63.6156,166.59
64.6884,183.552
66.154,157.344
65.6764,159.347
64.7788,163.444
65.2714,144.681
63.8456,154.198
64.7576,170.817
62.2252,144.422
66.3326,163.306
65.824,154.897
65.3124,143.304
64.5212,156.821
64.2988,149.856
66.8622,166.375
65.6074,161.738
67.5924,159.518
66.8724,166.726
64.5006,146.844
66.4054,159.767
64.7112,158.227
66.8366,162.112
66.5688,165.413
66.4708,160.41
68.5632,141.835
63.2968,141.493
67.3422,167.959
64.5458,167.794
66.918,150.274
64.5838,142.214
65.5512,148.996
63.3968,140.978
63.3504,158.802
64.29,172.059
65.7122,154.035
67.0054,175.631
67.9246,184.898
64.5756,151.483
64.8296,166.44
64.0726,143.511
66.4652,143.884
66.4906,156.627
63.9044,143.449
64.7722,179.069
72.1612,184.572
67.1814,153.43
65.5704,154.659
64.7486,158.092
63.374,177.895
66.4686,186.129
65.8408,167.077
68.998,167.522
67.5458,176.594
64.83,174.23
66.2842,168.141
65.2186,149.119
64.4546,136.462
65.5962,171.467
64.6822,156.117
66.7806,164.223
64.881,151.59
68.421,181.65
66.6936,188.595
63.8624,158.501
65.4932,167.401
66.5088,157.523
65.3294,144.76
67.0214,160.113
65.7546,160.862
66.9446,177.836
66.6678,170.235
65.1186,151.021
65.2,153.1
65.1228,160.259
66.0402,154.578
66.8042,158.333
66.6096,162.995
67.9028,201.298
69.3548,193.224
64.8258,147.358
63.8346,153.636
66.1466,157.382
68.0796,169.774
68.4566,178.428
65.2714,131.049
65.077,160.532
64.4432,162.606
63.953,151.554
64.7782,152.305
64.3042,155.736
67.4012,176.459
66.3434,153.318
65.118,161.364
66.2182,153.503
66.5374,148.299
65.2428,143.209
65.3814,174.237
65.0514,158.505
64.0192,136.48
63.4572,149.378
65.1172,151.867
64.0384,152.791
65.1504,166.386
63.745,145.836
64.846,137.383
62.3204,137.187
66.3218,186.282
65.2298,170.62
69.9988,156.644
66.43,167.654
66.5134,172.258
63.9908,143.009
63.7804,161.703
64.3436,148.603
65.1204,160.962
65.0008,182.913
65.0568,152.026
64.7886,136.455
65.9152,180.531
65.171,152.993
63.7514,151.755
64.8032,139.772
63.071,153.544
66.7368,176.068
66.3188,163.04
64.5628,157.106
63.6884,158.642
64.6308,150.478
64.0488,156.38
68.9654,174.11
65.1592,164.145
65.9088,190.627
63.0698,142.428
66.4704,167.368
65.8898,152.723
65.0974,161.832
66.9814,170.576
62.859,167.244
64.4234,166.212
62.661,152.449
62.6944,144.41
65.8592,169.091
65.3602,172.564
66.1524,153.679
64.3722,181.037
65.214,172.013
64.0602,132.341
66.8882,131.548
65.1532,161.002
64.8828,157.591
67.8194,165.792
64.6342,167.795
67.3976,193.665
64.3474,162.956
64.195,152.979
63.1702,151.504
64.9504,150.951
65.1584,141.176
61.7222,138.652
67.0632,150.728
66.129,152.231
62.951,146.874
63.2782,147.971
65.6554,149.945
65.2798,148.092
64.626,151.841
65.0258,142.657
64.6348,151.797
68.0706,162.564
67.4082,178.908
67.444,175.364
64.4256,166.53
65.495,162.226
66.6406,164.292
67.7102,172.901
67.9802,172.455
64.3622,189.072
64.2746,156.393
63.5132,143.596
64.8558,168.248
66.443,168.688
65.6914,177.783
68.0478,161.998
65.952,172
62.3192,153.004
65.683,163.278
66.7178,167.996
67.8444,164.699
64.5584,163.075
66.5434,157.767
64.8806,161.663
65.6426,166.003
63.527,142.412
66.38,161.318
64.0798,162.627
68.7106,167.964
65.4308,156.711
66.0808,149.71
65.2436,149.021
66.446,150.015
65.708,165.289
63.7194,142.182
63.7452,152.139
63.6558,143.863
66.6098,157.159
66.3844,158.645
65.0008,147.093
65.7492,176.071
66.9698,149.849
63.17,154.906
62.2544,150.734
64.6678,154.886
64.8602,166.817
65.7648,172.439
63.6694,146.864
66.14,153.296
65.1054,146.964
66.2682,152.868
65.3944,161.915
63.5028,154.057
63.3286,153.206
65.697,162.203
67.199,171.857
67.289,185.464
65.4544,150.212
62.5298,130.615
65.765,174.146
65.2488,142.845
65.5674,155.603
63.6488,137.438
64.1358,167.504
65.0256,163.803
66.8092,183.188
65.574,166.404
68.7008,161.225
65.1102,162.36
66.0804,167.093
65.3852,151.337
65.8956,152.127
64.7996,155.451
66.816,167.524
64.6746,151.604
64.4428,151.926
64.9152,180.708
62.8572,155.117
65.4642,181.564
66.0688,161.425
65.887,182.774
66.3756,160.739
66.1336,137.241
65.3248,170.279
66.7936,158.998
64.9978,171.502
64.2164,147.533
64.3688,166.22
67.2326,161.783
64.2858,150.634
65.8622,162.024
65.6822,145.796
70.176,167.484
65.799,170.572
63.2854,158.91
65.9368,171.034
67.3274,159.23
64.7396,158.595
65.9882,160.196
66.864,191.543
62.628,144.608
67.158,177.885
65.4926,161.627
62.6404,153.789
63.7128,146.7
68.1444,160.751
63.9544,142.766
64.7074,160.979
64.4856,188.535
64.6674,155.94
63.0338,165.248
63.7678,130.527
67.8828,164.255
65.304,169.432
66.324,160.571
65.4916,166.45
65.7572,155.786
64.0834,155.46
67.914,165.21
64.7894,155.241
64.1204,152.009
67.6218,157.273
63.4862,159.033
69.0202,189.105
66.101,169.22
64.9432,150.667
64.726,165.729
63.5944,127.08
65.2016,151.698
65.8796,182.751
65.3674,155.58
70.5516,196.117
67.9092,175.56
65.857,167.738
62.7222,146.736
66.821,163.417
62.729,143.755
62.9118,129.829
62.1254,145.659
66.3006,177.132
63.877,155.298
68.4994,183.29
65.2348,152.919
62.8824,164.62
64.7288,183.58
63.1998,140.298
63.9926,156.167
65.8336,174.598
65.699,160.261
64.5778,157.23
65.3208,148.486
63.336,147.845
64.7246,151.82
63.5356,148.295
64.7326,149.339
64.4984,157.092
64.6658,157.191
63.4362,156.91
64.1942,158.583
65.501,155.025
66.8972,166.24
65.186,157.405
65.043,163.235
68.63,167.13
64.1996,128.281
63.6374,154.27
67.7352,166.735
62.9158,154.306
63.0828,139.453
65.9554,150.343
61.6602,157.489
64.5726,145.448
68.1182,148.929
66.6908,162.883
65.8368,156.111
64.9984,147.186
62.9614,142.547
66.2302,138.81
66.067,178.721
63.5464,148.428
66.0456,152.396
63.2394,160.312
65.4678,157.552
67.6036,162.105
63.529,164.696
65.8292,171.68
65.3466,138.976
63.6716,161.858
65.4582,154.281
61.958,149.576
66.3978,153.481
65.1946,143.908
65.1812,154.057
67.9152,162.791
66.2334,149.633
63.8758,156.918
65.814,173.775
67.2828,160.895
66.6534,141.41
65.7078,160.682
63.6642,168.439
69.876,152.29
64.5416,159.343
65.1336,165.673
65.8448,164.339
63.554,162.311
65.999,186.729
64.2626,168.104
64.9834,138.89
66.191,160.571
63.7588,131.635
64.3804,176.3
66.4396,155.542
69.8032,179.563
64.7498,155.988
66.8288,167.964
64.4952,164.041
62.3086,144.187
65.1926,147.505
66.1418,155.712
64.6946,154.69
68.6642,168.761
66.9452,168.15
65.942,148.645
63.5862,153.891
67.851,172.344
64.3152,147.599
63.726,147.619
69.5826,165.326
69.9856,192.905
65.7938,165.71
65.2742,147.507
64.5548,144.187
68.1368,174.442
64.6634,137.447
66.1626,156.297
62.7266,146.261
64.047,146.432
69.5598,195.167
64.0728,169.028
65.4494,165.992
70.0764,161.279
67.387,156.878
63.2224,146.954
63.3962,154.559
61.6052,164.904
64.7256,154.924
66.3348,145.547
69.9384,169.148
66.5694,162.229
64.7294,163.311
63.9166,166.542
66.3302,136.613
63.168,148.163
64.1488,164.089
66.0638,170.718
65.6074,146.492
62.1528,151.187
63.344,143.792
65.3054,163.571
64.829,155.548
66.1842,164.183
68.057,191.673
65.6666,140.913
64.8586,157.521
64.9392,124.306
66.3792,160.441
68.5432,163.293
65.7688,157.852
62.9054,158.575
64.654,156.211
65.1108,163.812
64.7612,152.943
63.1698,152.582
66.9496,151.941
63.918,161.942
65.2248,153.626
67.9,158.399
65.8106,171.267
66.5476,162.34
64.1786,155.618
67.3144,175.54
64.9584,153.409
66.6572,174.92
63.3858,146.66
65.2318,171.047
64.9782,150.583
65.3186,162.778
65.034,159.812
65.4064,152.564
63.599,158.403
65.8974,167.895
66.7312,171.864
65.0658,152.029
63.1552,144.534
67.854,160.861
65.8324,157.065
65.1242,158.112
65.8554,176.211
62.5012,135.694
65.2708,160.638
63.8314,136.759
63.205,135.683
66.1844,149.714
66.973,172.369
67.9466,142.617
66.3146,163.933
65.6502,167.52
65.2308,150.073
68.2236,182.012
66.5688,161.831
65.7962,161.418
66.0444,154.374
65.4534,161.134
65.0128,155.944
67.4204,167.599
62.5318,151.043
64.2404,130.771
63.4924,140.042
64.4714,148.271
64.4028,142.6
66.4098,175.546
62.359,149.328
66.8896,173.566
67.8658,177.672
66.7052,178.57
WO
54.4654,298.127
54.453,288.53
54.4844,292.15
53.6376,277.642
58.3578,282.858
54.7412,284.647
53.8862,306.504
56.2658,285.715
56.708,291.483
58.223,287.858
52.5076,287.322
51.761,287.451
56.385,301.019
52.5266,266.929
54.543,288.292
52.585,297.329
55.21,294.885
56.6708,297.925
54.7582,294.005
55.1834,293.66
55.5146,287.413
56.7764,325.126
58.1186,292.153
63.1838,296.121
58.2206,307.813
52.9764,282.234
55.359,305.598
50.7378,273.22
52.7016,262.264
54.9606,304.318
54.6122,306.531
53.6826,292.19
57.8544,297.992
54.817,294.17
53.5688,289.897
57.4938,305.841
55.3928,294.34
57.7252,303.947
59.2972,287.351
57.0866,277.267
57.7618,310.167
55.6796,292.339
55.5752,287.954
55.0042,299.615
58.0634,304.72
60.4112,304.965
53.0866,289.945
53.9046,287.709
57.9474,311.612
54.5146,291.037
54.9844,303.531
55.7564,306.278
54.837,285.187
58.0752,303.941
54.1374,317.298
58.1394,316.441
52.1406,272.223
57.3778,304
51.7176,267.13
53.1008,289.728
54.7184,303.33
53.0422,284.314
53.4392,291.307
56.2136,279.737
57.341,285.89
56.0808,291.685
54.9578,295.963
57.191,328.996
55.117,302.556
55.2088,293.465
55.6392,289.6
54.8718,297.859
58.788,295.551
55.6568,303.584
54.4432,295.035
54.8218,286.884
51.4248,288.799
56.4496,294.706
55.4306,295.941
56.2112,294.467
56.5846,309.576
57.562,299.83
57.7828,303.988
54.4012,292.666
56.131,279.661
57.5032,277.676
53.4212,293.209
52.2484,284.053
51.3616,275.501
55.9884,277.557
56.2336,295.1
56.7484,317.783
55.304,298.508
55.3148,302.871
52.259,263.596
55.814,286.003
57.5632,312.331
54.0638,278.215
56.9686,306.021
55.9318,284.128
54.4998,293.265
51.7144,271.845
56.2454,292.044
57.8746,287.604
53.994,270.961
58.3388,318.078
56.06,322.655
54.6402,303.308
57.2018,294.314
55.1606,290.546
56.4958,285.486
54.656,288.828
52.608,308.002
56.894,299.298
53.684,291.521
54.1904,294.565
51.779,286.94
54.0408,277.496
52.2548,272.57
51.3826,278.586
56.0244,301.332
56.6544,289.204
56.1184,289.464
54.689,297.008
51.8546,301.092
51.4484,265.881
59.9764,312.057
54.855,300.913
55.12,313.579
56.7732,304.601
61.3362,313.531
55.883,290.237
54.268,312.718
55.681,306.043
56.3016,264.894
55.9126,304.432
53.8508,296.609
51.7996,284.95
51.6608,277.032
59.5296,311.049
56.3352,282.217
53.3848,274.34
53.5238,280.627
53.9348,291.852
55.3462,287.995
58.46,309.446
58.2458,301.217
57.2644,298.041
57.146,286.065
53.0638,272.765
56.0822,285.438
58.0224,308.19
54.2956,294.855
54.42,302.976
53.885,307.233
53.9416,303.751
56.0654,276.748
54.2448,296.01
54.6112,295.324
56.0798,286.379
52.816,283.163
57.1028,302.301
57.5344,314.291
52.308,291.177
59.742,307.543
57.2414,299.952
56.38,294.653
54.0874,306.113
57.135,299.48
54.5174,285.181
54.0664,287.533
53.2552,290.925
61.7338,293.895
57.329,317.599
59.8382,294.841
53.3484,281.802
53.027,296.092
53.3854,281.653
52.2158,277.418
54.4776,287.054
54.662,297
53.6138,299.806
55.4842,309.645
57.7518,284.806
53.717,309.685
56.6956,293.279
56.0514,289.809
54.357,297.106
57.396,314.687
55.256,313.972
55.0012,287.731
55.2774,291.009
55.4916,305.364
51.287,266.431
53.986,299.805
53.4352,293.085
52.417,286.434
55.5444,286.33
57.995,288.741
56.4352,298.428
54.5092,277.195
54.5396,304.901
56.0614,296.624
58.5182,317.004
52.6374,289.204
53.1738,289.81
52.088,262.023
54.1024,290.3
56.4878,314.241
54.1464,294.258
53.7508,267.341
55.7986,297.834
57.0522,292.308
58.8566,294.305
55.595,301.44
54.3846,287.13
53.4402,302.608
57.039,310.42
58.5066,321.081
54.2744,303.731
53.9764,293.925
52.67,280.323
56.7638,299.914
56.6858,323.027
54.75,280.754
56.1488,292.466
54.6632,300.664
57.8698,305.032
56.315,294.596
54.9686,285.129
56.7018,321.835
53.175,295.123
52.6598,273.739
58.5792,295.328
52.6868,266.006
58.3406,314.712
52.6124,301.086
56.5622,295.465
55.9684,302.282
54.6074,297.782
56.1284,292.413
55.4074,303.801
55.351,311.291
55.8238,308.946
54.7992,281.624
58.7898,310.592
63.6198,283.301
59.2728,317.709
52.9664,278.653
51.6802,304.839
57.9374,292.778
54.1104,274.162
54.9732,298.35
57.436,292.635
56.321,311.319
59.3378,315.558
59.812,305.184
53.9778,300.653
54.4388,291.527
56.8726,291.87
54.766,275.13
54.299,281.401
55.471,278.452
53.1034,280.777
56.492,287.09
54.2812,305.406
53.2864,276.719
54.6864,289.462
56.0782,304.84
53.0732,286.75
53.9028,274.389
60.5658,314.845
56.064,291.677
53.9658,264.968
57.3862,310.565
59.525,313.515
51.6608,306.238
53.8712,295.697
58.1736,298.493
54.7356,317.255
55.6232,295.682
57.3186,295.692
57.8886,309.355
54.0468,310.854
58.0574,304.225
52.4932,296.17
53.6416,294.12
56.5482,294.941
55.4098,287.626
56.1996,303.409
55.0556,292.072
52.9048,302.314
55.3502,311.572
55.5988,284.11
53.6712,289.568
55.054,301.425
53.737,307.133
54.7612,260.891
56.417,315.579
52.2016,271.44
54.0936,311.97
57.2162,287.554
59.7154,318.006
54.7824,293.401
56.4782,300.08
54.2602,278.544
56.8378,313.132
53.7446,284.665
57.5988,312.024
57.2676,269.257
53.7056,305.639
54.204,288.818
56.1054,299.332
55.6432,284.015
58.7634,292.643
53.1202,300.359
59.127,292.712
55.8908,295.532
59.2296,301.114
55.0052,300.217
55.0744,299.11
57.1888,307.802
55.4302,297.095
54.9938,293.165
57.266,298.11
56.4302,301.198
51.0884,285.805
59.4318,305.2
57.8428,307.549
55.215,284.99
56.1672,297.419
54.8672,287.616
54.8826,290.633
50.48,278.182
57.2042,308.267
54.0092,290.803
56.8086,291.718
59.8322,300.92
55.1484,295.916
55.366,287.326
55.0984,297.764
54.9182,292.083
50.994,263.521
52.4452,290.544
53.7792,274.4
51.9452,293.56
54.5576,301.885
55.598,301.47
53.922,298.742
53.6958,305.154
58.5688,311.961
54.99,307.062
52.518,301.636
54.5194,310.833
58.2002,298.992
55.5086,292.041
56.382,274.348
53.9772,286.259
54.6198,281.758
55.1532,276.757
54.0274,289.483
56.4286,304.137
53.0414,295.324
54.5306,298.041
55.8922,313.469
57.8874,300.238
56.5788,285.966
57.9484,289.525
53.8484,287.781
54.996,298.667
55.5338,293.935
56.2906,299.754
54.026,295.666
56.3268,288.211
53.0042,265.008
58.2966,289.422
57.5374,289.064
55.3776,300.632
53.3078,271.577
57.8338,294.182
53.6982,308.633
58.6472,322.297
53.2528,288.794
54.3814,294.695
56.6354,301.959
52.7096,267.051
53.2582,287.832
55.82,297
53.2906,289.747
54.3952,286.048
55.6648,312.687
54.6502,284.877
52.8528,294.968
54.2702,286.335
55.7528,307.585
53.608,284.241
56.0318,264.902
56.3286,295.121
55.8722,284.648
57.9494,291.472
54.2594,282.698
55.9774,296.202
54.342,307.594
53.857,299.435
58.7014,285.079
53.7494,298.359
54.2474,298.286
59.5492,284.337
53.6754,289.245
55.582,298.071
55.4744,296.177
50.3222,261.696
55.8584,288.666
57.4944,329.591
59.5032,315.089
56.1846,315.234
55.7902,305.423
55.9966,302.495
55.4784,292.386
54.5136,275.119
54.2548,291.571
55.0846,303.425
53.9102,300.252
56.5374,288.436
56.1096,285.621
53.9982,290.413
55.1032,327.72
56.045,294.531
55.7636,269.59
54.4916,298.946
55.2078,293.656
56.6228,291.713
53.7536,285.027
56.2484,306.583
54.9458,288.04
55.9142,298.103
54.1704,298.487
55.5098,283.531
53.4458,286.591
51.6156,293.478
59.905,298.627
53.8082,304.56
56.5212,296.842
53.8678,276.909
52.2238,271.055
62.3018,305.957
55.5008,288.727
55.856,298.787
53.7788,285.155
56.2016,310.164
54.4824,302.75
55.6528,300.964
55.2638,289.536
53.929,294.884
54.4716,293.22
55.7138,295.453
55.2636,303.993
57.4636,306.623
53.4402,276.693
54.4698,271.658
53.4076,324.881
53.6574,288.183
50.6464,277.668
55.7974,299.476
57.8352,293.012
54.4262,288.521
52.9966,289.368
53.328,289.696
50.0272,278.182
52.8508,281.423
51.7546,269.239
53.1678,277.926
57.8008,301.138
58.6684,295.757
53.0562,295.226
53.3862,285.554
56.9108,306.942
53.7222,282.222
56.137,303.676
54.7436,290.075
56.4542,292.448
54.5108,301.386
54.644,297.171
59.1874,301.554
53.9138,282.075
53.4736,279.809
54.7746,285.727
52.8954,294.99
55.4418,286.14
53.544,299.222
60.7204,307.864
58.2014,311.438
55.9454,305.199
55.6492,290.384
53.7366,281.405
51.5484,286.213
55.3192,281.263
59.6776,303.633
57.197,313.847
53.5424,291.527
57.1622,307.895
55.2436,297.12
55.502,295.175
55.3836,289.285
56.0784,285.228
56.4138,304.413
55.6732,310.679
54.487,294.96
53.6196,274.736
51.9316,271.567
56.3218,292.766
54.548,292.035
56.7256,315.622
57.021,322.436
57.4578,307.746
53.0852,287.92
58.6248,307.54
57.8484,312.947
51.96,272.391
55.8716,285.42
52.3414,303.447
54.6582,291.753
57.688,312.531
55.9536,305.102
54.8444,308.847
53.2882,293.777
54.548,279.86
54.0714,278.859
50.8634,273.975
55.449,270.77
58.0958,306.237
57.5532,291.965
58.3616,312.913
54.5906,308.479
55.2704,308.968
54.1152,289.065
57.9758,306.221
56.677,282.999
52.5774,284.547
54.9482,275.126
57.3236,300.334
52.348,293.888
53.2968,295.591
54.576,317.073
61.1914,334.969
56.5924,267.76
51.6854,296.277
57.6492,312.462
59.1002,298.057
55.7536,301.212
54.2602,291.014
56.3542,284.906
53.7398,297.687
55.876,296.069
54.6068,268.034
53.3134,303.252
53.4014,311.96
55.468,291.169
55.559,306.562
57.6046,301.411
55.785,291.655
58.6686,295.994
53.868,269.177
53.0852,315.662
52.9904,293.559
56.7478,308.511
59.1036,310.082
55.3692,300.722
53.8238,279.796
54.6714,313.531
54.0678,322.114
55.686,289.899
53.382,290.33
55.96,310.013
55.2824,295.446
55.2326,271.941
55.4696,287.529
55.295,296.218
53.0934,269.148
54.86,282.744
57.1808,315.656
56.4036,296.954
56.1088,287.782
55.7562,308.302
55.2128,280.076
55.282,289.394
56.498,292.262
56.7722,285.022
56.426,299.984
55.6542,295.914
56.154,302.255
53.9516,279.429
53.6988,290.412
54.257,277.409
53.357,290.769
60.0678,283.121
52.9198,271.758
54.9352,287.549
55.9176,299.949
55.8282,305.737
55.2768,299.881
54.367,287.025
54.9798,308.154
53.4832,280.848
52.2696,263.672
52.418,279.516
54.1868,272.964
55.4616,302.981
54.8698,289.284
54.4448,281.246
55.4356,300.124
52.8864,287.029
55.5798,291.11
57.3354,296.798
54.3082,289.514
54.1104,292.549
55.7386,303.579
52.7766,290.239
53.3864,297.315
55.75,292.844
54.9404,299.229
55.353,307.647
54.3376,302.948
55.0714,291.702
56.3076,307.499
55.5184,284.796
56.863,289.694
52.8552,284.85
56.5464,294.781
58.9148,294.39
54.0356,284.556
60.6402,301.704
56.251,307.802
54.9216,282.519
57.2312,278.22
57.4602,286.853
55.7094,292.544
52.4314,295.736
53.4958,276.492
54.5958,289.12
53.8656,305.401
52.607,298.824
55.3718,281.495
53.8848,277.443
54.4952,312.081
56.5042,305.429
54.6978,277.401
54.6768,301.29
54.4488,303.709
53.7004,301.414
53.845,288.953
58.2542,306.53
54.7696,303.028
56.229,315.948
57.0364,282.702
55.0582,293.098
56.7382,299.777
56.3638,298.255
52.3364,276.107
57.4484,300.523
56.4194,313.189
54.0402,293.591
55.1772,309.286
55.2348,291.363
55.8928,288.24
54.1224,267.833
55.6958,292.834
53.0758,278.399
56.484,314.887
56.5484,303.769
55.4098,292.924
56.9792,309.77
56.1768,314.725
57.9484,318.847
51.4434,273.025
54.3234,282.129
55.0456,289.686
50.9458,287.634
55.6924,291.281
54.316,282.328
54.3748,304.596
54.6264,287.988
52.4862,287.612
55.875,268.089
52.1706,293.658
55.4562,279.047
51.0064,271.652
57.125,293.386
53.7734,298.559
58.9432,315.728
54.8592,304.018
53.4292,282.866
56.9868,307.059
60.5242,289.428
52.7052,273.923
52.945,280.428
54.1326,301.716
57.6884,294.08
56.4844,291.176
59.0238,307.774
55.9646,328.437
56.4562,310.096
58.1492,297.197
52.052,275.782
54.9234,279.99
54.2276,269.113
54.109,295.068
58.7522,297.172
51.127,279.171
54.4938,287.886
53.7464,291.111
53.7754,289.971
52.8018,281.993
53.0952,295.057
57.6906,293.002
56.4732,310.351
54.9308,300.38
53.9106,289.959
54.1656,284.642
56.3258,289.331
55.74,285.103
56.8708,308.565
55.2852,296.926
54.0626,276.103
54.4186,288.032
53.4288,280.715
53.7016,296.062
57.8534,295.399
51.6772,278.264
57.2972,306.489
54.5814,290.176
54.5638,308.562
56.7638,301.819
55.3358,289.853
56.5118,292.733
54.1754,302.246
53.367,289.03
50.8784,270.115
55.8548,285.071
58.0176,287.378
54.3922,318.665
56.2738,299.048
56.452,287.662
55.579,292.37
54.454,300.707
56.8764,299.213
56.0792,254.699
55.8512,275.779
54.8226,293.745
55.6384,286.222
54.9166,282.203
55.4132,305.336
60.3542,316.614
60.5182,306.701
55.9568,301.922
56.4032,299.557
57.5416,304.596
53.6256,302.809
60.093,297.004
54.7864,301.928
55.0766,268.737
57.8478,310.58
57.7808,314.294
54.5912,286.841
55.8594,330.687
56.4676,309.392
54.5302,283.4
54.1734,298.201
55.6082,284.172
55.328,293.145
52.7074,282.888
55.6884,293.608
52.6666,290.213
54.0858,299.489
55.1942,282.734
52.6936,294.239
53.245,290.535
57.543,303.186
55.2044,283.593
54.7062,288.772
56.5754,281.722
57.7864,304.855
56.0196,298.416
54.8144,293.002
55.8756,289.191
53.6696,271.14
55.6494,302.343
55.7258,283.652
58.4822,312.571
55.9704,315.799
54.5754,298.235
54.3632,284.913
52.8224,255.713
57.5054,295.542
55.3516,276.761
52.0424,286.894
55.9176,290.056
52.6346,307.863
54.9816,302.383
55.2266,308.935
59.1864,296.263
54.7162,282.725
56.451,304.613
58.2484,303.403
55.2082,290.046
56.9698,305.661
54.2278,309.748
53.2594,301.892
56.582,291.188
56.9876,295.429
55.9582,303.472
56.794,310.307
59.1754,294.93
58.0894,305.293
57.636,296.381
55.95,290.221
54.463,286.002
56.7284,288.117
52.7842,303.18
53.1708,269.768
56.6226,287.666
55.7666,290.631
55.8132,304.912
55.6364,290.901
55.6258,311.953
54.832,304.99
55.9464,305.147
58.535,297.522
55.6118,296.206
56.5296,300.139
55.1838,293.609
59.1388,307.782
54.2962,292.438
52.4048,286.066
53.7722,257.342
59.6042,297.142
54.4462,279.457
55.9238,284.117
54.0066,291.709
54.401,283.158
54.101,291.497
58.6316,300.689
57.7388,300.078
53.1832,303.74
57.8242,298.58
56.849,313.62
54.7662,297.739
53.6654,297.237
58.2154,292.884
56.7688,291.949
51.1074,264.002
54.2454,299.816
57.5212,296.42
55.1474,303.091
56.9482,291.426
52.957,289.178
53.8934,273.146
53.3124,304.633
54.727,297.102
56.6786,307.895
52.6164,295.08
54.4032,269.344
54.2204,292.636
57.2972,298.804
53.7566,289.656
54.1704,287.031
57.0596,288.951
56.1706,302.7
54.2396,285.323
51.9218,256.672
52.7912,289.494
54.5044,305.699
55.6542,298.305
55.7736,279.751
56.2122,303.394
52.9908,288.617
54.8108,284.625
57.7176,305.115
56.3494,277.423
53.6838,293.774
55.1978,318.424
57.2128,311.459
57.3216,303.126
53.294,268.839
53.2264,269.889
56.2256,289.573
54.2846,297.129
52.5056,284.893
52.0682,284.029
57.8874,306.033
55.9928,302.683
52.7164,297.473
56.2134,288.239
60.2704,285.417
59.333,316.153
51.9784,280.2
55.8882,300.754
54.7848,285.796
54.1428,284.305
56.3702,296.925
55.4364,289.541
56.6362,317.79
53.1446,295.598
52.6724,289.082
50.0362,286.834
53.748,308.796
53.2164,280.913
54.6856,292.79
53.3506,278.838
54.659,303.388
54.5868,304.521
54.363,285.407
52.9918,280.353
59.1824,297.641
54.731,296.018
58.6386,305.447
54.4804,293.45
56.6656,302.762
55.5672,313.025
51.8734,284.79
55.4474,288.902
57.8568,304.613
54.749,297.279
54.8412,297.96
50.775,249.238
54.126,285.844
52.516,290.654
55.597,294.274
52.6466,284.476
55.3062,309.406
58.8214,304.9
54.9174,302.429
55.075,300.339
57.5482,286.066
55.0986,293.779
57.6478,299.07
54.1888,278.409
56.1196,304.082
53.3614,297.716
55.0958,300.303
56.4052,312.003
55.0442,296.011
57.91,315.239
55.177,298.146
53.6912,296.262
53.9724,274.484
52.9002,282.267
55.1816,289.823
52.5194,285.098
55.5942,309.328
52.309,285.301
55.3876,298.633
54.7616,303.336
57.3308,292.044
53.6026,293.622
59.011,309.425
55.4272,299.667
52.8434,273.448
53.9446,287.433
52.8652,284.794
57.4026,296.944
52.0886,283.967
52.1088,275.126
57.9434,283.478
56.3478,296.585
57.0176,323.734
55.9852,304.898
53.6628,284.711
56.551,292.018
55.0626,308.65
63.159,290.353
52.885,281.571
57.2266,298.472
54.2458,285.665
58.1428,311.285
54.1342,307.853
58.024,283.531
54.3314,294.662
56.1716,293.572
56.1374,289.687
56.126,319.115
56.8504,304.15
55.69,277.735
55.0748,284.788
52.655,283.855
52.771,297.953
55.6408,314.585
51.9014,267.357
53.2324,279.068
55.2278,296.978
51.6438,276.564
52.9064,288.491
56.497,313.554
56.033,319.782
56.8442,299.689
56.8754,309.19
53.691,276.47
53.6624,288.808
55.2464,306.411
59.0894,304.265
OPT
45.8684,99.515
45.7752,121.963
45.6358,103.03
45.6204,98.5523
47.6726,120.429
45.5266,94.8759
47.343,110.503
45.1332,107.009
45.3642,95.9995
46.4742,110.222
46.6148,122.853
45.4514,106.601
46.2866,109.864
45.8208,113.327
44.881,101.131
46.455,110.775
46.8262,124.451
46.3058,103.977
45.9954,101.706
45.926,109.546
45.3908,97.7858
45.203,101.996
44.9908,124.596
45.819,101.269
47.7726,110.066
44.768,103.847
45.1754,96.5719
45.9962,104.729
47.557,118.642
45.0002,99.5504
45.8974,103.108
44.9454,98.2207
44.7272,95.1024
45.5704,115.501
44.7986,104.105
45.911,108.576
46.9522,115.719
45.759,111.962
44.213,96.2782
45.8764,100.75
45.4828,99.7812
45.388,107.852
45.601,108.656
46.5844,110.976
46.757,114.625
46.1054,107.974
45.475,106.259
44.7532,116.345
45.3664,101.633
46.4968,107.373
44.8582,102.967
46.0532,108.243
46.0174,118.108
46.424,113.535
46.1498,112.363
45.4766,103.609
45.1218,109.504
44.6394,95.1788
45.819,94.3986
46.1182,111.804
45.639,101.91
46.2868,138.728
46.2946,108.504
45.2744,116.943
46.182,118.95
45.951,112.102
45.6188,109.642
45.433,100.487
46.6506,100.119
44.1378,100.455
45.9344,115.045
45.5812,105.86
46.102,92.8199
46.5112,127.082
46.3416,103.969
45.4512,109.168
45.739,101.49
44.0308,87.7646
45.063,100.282
46.6858,113.105
44.4934,96.2271
46.3426,115.917
44.946,97.2256
46.9062,126.98
44.3742,91.052
45.8348,109.434
46.4764,117.593
44.4132,103.368
47.328,124.026
45.7084,106.592
44.586,111.084
47.0526,122.113
45.1974,111.509
45.1834,109.124
45.3396,109.985
45.9934,102.595
45.7784,96.8557
44.939,105.57
45.4338,102.812
45.0894,105.634
44.9758,100.924
46.1922,116.879
45.8924,102.275
46.8682,116.324
46.2666,114.082
45.4672,112.064
45.336,100.253
44.6928,96.3357
44.7022,98.7222
44.7482,101.205
46.0582,116.111
46.7376,110.641
46.3574,99.4082
45.9616,102.596
44.2192,108.656
45.4236,103.102
47.3182,117.858
45.4068,101.793
46.2758,127.935
45.4046,104.878
45.0806,91.6037
44.436,108.717
46.3532,101.424
45.2072,104.069
46.1266,104.388
45.269,106.667
43.9108,98.6866
45.6034,114.248
45.7304,103.073
45.3268,106.958
45.2632,119.307
46.6166,118.094
44.7154,96.6978
45.531,112.993
47.0828,120.634
44.8396,90.1986
46.5082,103.859
44.8328,97.3232
45.4712,114.344
45.506,109.901
45.402,105.087
46.4034,112.839
45.594,108.617
47.6314,117.289
45.6722,92.6641
45.9588,91.1766
45.9004,99.6495
45.4412,106.145
45.1006,104.857
47.3992,112.411
45.7446,118.404
44.8988,120.214
46.4866,115.981
45.6114,93.2454
45.194,109.465
45.9194,105.096
46.549,108.348
45.07,101.404
44.736,103.638
45.9924,121.945
46.8852,110.406
45.9102,113.236
45.5474,102.809
46.2404,95.6147
46.6006,116.652
47.2734,129.141
45.1764,104.356
45.8094,127.828
45.4288,99.7796
44.2638,96.5929
45.6986,100.349
47.6886,125.962
44.9516,104.924
46.3194,96.1261
45.7936,107.562
45.7206,116.513
45.882,98.7463
45.8702,101.636
44.8214,111.21
46.4554,118.303
45.2122,99.6678
45.0624,112.865
46.0414,108.643
47.0526,124.224
46.8956,118.618
45.8434,94.9167
46.0852,120.143
45.0974,100.172
44.5006,99.79
46.1004,94.6495
44.2108,106.887
46.4824,111.87
46.06,98.7216
47.7718,118.772
47.1144,111.487
47.048,115.089
46.3066,112.693
46.8154,112.242
48.3128,117.24
46.4192,110.871
45.3956,104.666
45.6344,109.031
45.3276,105.725
45.4012,102.575
43.9742,98.5205
45.7298,100.253
45.9758,114.001
44.5316,110.218
45.0576,95.0511
45.5026,102.879
44.7532,106.716
45.0152,91.5541
45.531,118.05
44.7078,96.308
46.152,99.8683
44.3084,105.23
46.811,117.199
46.7396,99.0781
46.533,117.933
46.1452,108.308
45.475,124.558
46.327,113.545
45.6132,111.662
46.0286,109.678
47.0396,116.273
46.0656,121.999
45.3132,105.926
47.0778,117.735
45.7522,116.513
46.0452,106.227
46.4356,119.707
46.9948,125.707
45.0452,107.187
46.347,106.685
47.7712,111.925
44.1464,98.9151
45.7274,116.001
44.8174,101.308
44.865,91.383
45.0896,107.864
46.9546,111.68
46.85,109.772
45.055,104.265
45.3038,105.667
47.31,100.51
45.6312,97.6726
44.0012,100.079
45.6408,120.318
45.974,106.939
45.7114,106.576
46.759,107.565
46.2586,119.326
45.5472,107.598
46.4808,108.703
45.7784,108.874
43.5624,91.9209
45.6514,99.8436
46.5414,102.335
44.9772,97.7763
46.3182,118.144
45.3268,93.5245
46.2024,106.878
46.2064,110.206
45.6268,95.0663
44.6524,102.701
47.2904,120.695
46.438,109.057
45.9424,117.837
47.1102,109.882
46.7014,119.386
46.9626,120.728
46.0748,116.34
47.122,97.6242
45.5456,105.534
44.7862,99.5976
44.1028,103.612
44.8842,100.482
46.4252,113.234
46.917,121.749
45.5808,99.4756
45.5364,98.8344
44.6726,111.275
46.3086,109.654
46.7458,113.455
46.4602,101.478
45.5754,100.439
44.8462,91.5066
45.9274,112.182
46.1334,105.21
45.4978,113.101
44.7356,97.5338
44.7024,106.57
44.84,110.513
44.3738,100.136
44.8258,100.905
45.784,107.191
45.223,111.292
46.336,110.855
46.8774,108.361
46.9584,112.115
45.1416,97.7943
45.5092,102.846
45.8594,108.16
46.034,102.241
45.174,101.308
46.255,111.874
46.1124,108.282
45.2852,105.451
45.8958,106.409
46.3736,112.904
46.1524,103.976
44.4622,105.325
46.1804,117.205
45.5056,107.391
45.0646,96.4012
46.7546,112.215
46.0774,99.9612
45.7198,99.5768
45.26,104.094
45.3042,106.737
46.121,114.584
46.2396,105.58
45.242,100.179
46.7958,112.169
47.3558,122.976
44.0522,100.723
45.2284,109.148
45.3886,102.002
44.9456,95.2924
45.5688,108.3
44.5866,100.08
45.6204,123.312
45.4256,95.2411
45.3044,106.552
43.973,97.9995
46.943,121.157
44.731,106.062
45.6696,97.3215
45.886,105.924
44.9478,104.158
45.7972,110.561
46.3066,109.076
45.9018,103.304
46.1118,114.734
44.7262,103.364
46.1994,98.8605
44.4026,96.8198
45.6968,110.173
46.1624,108.536
44.4132,104.123
46.6372,127.349
45.1012,93.2875
45.542,111.255
45.106,105.191
46.9622,119.763
45.2004,108.225
46.2924,109.268
46.0524,105.943
44.858,97.3821
45.9658,105.627
45.3532,103.79
46.0468,108.849
47.5128,113.585
45.555,106.873
45.0826,99.2783
46.6396,112.131
44.9052,103.152
46.6174,108.515
46.1338,106.563
47.1278,103.303
45.3884,95.874
45.4064,111.172
45.296,116.196
46.4038,98.3884
45.011,112.611
46.3434,135.73
44.9476,102.358
44.938,103.771
48.6076,116.255
46.3608,114.012
44.9746,100.645
44.476,111.836
46.6024,119.702
44.9182,97.8162
44.276,96.7454
46.114,114.549
44.6638,101.31
45.5092,117.718
44.6816,90.5557
45.5872,105.835
45.4536,115.405
46.5636,118.718
45.3552,96.6304
45.6222,110.949
45.928,107.581
45.5856,106.957
45.4474,111.146
45.4088,95.4359
45.6564,111.298
45.1022,105.711
47.7494,133.747
45.5934,101.357
44.759,95.0578
45.3558,104.755
46.6958,118.425
44.933,105.611
45.0258,105.663
46.1314,114.953
45.3058,116.946
46.0208,105.768
45.8842,91.9003
45.8968,119.017
46.6126,112.964
45.7632,108.996
45.7406,97.9996
45.8888,106.987
46.2022,120.257
45.6664,102.939
45.6062,108.87
46.6456,113.232
45.7766,121.234
44.902,105.374
45.4898,104.082
44.8146,94.5637
45.4338,105.883
44.7526,96.6924
45.6494,104.832
46.3974,97.6616
46.9418,108.129
45.3648,104.987
45.0352,105.074
45.0854,90.3954
46.7254,126.671
43.8286,93.8912
45.412,117.875
45.219,111.567
45.0956,101.943
47.4612,130.656
45.5618,107.052
46.148,126.702
47.418,113.951
44.7758,105.719
46.2844,114.327
45.8312,104.934
46.0384,113.772
45.1838,105.843
45.5708,116.132
44.9094,106.89
45.2,101.195
45.367,114.241
45.6754,104.796
46.4494,130.705
46.9646,106.853
45.3236,109.387
46.405,100.966
47.8098,124.075
43.5712,97.6618
45.2026,104.791
46.8142,111.051
46.2604,108.009
45.6734,100.984
45.8484,109.632
45.589,105.556
44.9792,99.4421
46.1246,93.3974
45.8188,107.379
45.1196,93.6813
46.181,111.352
44.7448,107.588
47.2808,119.957
45.4364,97.9764
46.246,108.939
44.6236,105.029
48.586,123.7
48.0168,131.308
44.7856,107.094
46.6968,128.057
45.4812,111.122
44.4724,99.1159
44.9688,100.537
44.6574,100.323
45.2628,100.375
45.397,115.37
45.3436,99.2643
45.7816,101.232
46.1586,119.151
44.9268,106.427
45.7516,117.237
45.762,113.13
45.9068,101.841
46.9582,113.949
47.1038,113.528
44.6528,100.945
45.8178,118.147
45.6938,103.155
45.062,115.081
47.0436,115.533
46.647,114.708
45.2202,103.705
45.531,114.077
43.9176,109.813
46.9144,110.547
45.1108,109.415
46.1668,109.004
46.5338,106.266
44.8788,106.765
44.4158,108.92
44.672,108.347
45.1182,106.634
46.2862,123.039
45.261,109.633
46.871,124.261
45.5498,110.089
45.945,108.725
46.839,115.3
46.6032,117.82
46.6474,101.66
45.2198,103.924
44.6792,99.9614
44.615,107.959
47.664,117.298
47.0348,112.074
44.8358,104.475
47.081,112.614
46.0246,105.385
45.3754,115.581
46.5132,113.097
45.183,116.58
47.1692,117.369
45.4196,112.44
45.1392,102.939
45.6236,108.297
45.3966,100.133
44.8882,116.105
47.1078,129.239
45.0196,93.2344
45.7296,106.694
46.5078,115.725
45.5086,112.059
46.5596,118.205
45.9664,107.442
44.8354,95.1351
46.6236,119.627
46.402,110.728
46.6938,131.096
47.1834,118.434
44.312,106.984
45.0748,101.456
45.905,106.753
44.6942,101.764
44.6108,98.6646
44.4912,107.122
45.6988,119.704
45.4514,108.231
47.03,98.6322
45.2864,106.635
45.8798,120.323
46.7302,117.709
45.7692,112.689
46.5836,101.155
44.3228,106.747
45.6676,99.5415
46.4634,113.985
46.307,103.604
45.4016,104.35
46.0412,101.238
46.104,104.821
45.4746,113.178
46.8748,120.974
45.0448,98.1796
45.0972,102.341
45.7794,110.558
46.1132,98.6764
46.7018,113.925
46.466,117.813
45.0444,117.201
46.4584,101.439
46.2866,114.095
45.2988,96.1317
44.9368,100.142
48.5256,147.042
46.484,122.302
44.6538,100.264
44.144,98.3044
44.4142,106.77
45.0826,108.238
46.0056,109.314
45.8036,116.088
45.3646,108.868
45.0538,108.641
45.9648,99.7429
45.7276,101.96
44.3402,109.567
46.5476,113.803
45.2012,110.954
45.0718,102.354
46.866,111.28
46.0852,116.864
44.8748,103.377
45.8806,95.0635
45.4942,117.311
45.8428,120.634
47.0364,116.26
46.2008,118.529
45.3338,104.309
45.3872,111.828
44.3442,102.098
45.0434,109.071
45.4484,94.9689
44.7926,105.235
46.4276,103.841
45.8062,113.112
46.1244,110.633
43.8468,96.7654
45.1282,111.832
44.8614,109.028
45.146,93.4684
46.606,101.748
45.2692,106.657
45.536,117.184
45.0702,105.882
45.0186,100.827
43.5602,94.5576
46.5778,113.502
45.9306,119.031
46.557,106.487
44.517,118.892
46.0608,105.084
45.8136,102.652
47.5574,114.993
44.5418,111.401
45.7086,112.403
44.8344,105.529
44.9812,105.616
46.1434,96.4193
45.8646,105.503
45.6598,113.808
45.2218,111.991
46.2176,98.1985
45.5926,109.132
46.132,105.293
46.2634,103.965
46.5994,126.686
45.831,108.648
46.9248,113.551
45.6604,107.071
44.3112,97.4481
45.127,99.1411
44.9116,109.708
44.9908,120.324
46.8928,111.267
46.2046,101.012
46.151,109.648
44.3604,102.738
47.4582,114.831
47.2388,111.899
44.9202,102.18
44.5788,98.2644
47.2282,133.13
45.678,113.407
45.004,102.762
44.7938,101.511
46.542,106.875
45.2096,100.918
44.9772,102.918
46.5238,111.852
45.7888,112.852
47.2616,115.255
46.7008,111.71
46.9764,115.07
44.803,103.892
44.6548,102.103
45.1782,107.544
44.509,106.314
46.214,115.61
47.3886,114.282
45.7234,105.992
44.9418,101.13
44.5304,99.9777
45.749,102.827
47.1464,114.421
45.5994,111.362
45.0648,106.542
45.3244,105.506
44.6092,101.486
45.906,104.815
45.116,101.394
45.5554,96.5179
44.023,110.184
45.2712,101.938
45.2562,96.2735
45.739,109.477
45.9798,117.76
45.7984,107.014
45.9956,124.48
45.4656,110.551
45.8456,118.067
44.9158,110.711
44.924,98.4754
44.7082,100.251
44.413,112.658
45.5634,114.34
44.8266,97.6629
44.7318,106.025
44.2828,106.852
45.9114,103.175
45.8928,126.232
44.8942,100.403
46.13,108.799
45.2164,104.118
44.8874,98.7004
45.9684,111.53
44.5384,106.264
45.5162,108.855
45.4774,94.6024
47.2226,113.415
45.9398,108.291
45.3096,105.799
45.6894,111.649
43.9992,106.408
45.9458,112.339
44.921,113.566
45.1836,106.378
45.371,111.04
45.4228,96.1795
44.4098,103.412
44.5372,105.302
45.1162,96.9399
45.8432,103.359
45.0758,102.821
46.901,103.222
46.4074,113.44
45.4134,105.598
45.4324,94.3745
45.7712,110.515
45.4496,112.98
43.9696,95.1567
45.4738,102.365
46.7966,114.038
47.4492,128.347
44.9754,100.501
45.2526,102.716
47.158,119.056
45.7206,96.3265
46.7444,108.524
45.7464,116.958
46.974,111.878
45.8676,112.706
44.8644,104.053
45.7836,105.673
44.957,105.733
45.9606,114.791
44.8438,100.673
45.914,109.594
44.5938,100.302
45.6506,103.547
46.1548,106.475
46.1608,102.876
47.1044,116.978
45.3952,101.441
44.63,111.126
44.9594,105.018
46.2024,96.0659
45.8028,126.486
46.6856,112.418
45.5912,116.544
45.0116,100.611
45.5266,107.682
45.889,108.64
46.2216,104.514
45.9482,116.759
45.0798,108.518
45.4758,104.281
46.1362,115.337
46.022,94.4319
45.4688,109.457
44.0198,98.1011
45.8416,98.0469
45.4462,95.5998
46.2332,108.694
46.1418,110.754
47.7296,124.399
46.177,113.186
45.1412,116.355
46.2302,111.511
46.5402,121.894
45.342,102.297
45.4842,113.511
44.758,105.292
44.6562,98.9687
45.1126,101.017
46.1988,109.455
45.529,101.544
45.8778,103.493
45.9166,108.946
44.8638,105.115
47.5974,115.646
46.2082,111.358
46.657,115.241
45.0274,104.032
46.9036,113.402
46.75,118.917
45.64,108.17
44.4266,90.3796
46.9506,113.081
45.5104,101.567
46.4918,122.913
46.1096,106.53
46.1776,117.645
45.9154,113.129
46.3136,114.285
44.5104,103.307
47.4056,114.075
45.7086,102.741
46.554,122.668
45.6932,108.644
47.7148,119.823
46.3748,116.548
44.5132,109.668
46.0196,100.56
44.9292,103.604
44.7254,95.9304
45.836,125.334
44.361,103.807
46.3054,113.286
45.6238,99.558
46.2336,111.609
44.252,88.9156
45.2144,113.932
46.9182,107.534
44.9042,99.2456
47.1676,119.193
45.33,102.731
47.1056,112.623
46.331,112.172
45.9272,99.5282
45.3634,110.396
44.414,115.987
44.6314,108.529
47.2358,105.064
46.3262,114.8
46.6468,97.4083
46.232,119.955
46.67,112.102
45.2964,101.438
46.8186,113.448
44.6234,86.3292
46.3808,112.299
45.9284,106.859
47.4032,120.342
43.7826,105.935
44.8498,101.221
45.3508,109.841
45.325,97.1413
46.64,108.805
44.6566,102.233
45.3026,101.556
46.8612,102.298
43.9466,103.02
45.2958,103.255
44.7036,105.221
45.4866,108.751
46.919,121.22
48.0024,128.321
45.4756,108.205
45.9208,102.813
44.496,97.4809
46.3354,108.989
45.9678,117.783
46.5616,116.526
46.7948,117.996
45.3508,114.703
45.5018,93.8635
45.0374,109.922
45.6824,105.403
46.3374,118.936
46.081,115.397
45.8426,114.052
45.9898,114.416
47.1016,105.173
45.924,112.407
46.6124,117.02
45.8766,113.373
47.1734,125.378
46.9082,133.928
45.2572,93.5128
46.156,98.8191
45.203,98.9445
45.0204,105.658
46.175,97.5984
45.6006,118.128
45.3018,104.789
45.4032,106.977
45.3116,105.67
43.9074,97.175
47.0924,121.005
43.6876,106.536
46.7964,113.273
45.9956,119.868
46.7604,112.103
45.9864,108.276
45.1208,105.347
45.498,99.8595
44.738,93.3477
45.9086,105.643
47.087,116.75
46.3408,113.398
46.0528,121.939
45.9672,116.832
45.2352,102.544
46.7712,122.481
44.4112,102.107
45.8488,111.335
45.7578,103.198
45.4322,114.901
45.476,92.3091
45.6204,95.5807
46.6044,112.388
44.9726,117.497
45.2,106.834
45.4616,107.592
45.7458,95.6731
44.9602,109
46.2592,109.793
45.329,99.5216
44.9414,100.702
46.0792,115.291
45.333,102.957
46.0372,119.443
45.5594,89.4754
45.4014,100.771
46.0882,110.136
44.37,96.283
45.65,107.895
45.8486,109.745
45.633,105.715
45.3078,100.984
45.3178,101.078
44.6462,109.85
45.2376,108.751
46.3682,121.11
45.612,111.529
46.685,123.852
45.25,111
46.6188,102.083
45.5312,104.952
45.6232,107.565
45.877,109.156
46.932,109.264
44.8798,103.138
44.687,109.384
46.156,113.354
47.0266,114.999
46.6522,124.137
45.8108,105.578
45.6744,118.117
44.8586,101.43
45.7708,109.645
45.8584,104.691
45.8834,111.845
45.04,101.273
44.6334,105.557
45.0904,107.889
46.6408,113.46
46.142,115.604
45.8572,95.3427
46.5598,110.235
45.7876,103.116
45.8176,110.659
45.4896,101.829
46.6656,115.906
45.3434,104.368
45.8448,104.671
44.483,106.195
45.919,100.292
46.2458,107.2
46.3996,109.136
46.5292,112.243
45.7836,99.476
46.5986,109.843
45.7968,99.1371
45.966,110.775
46.4082,118.896
45.036,98.2952
46.6162,113.813
45.297,107.157
46.7652,118.181
45.9684,97.8384
46.1568,103.63
45.8902,103.516
44.8146,103.631
46.0396,109.165
46.1626,108.845
44.8696,99.113
47.9498,134.514
45.2976,97.4737
44.869,102.452
45.8806,114.592
45.5134,117.285
46.2862,103.213
