Greedy
90.2154,510.995
90.2164,526.514
91.7915,521.566
96.782,533.773
94.6225,507.827
92.4916,519.803
95.9284,503.599
97.5306,523.002
98.4063,522.759
96.1619,516.404
97.532,521.509
94.5887,517.408
92.0494,517.026
98.6673,531.912
100.261,531.126
93.0583,527.391
95.0648,528.862
97.9917,529.862
95.2467,523.552
93.4224,507.566
94.5868,523.397
94.8302,523.099
98.9455,498.796
98.8336,534.651
97.4802,528.806
96.9356,539.133
96.8637,512.457
97.337,522.681
101.434,526.239
100.267,528.299
88.8556,520.354
95.2078,511.313
95.7905,521.609
91.9313,523.625
92.6979,527.315
94.9021,533.065
96.3424,531.822
97.3548,525.681
93.3177,516.39
90.568,523.737
97.389,534.267
91.4182,526.977
96.4854,538.37
96.8251,536.186
93.1812,507.782
100.073,519.495
92.3452,515.66
91.165,512.483
93.739,514.352
95.2751,540.513
95.9945,520.643
96.4187,516.16
93.0586,502.27
95.2437,491.745
98.7968,530.429
105.336,554.344
97.006,527.503
97.3264,528.576
100.047,549.117
105.46,531.545
90.8839,506.912
91.9387,530.588
91.3525,507.356
91.6631,542.754
92.7896,535.725
95.2098,522.281
95.6977,536.979
92.381,537.034
95.04,519.004
98.8734,524.303
98.8507,527.586
95.7351,513.815
91.8826,506.729
96.8382,532.02
96.9458,519.409
99.2019,525.71
96.015,508.441
95.8847,497.877
96.9735,518.496
95.4094,514.312
99.973,504.241
99.1111,533.496
97.3099,525.216
97.7233,517.214
97.1118,529.972
97.5707,517.056
98.2625,531.269
102.796,536.025
103.879,539.365
110.564,537.731
94.4979,519.445
97.7484,538.857
95.7724,526.872
96.1408,528.467
94.2777,520.623
101.383,527.956
93.7259,505.746
96.6151,522.968
97.5863,517.987
98.2487,526.019
94.6566,496.455
95.5302,543.597
93.3269,522.7
91.4091,507.661
97.579,520.086
93.4126,529.717
93.0227,527.874
98.3612,539.945
98.6112,524.828
100.369,513.737
101.453,545.835
104.674,549.607
100.433,539.493
99.0578,534.295
98.8449,509.508
97.6791,536.8
99.6499,526.316
103.337,540.526
99.455,529.479
100.889,530.386
93.29,534.299
90.8868,522.403
94.8157,533.844
91.279,499.494
94.777,526.273
93.5042,533.66
95.0991,521.762
97.7565,531.859
97.5519,535.387
94.2114,527.237
94.0643,511.232
94.3007,536.816
93.7252,534.49
96.0025,494.548
95.8452,538.969
96.1476,536.822
97.4025,543.249
98.1627,512.608
95.6699,526.097
95.86,526.333
98.5183,544.047
97.8982,518.682
96.434,529.399
97.8336,524.946
98.7596,552.383
97.7144,528.678
97.9986,550.169
95.6726,526.583
99.52,539.652
107.615,553.054
90.2318,524.777
96.3713,533.283
90.3905,514.619
95.1026,511.716
96.9568,519.975
92.7325,511.166
91.8656,524.418
89.5346,527.672
94.8649,530.535
100.244,532.752
93.7323,517.13
93.9516,527.36
95.0458,529.96
91.0427,530.27
105.185,541.451
92.5182,517.401
99.418,532.218
91.4151,537.205
95.5632,536.492
91.757,518.846
95.0976,505.225
96.2875,525.736
96.3799,514.686
95.8144,525.805
97.2279,513.086
97.6138,537.409
98.3666,528.624
98.3833,523.588
103.421,541.514
100.533,532.316
90.5824,528.097
93.639,539.351
95.0267,533.975
99.1638,515.215
89.7834,486.224
98.7251,533.507
91.6279,509.298
92.6221,520.44
91.2246,507.07
93.0119,511.178
96.3058,534.432
92.6482,549.207
101.515,527.699
91.9265,536.435
95.961,513.549
97.9994,510.811
90.6159,522.008
97.8084,547.039
95.5337,536.827
93.7219,523.975
94.3815,527.139
100.724,544.722
98.7366,525.003
99.3515,522.805
97.7663,513.01
98.135,519.685
97.9404,524.07
101.338,523.834
99.548,530.377
99.3352,531.354
92.1789,528.587
92.9972,515.174
93.6723,526.832
89.617,524.075
90.2543,516.731
95.5038,508.067
94.9549,524.124
96.0742,523.971
98.0949,511.475
95.3208,523.368
96.6891,536.146
94.7119,509.273
97.2415,538.448
96.0743,526.193
93.3593,516.921
97.4479,502.791
99.3018,534.9
98.0363,524.123
96.8694,498.949
97.155,527.189
97.2348,510.232
95.2701,522.666
95.0831,500.711
100.113,534.145
103.827,525.841
102.455,551.502
103.787,528.344
97.2091,542.539
100.238,551.408
101.086,532.421
90.5879,485.012
93.4076,533.182
89.697,538.841
95.1527,541.141
90.0721,507.869
95.4298,518.302
92.6985,521.05
91.9466,515.355
95.1116,534.594
96.3711,519.753
95.3729,531.989
95.8534,523.629
93.7507,519.03
94.6468,528.049
95.9941,529.64
96.9735,521.147
93.6622,535.728
94.9501,522.531
92.1131,521.687
93.8937,522.054
94.1373,521.378
99.5084,541.768
99.9463,542.262
90.2941,488.317
91.5694,519.346
96.4743,521.582
101.47,522.421
94.4501,534.619
94.1933,530.962
101.764,526.617
91.4393,501.671
94.4331,536.469
94.6073,524.831
96.1075,536.577
96.2832,515.433
98.7839,548.545
90.8247,525.506
99.6266,539.145
93.4533,520.649
94.6807,504.71
93.547,530.118
92.8171,517.086
93.4265,522.276
96.5878,540.925
94.8388,538.744
96.272,525.35
96.454,516.977
96.5217,518.493
94.94,510.2
100.136,533.738
97.8253,533.226
99.0233,529.798
98.1166,525.533
96.7387,526.114
97.965,522.247
99.0596,512.777
102.224,527.787
102.468,541.715
106.414,544.78
107.497,546.115
94.9909,526.013
97.0097,538.077
97.0699,538.384
96.2576,510.7
98.4656,505.267
98.8311,539.297
89.5403,526.23
92.2607,530.252
94.4033,525.874
92.1572,512.704
95.2847,517.12
96.0045,529.489
91.3291,527.357
100.664,518.085
91.6762,528.422
95.9294,526.025
93.0281,526.887
95.3031,521.002
95.5138,531.148
99.7675,525.813
98.7247,525.144
100.857,528.636
96.1649,534.081
92.705,542.475
100.618,531.304
100.994,533.257
97.0884,536.732
101.421,524.861
101.719,523.887
101.735,515.074
89.6733,520.024
90.9234,525.284
94.4705,533.748
95.3295,524.6
91.9281,524.722
88.1144,506.92
96.2271,533.41
92.1682,523.558
98.1624,501.965
93.3943,515.356
96.8847,519.185
97.0219,543.952
97.6595,521.01
94.8863,520.713
97.0966,517.898
99.5392,544.323
95.206,532.224
98.0947,534.548
102.347,546.221
95.7238,532.248
95.7201,518.546
95.1689,534.916
103.616,535.053
98.066,542.826
101.684,538.279
94.281,531.196
95.4818,519.537
98.4957,544.216
100.932,521.078
102.223,546.122
92.4117,520.21
91.7974,507.253
95.4181,538.252
93.4715,517.061
93.4176,516.677
91.6804,529.125
93.9842,528.637
92.4179,525.517
93.8153,522.59
97.2004,528.139
97.5117,540.743
94.266,525.603
91.3952,513.893
98.6471,518.988
98.2101,533.185
99.3851,524.625
95.1849,517.307
95.2366,516.711
94.2235,526.051
97.308,520.452
97.5676,545.198
98.7346,534.815
93.3434,510.178
92.4558,517.813
100.547,542.119
93.5307,520.795
92.4467,501.485
95.658,510.218
100.3,537.571
99.0985,530.863
93.8853,543.022
93.3166,510.399
95.7096,533.332
96.1418,515.784
94.5639,522.076
93.5713,527.82
93.4996,517.89
96.645,536.574
96.0874,509.401
95.2516,538.48
95.0121,508.171
96.3017,546.5
94.9065,530.682
98.2769,519.506
94.3874,511.988
98.6561,524.606
96.6984,523.526
102.442,537.777
99.9517,548.594
98.8351,533.279
96.1168,537.553
95.9314,507.008
99.3322,548.664
101.185,515.816
97.6001,513.161
101.652,523.232
100.943,531.315
102.871,548.987
102.879,536.016
101.433,530.251
93.3197,514.895
88.1592,495.708
97.374,532.085
95.1035,529.395
93.6087,549.804
91.3468,537.504
95.4491,529.138
94.1865,516.566
98.5367,549.921
94.0566,531.548
93.6444,539.742
97.6128,520.156
98.673,530.323
94.9424,523.662
96.6792,525.324
98.6822,511.865
98.5709,530.087
101.011,527.366
91.2033,521.732
95.4626,528.319
95.6432,517.782
98.7664,513.14
92.3721,516.615
103.793,507.646
103.807,532.692
104.85,528.344
103.747,536.759
101.377,535.047
101.536,522.929
101.919,536.977
89.6648,517.98
95.1446,537.566
93.8911,541.211
94.9482,520.273
94.5023,541.561
94.013,538.562
93.7643,503.04
94.5236,540.777
98.8047,568.798
97.7804,532.128
97.8153,541.157
89.1478,498.311
98.4004,535.895
95.3037,524.549
98.5106,521.865
99.9323,522.358
96.3936,528.084
99.7298,539.453
101.227,525.931
100.648,538.043
94.5381,509.779
93.8837,501.891
100.43,529.948
97.1382,530.671
94.8412,507.074
102.652,538.461
98.4883,538.477
100.29,549.919
99.9595,517.865
103.374,522.305
93.3215,539.574
94.6115,531.312
91.7762,530.555
93.7043,546.815
91.0709,522.281
95.7509,518.736
92.8448,494.026
92.8181,519.262
91.4143,530.182
89.5436,529.169
95.6012,518.801
97.9171,504.93
91.6747,504.606
95.8949,521.826
94.1251,519.755
93.5414,516.109
93.2061,527.397
92.3336,532.214
92.966,520.812
100.502,528.239
96.7612,530.025
96.1015,540.687
100.707,536.235
95.3606,536.218
104.046,535.869
105.54,536.715
100.01,521.597
102.245,535.182
101.398,537.584
106.285,540.463
92.9256,501.746
92.2167,526.8
90.5942,501.89
92.5229,510.152
93.54,513.074
94.2802,514.587
95.0349,526.107
96.1598,501.659
95.4864,524.851
91.3995,530.262
101.443,540.731
93.1189,523.851
91.7194,515.852
101.137,536.639
93.3871,517.654
94.5647,529.915
92.8855,503.251
95.2117,534.862
96.3963,516.608
94.5931,529.295
104.806,548.91
102.251,518.9
96.6272,519.209
97.6753,499.23
96.9907,519.841
96.9965,531.197
101.071,537.957
102.565,543.534
100.622,540.319
100.945,538.578
88.6349,519.712
89.5658,530.458
92.6331,521.453
90.8592,538.202
91.2826,536.524
93.4702,518.998
94.2482,525.044
97.2796,516.2
96.3736,526.584
97.1221,506.494
96.8686,545.295
96.7717,536.545
98.4772,529.025
98.3671,533.955
93.4457,525.198
95.0584,523.849
93.526,542.691
90.2845,512.197
100.495,520.129
89.8083,521.648
95.4411,533.791
96.5215,531.382
94.3916,529.978
98.1261,539.592
100.432,540.382
95.4908,529.17
96.2037,522.921
98.5675,555.913
99.2924,540.489
102.167,542.166
95.8791,537.889
95.6097,519.314
93.3948,535.315
92.133,523.692
93.7056,532.013
96.2435,513.659
97.1849,534.091
97.7362,542.605
98.1965,522.037
100.499,535.713
92.9516,535.785
90.5174,529.757
92.5972,524.065
92.0998,525.445
94.4637,529.596
94.4292,530.146
95.7838,540.339
95.1374,549.18
97.9535,535.539
97.7267,549.881
95.411,525.074
99.6436,541.151
96.1014,544.998
96.2334,529.826
98.1289,538.914
98.3378,527.274
97.7813,543.964
95.4512,545.505
100.225,521.84
101.764,542.705
90.2308,527.108
93.0915,548.021
92.8158,533.741
94.5503,527.79
91.2377,511.595
92.2688,513.699
100.048,522.863
93.342,525.069
95.865,521.841
89.733,503.531
94.5208,517.803
96.5045,528.668
95.1925,507.967
99.1646,515.765
101.044,532.492
97.5867,542.857
94.6346,528.753
95.581,510.961
97.9957,524.076
92.4618,540.546
97.2244,531.76
93.7625,520.534
97.1149,531.31
100.446,548.16
93.0295,529.445
100.822,523.304
92.5343,524.148
95.8974,521.195
100.759,538.717
103.801,545.835
95.9679,512.414
96.4008,527.851
92.4125,498.9
97.3519,529.725
95.302,523.863
99.1043,530.489
93.3816,520.655
98.7683,524.385
99.4808,523.4
94.7858,525.309
95.8166,528.709
92.2174,514.843
101.563,534.38
96.0089,539.46
96.9244,526.096
103.282,525.758
101.58,523.749
93.3894,500.136
93.5143,519.258
96.5883,526.961
105.189,536.008
98.8279,527.906
99.0112,530.596
101.411,529.249
104.497,525.277
98.3173,532.235
101.269,529.367
98.5923,508.141
101.642,528.125
108.167,544.386
90.4856,524.173
94.844,515.739
94.4958,523.061
92.9172,543.119
94.3305,513.723
97.1125,541.643
92.0376,534.637
92.5588,513.29
99.1962,520.964
93.4155,539.76
94.1236,524.808
96.5572,525.72
94.2424,547.94
95.5909,544.835
93.8831,522.436
92.4602,529.281
93.4328,518.664
95.1218,529.298
94.672,521.295
98.9335,526.677
95.7172,536.214
96.4931,527.445
97.6486,529.896
104.691,527.373
99.3094,518.923
99.6736,527.741
97.1128,512.626
99.7721,528.977
101.203,528.072
101.922,516.921
94.9891,518.406
96.4732,535.218
96.625,503.819
92.5535,507.054
94.8202,520.764
93.1442,515.322
91.0112,530.617
96.0085,515.432
94.0201,541.65
99.9466,510.373
90.1811,527.378
92.6962,518.574
95.8155,526.73
96.5361,533.756
95.765,527.495
94.8122,527.377
94.3118,532.69
100.691,520.059
94.9874,503.617
100.47,542.757
97.5508,521.317
96.8959,493.765
96.274,513.606
98.0551,536.252
104.637,512.108
100.551,536.485
98.0948,530.468
99.4528,546.257
100.489,531.725
103.943,527.041
91.9062,507.479
93.0472,513.52
92.4133,524.684
98.8089,544.223
94.5535,529.518
92.3936,500.059
93.5965,533.473
98.5575,538.627
92.0277,524.545
91.0366,528.16
94.6593,514.543
92.3823,536.668
93.0958,502.319
90.1448,514.632
94.2622,520.861
92.3763,539.357
92.8795,511.373
92.8386,520.18
94.9134,542.711
96.5135,521.585
96.9027,528.707
101.888,517.524
97.0083,524.654
100.194,533.251
98.9234,523.348
96.0219,525.42
102.557,544.202
102.536,528.239
97.7175,514.44
98.6445,532.73
92.9005,520.869
93.729,510.559
90.0102,514.108
90.8131,530.04
94.969,502.932
91.6897,508.382
93.3071,522.407
92.2321,511.164
92.9846,509.916
91.8774,515.505
91.7582,534.323
96.7245,532.714
91.9752,505.564
97.4988,529.033
94.49,521.079
94.7359,531.622
96.3038,523.03
95.086,515.994
98.3202,552.26
96.0596,543.409
101.201,529.027
98.4512,522.583
100.8,531.354
99.7362,542.126
99.9193,540.629
102.23,531.167
101.745,527.622
102.112,527.473
102.567,522.463
112.197,555.368
93.8771,497.958
92.3508,531.908
95.4282,545.234
93.0757,553.679
95.8906,508.899
96.4124,525.023
94.8257,542.783
93.3137,509.665
93.9322,517.74
96.3202,521.078
100.372,536.931
98.0737,523.377
94.0391,517.25
95.2078,524.749
96.3836,503.809
94.173,536.049
99.7901,527.138
93.2455,539.837
93.1025,501.923
99.2954,547.393
96.3339,521.067
97.6647,515.31
97.5682,523.081
99.9408,534.807
98.8312,530.151
93.6361,522.337
97.3123,513.589
99.9797,530.786
100.207,537.465
107.104,524.194
94.2356,519.372
91.9902,494.104
93.7283,526.321
97.6023,538.002
90.5508,520.751
98.0266,522.61
96.2169,528.72
96.5153,533.854
90.351,507.796
91.1478,528.27
94.7172,516.363
91.4828,511.706
101.282,541.919
93.0872,527.409
92.136,513.828
97.3505,535.894
95.6622,540.798
97.228,508.169
94.1648,511.849
94.718,512.892
95.054,533.346
96.0263,506.309
95.3334,530.982
95.9743,517.212
102.766,530.67
99.1099,510.311
96.6693,520.871
100.862,542.833
96.8304,510.919
104.398,540.443
90.5462,516.521
91.5688,507.406
94.0993,510.74
93.2982,527.156
88.7137,494.041
93.6438,503.748
95.0422,517.465
94.0708,527.266
95.8391,516.672
93.8639,520.037
95.7707,523.199
92.3062,522.207
96.1793,505.615
98.5171,519.341
99.6665,537.034
99.7113,538.811
98.6585,535.541
95.1799,524.346
92.2026,524.037
93.4874,518.53
102.278,534.767
92.3121,514.939
98.9546,529.43
95.5475,547.151
97.5081,507.144
99.6503,511.368
93.9638,527.906
95.2994,509.021
104.337,538.784
95.7591,513.192
93.8727,540.989
93.0422,528.15
94.9207,532.589
93.2558,517.505
103.675,530.876
89.94,513.246
102.241,532.576
94.4389,512.35
93.488,532.496
92.9795,532.375
93.6157,525.708
91.8969,522.17
95.7099,537.493
95.1716,531.119
92.2119,524.349
95.9922,528.888
95.0254,523.381
95.0836,512.162
95.417,520.201
96.5858,521.373
98.9993,535.458
94.3025,520.573
97.5552,538.537
95.6916,523.601
99.5241,532.17
95.8512,527.345
101.172,535.043
104.448,532.146
102.539,520.659
111.081,561.249
89.0558,509.715
93.879,509.421
95.3012,536.302
92.9521,507.967
93.2524,519.429
90.7476,533.362
100.053,524.567
93.0141,517.11
93.6319,524.961
96.9856,514.689
96.6764,501.753
95.7334,542.114
95.2214,529.859
97.8041,530.272
94.5953,509.838
101.23,532.339
100.797,513.986
94.1278,513.304
93.3396,546.082
93.383,517.354
97.5348,513.489
96.5628,536.057
94.6737,518.23
97.817,530.375
97.5301,521.313
96.1498,525.312
99.5249,515.859
101.781,543.236
100.704,515.879
107.487,537.273
89.6419,517.632
89.9334,521.743
90.6186,514.931
92.0601,516.345
89.7098,524.416
94.6079,510.945
94.8952,514.935
92.8013,526.296
95.2091,530.782
95.1931,519.689
94.7041,533.618
91.5258,512.358
96.0814,514.621
97.7919,530.201
96.2061,510.399
97.0236,526.778
98.4804,534.681
96.9067,525.594
97.2231,530.536
99.2118,508.782
100.229,531.803
94.7033,521.81
95.2771,530.782
94.1009,525.243
93.3492,508.038
94.068,516.463
96.6932,546.015
102.398,539.455
97.4354,509.086
101.328,540.019
89.1034,495.532
91.3922,527.86
92.8599,536.907
93.4349,522.469
92.198,527.151
92.2329,509.427
96.2983,517.11
90.8573,512.191
94.1458,529.536
95.0781,512.411
95.6809,542.008
98.234,518.524
91.4017,525.798
92.2202,524.139
92.1716,524.721
97.8012,536.414
99.258,512.235
94.0516,527.613
98.2046,532.448
95.0011,526.959
102.648,537.53
99.1148,526.683
96.1868,522.449
98.3276,524.181
99.6193,517.582
94.5157,534.537
97.1819,537.587
103.959,535.273
101.5,543.358
103.636,530.855
93.4061,517.093
93.8625,508.696
94.3734,512.313
94.9638,521.469
94.9091,497.595
95.2127,550.956
95.9436,540.215
97.255,517.972
99.4717,540.993
99.3761,527.599
SD
108.888,405.607
110.147,407.921
109.151,434.564
109.538,417.607
109.939,437.602
108.801,392.827
111.564,390.22
109.125,425.509
110.256,446.514
112.548,387.596
112.067,403.148
112.41,405.99
112.156,405.885
114.057,414.905
115.149,416.476
114.347,407.844
114.903,441.036
113.566,446.641
117.246,444.78
115.628,441.252
117.655,432.786
115.458,409.805
118.277,416.683
118.837,394.393
118.074,421.952
118.586,407.49
121.247,422.004
121.187,419.756
126.203,448.557
126.002,420.247
108.928,420.777
108.826,412.43
112.045,425.349
109.958,389.735
109.505,427.955
110.666,378.004
112.25,374.914
113.549,425.043
111.998,394.085
113.946,431.877
114.533,464.139
113.967,403.258
114.697,419.004
113.316,417.565
114.796,436.956
112.524,373.372
113.298,407.521
115.767,430.205
114.791,417.505
114.749,403.905
115.859,415.877
117.221,419.65
115.809,407.049
117.143,379.774
120.845,474.974
119.184,398.871
117.706,387.857
118.791,420.097
121.321,458.288
122.712,432.927
104.852,406.167
108.038,427.39
108.29,434.345
108.191,393.865
111.8,434.529
113.035,400.299
113.337,419.007
114.589,407.727
112.104,417.487
114.849,434.058
113.512,377.994
113.898,415.042
114.867,414.649
114.191,423.352
114.975,430.627
113.786,431.742
114.742,428.917
115.907,394.006
117.19,449.168
115.873,409.357
117.823,462.863
116.008,409.749
117.34,394.348
118.176,421.735
118.76,418.249
119.123,408.64
119.667,427.489
118.257,426.556
118.835,437.172
122.82,409.228
108.764,431.763
107.931,412.132
110.288,402.955
110.265,393.995
111.819,429.983
112.499,409.475
111.782,388.145
110.917,404.603
110.221,403.087
112.813,384.282
113.176,408.219
114.648,411.9
116.125,457.46
115.206,438.508
114.64,421.147
115.204,416.846
115.048,337.622
114.975,379.929
114.949,414.878
115.329,425.045
115.332,429.136
117.968,425.544
118.463,437.949
118.279,426.028
118.224,395.948
118.9,408.31
120.493,437.134
122.961,431.208
124.558,441.553
126.586,433.771
104.178,392.956
107.429,379.853
105.981,414.812
105.201,385.102
108.081,432.368
111.674,417.494
107.847,431.543
109.206,404.487
111.1,425.668
111.341,405.696
111.53,406.063
112.217,429.691
114.534,407.609
113.711,389.91
114.876,382.491
116.395,417.761
115.011,421.95
115.125,387.988
115.144,388.002
115.537,442.939
117.923,390.723
115.194,372.991
117.762,437.233
115.982,413.416
117.159,404.807
119.481,419.212
119.217,424.737
120.016,390.579
121.31,394.181
124.375,433.729
104.07,412.67
105.435,405.215
107.615,423.669
108.045,396.369
112.152,399.928
111.105,426.37
111.194,388.142
113.659,395.887
112.629,432.557
115.652,433.673
113.749,404.646
112.388,398.04
116.317,394.794
116.913,398.226
114.712,427.234
117.407,415.604
118.697,397.209
117.392,403.538
118.313,436.39
119.399,419.069
119.341,423.287
120.487,432.544
119.005,442.512
119.494,417.483
120.026,440.901
119.434,394.7
119.731,415.288
120.488,436.563
126.668,443.271
128.1,441.605
102.857,385.087
108.091,414.459
107.482,364.847
106.774,414.076
109.348,406.836
111.084,411.383
112.003,393.187
111.554,439.073
110.62,421.2
113.005,390.9
115.68,439.481
114.375,403.642
112.365,430.499
112.978,423.885
115.116,412.126
116.432,448.13
115.797,412.168
116.139,432.337
114.651,410.769
118.232,443.459
117.338,457.79
118.347,398.336
117.888,430.169
118.281,416.223
119.932,409.181
120.943,389.31
121.82,430.507
124.686,443.12
124.891,424.165
125.024,399.241
101.456,394.839
107.485,388.843
110.23,441.228
109.577,408.325
110.394,388.872
109.657,394.893
111.362,409.5
111.348,403.098
112.007,416.015
112.872,424.308
113.81,428.368
112.635,421.405
110.897,371.362
113.469,461.811
114.95,427.781
113.283,408.862
115.783,429.816
116.012,420.99
114.766,400.879
118.036,386.499
116.695,458.996
118.481,459.171
119.048,416.939
119.273,417.574
119.696,421.873
119.821,447.001
119.618,438.878
120.749,420.589
121.098,388.475
123.004,438.721
104.731,423.963
107.9,429.446
104.897,410.752
108.598,386.782
109.731,427.091
111.078,403.342
110.811,406.654
112.11,400.422
112.862,437.817
110.823,413.19
111.503,425.898
115.83,466.712
112.679,416.611
114.803,418.881
116.201,447.403
115.693,421.854
115.148,414.663
116.008,398.782
116.493,398.12
115.411,420.779
115.687,419.746
118.644,403.478
116.993,416.453
117.438,436.263
118.218,388.213
122.129,425.894
121.136,410.96
122.269,451.488
123.964,440.056
125.319,400.361
102.644,408.393
105.13,407.115
110.697,412.374
112.329,409.311
113.39,468.743
111.779,422.622
111.135,410.708
112.724,415.458
113.256,450.698
116.288,446.637
114.17,437.204
115.509,418.2
116.242,430.556
114.689,397.94
115.499,410.94
115.493,409.103
116.214,428.266
115.706,407.039
116.636,410.692
116.93,403.995
117.165,438.397
116.188,438.269
117.178,391.995
119.231,439.818
118.049,417.629
116.053,411.859
116.836,412.484
121.864,402.226
122.064,418.58
123.11,425.755
105.769,397.2
106.126,405.593
106.297,386.664
110.129,370.084
109.454,444.592
108.625,407.917
109.051,434.242
110.636,386.049
111.215,391.195
111.035,399.872
112.614,400.98
111.71,414.941
112.178,368.198
112.982,410.807
112.552,427.239
115.811,444.13
113.317,411.582
113.708,447.675
113.704,422.818
116.679,445.39
114.919,409.037
116.363,418.8
116.004,411.401
117.867,454.102
115.788,378.678
118.538,445.149
118.536,423.47
118.584,408.422
121.082,456.684
120.857,427.765
106.926,410.545
109.792,422.44
110.485,423.222
113.158,420.371
111.576,415.946
111.245,405.047
111.79,432.217
112.039,398.466
110.296,406.472
114.719,420.958
114.258,430.407
115.001,428.48
114.129,459.409
115.652,431.766
115.291,419.737
116.59,429.985
115.041,415.208
115.32,404.907
117.479,439.472
117.707,416.092
117.134,393.306
117.768,419.577
117.794,403.295
118.996,419.461
120.398,453.276
122.055,466.339
118.988,391.601
121.365,385.533
121.462,448.73
122.908,377.691
106.96,448.481
104.593,410.489
107.732,399.376
108.178,408.875
108.352,402.563
108.832,403.063
111.032,409.468
111.401,397.747
111.224,399.951
112.577,389.484
112.546,380.566
113.749,402.399
113.913,405.441
113.785,377.135
113.371,385.138
115.127,433.444
114.477,455.786
113.399,411.41
117.03,426.879
115.503,415.09
116.981,412.283
117.124,428.648
117.919,405.133
118.787,458.676
119.446,424.026
120.919,435.533
122.978,429.984
120.285,402.65
126.902,433.598
132.947,408.302
108.334,422.765
107.027,400.823
107.063,411.089
108.131,403.048
107.016,391.612
107.573,398.627
111.386,425.831
113.427,399.843
113.767,432.633
114.409,406.746
111.294,427.82
113.373,447.874
113.66,438.294
112.611,381.142
112.264,396.244
116.446,434.171
114.614,409.134
115.595,392.478
111.144,370.636
115.166,440.283
116.815,404.629
114.417,389.965
115.646,416.776
116.053,407.564
119.09,426.846
119.353,411.599
119.368,414.917
118.501,435.244
120.178,447.218
127.371,431.923
102.858,451.74
108.809,418.133
107.727,395.696
111.873,440.082
110.303,412.229
110.508,420.827
111.044,401.315
111.031,406.737
110.58,397.685
113.911,397.025
113.303,439.017
112.014,419.159
114.957,431.95
115.89,421.634
111.981,449.333
114.888,414.88
113.864,402.698
116.017,408.07
117.11,405.628
116.031,452.568
114.709,439.115
116.105,396.845
116.182,436.674
119.341,406.65
116.979,396.32
117.371,434.46
118.624,435.309
117.967,408.411
118.209,413.196
116.758,416.568
106.688,414.82
107.912,412.352
108.73,421.541
109.217,427.291
111.302,409.817
110.296,394.784
108.619,438.754
111.523,438.878
112.808,426.507
111.468,419.393
111.916,420.129
112.59,405.954
113.318,423.066
112.172,411.728
113.339,392.345
114.99,435.617
115.966,410.93
116.003,437.067
117.32,430.579
115.155,459.87
116.613,416.779
115.794,439.877
117.101,418.41
116.815,428.583
117.398,377.915
116.058,407.7
118.623,413.859
118.832,439.013
120.911,410.555
124.114,416.609
104.534,422.556
107.556,412.522
109.125,393.196
109.274,365.995
108.325,416.181
109.416,434.337
110.996,407.005
110.985,397.407
111.783,402.278
111.376,401.741
113.863,418.66
115.216,413.827
112.137,390.178
114.487,443.543
115.047,417.208
115.706,441.929
114.094,419.26
116.578,385.624
116.813,410.953
117.722,400.134
116.636,409.946
120.055,459.394
118.084,399.568
119.467,443.636
119.276,424.431
122.672,443.158
121.296,426.097
122.541,453.73
119.001,432.879
125.589,430.311
108.034,390.376
107.368,417.669
109.696,393.184
106.23,420.916
110.168,414.488
112.567,435.521
110.369,424.838
111.085,438.121
113.55,404.864
112.574,415.257
111.466,418.125
109.534,396.758
111.539,410.443
113.64,405.224
116.581,427.192
113.219,420.398
115.908,410.56
115.475,431.437
114.626,410.407
117.908,424.592
119.514,445.848
117.291,421.385
117.043,423.659
117.238,439.406
119.143,438.067
118.57,410.662
120.105,398.967
122.145,388.219
120.513,447.576
120.163,399.48
106.473,422.597
106.11,396.457
110.396,404.821
114.144,450.976
110.205,428.784
109.493,427.419
110.515,390.991
111.918,398.076
110.768,385.05
111.31,395.898
114.978,436.428
109.861,427.178
114.916,439.549
112.805,435.954
115.513,431.973
111.594,445.444
115.85,407.743
113.361,391.427
114.453,394.952
114.7,430.122
119.177,395.556
115.67,400.928
117.745,438.549
118.481,440.431
118.377,400.201
117.465,435.756
116.232,370.209
117.147,412.548
121.481,424.554
126.802,437.925
107.549,408.857
109.062,383.112
108.456,407.978
109.035,387.84
109.631,405.19
111.406,402.454
110.894,415.112
111.161,387.96
111.551,409.692
111.967,425.925
112.883,423.734
112.795,437.166
115.175,448.894
113.19,384.125
113.683,407.537
114.684,423.254
116.827,435.393
114.871,400.596
119.224,431.424
117.92,447.392
118.065,439.184
116.692,393.282
118.731,429.625
121.105,447.315
120.951,422.489
121.54,415.276
119.793,387.736
122.897,428.403
125.481,463.579
123.073,421.869
105.997,394.851
107.09,414.315
109.64,431.469
108.756,421.854
110.365,411.262
109.011,397.941
110.104,426.066
110.88,432.999
110.056,398.292
112.727,397.23
109.903,400.128
112.713,414.321
113.532,416.231
112.126,359.654
115.049,441.027
115.126,415.956
113.799,407.422
116.738,395.547
115.755,441.88
116.812,418.71
117.844,418.259
118.206,415.058
116.435,401.086
119.229,383.144
118.45,420.574
119.778,418.031
121.166,429.042
123.308,402.057
124.099,405.943
122.77,404.189
103.919,420.195
105.8,416.679
108.148,398.947
108.801,389.315
109.72,420.975
112.552,423.147
109.712,424.749
110.783,453.082
112.657,405.391
113.082,408.023
113.487,415.805
113.667,400.363
114.147,416.324
115.464,425.261
112.758,411.1
116.745,405.009
115.606,450.232
115.9,408.578
117.838,447.162
116.008,452.096
115.891,410.509
118.19,408.064
117.052,439.695
116.774,425.603
117.817,402.04
118.346,435.446
120.506,397.921
119.519,425.206
122.941,423.193
124.298,439.762
104.114,439.985
103.944,404.42
107.696,404.591
106.703,427.203
108.256,425.244
109.863,407.497
109.921,414.651
111.112,404.603
113.06,426.976
113.206,420.424
111.483,399.389
110.989,437.456
113.08,385.573
111.972,399.969
114.177,436.318
113.613,415.014
114.198,391.61
113.809,427.455
115.329,415.653
113.75,414.612
113.795,411.314
116.509,433.361
117.294,412.939
118.434,462.119
118.452,399.757
119.995,446.563
117.732,424.961
122.114,433.686
123.422,380.534
124.141,385.75
105.294,395.566
108.717,379.672
108.123,426.576
108.946,385.869
108.794,420.919
109.333,439.464
109.473,433
109.488,395.685
111.571,378.492
112.858,403.23
113.316,451.065
112.088,405.033
113.909,418.046
112.779,434.696
114.183,385.745
114.953,448.354
114.16,413.362
113.405,420.856
114.948,411.913
115.432,418.318
117.419,431.041
118.595,418.328
117.685,414.698
117.804,404.169
117.686,432.319
122.1,445.247
121.188,463.483
119.886,419.731
123.61,410.218
125.959,447.189
106.467,435.183
107.725,420.533
109.842,439.24
108.243,384.716
111.925,428.681
110.648,412.32
112.783,412.592
108.612,423.627
111.19,405.657
110.923,403.99
113.842,448.669
113.944,411.349
111.305,457.838
114.075,421.475
116.535,412.604
112.029,417.478
112.936,436.949
115.643,412.412
116.037,411.506
114.313,396.574
117.237,406.027
116.335,412.144
117.782,410.813
117,406.358
119.805,389.686
117.691,379.314
121.636,440.991
121.834,392.767
125.181,431.925
126.695,435.571
100.063,401.64
104.599,420.977
107.332,418.651
108.773,419.061
108.44,393.652
109.042,394.523
110.933,400.997
110.616,386.889
111.388,433.23
111.977,397.029
112.655,398.305
113.777,417.764
113.779,411.1
115.565,395.169
116.301,430.639
120.179,460.407
116.651,405.516
116.831,401.336
120.473,452.65
121.476,415.382
118.582,453.264
117.203,428.914
118.868,472.139
120.219,419.123
116.161,369.378
120.999,387.049
120.898,436.549
118.26,386.719
119.893,429.374
122.788,462.805
103.463,417.696
103.481,417.599
104.381,413.021
107.924,423.423
106.643,410.142
109.026,415.003
109.383,437.983
112.683,386.298
109.883,420.605
112.937,427.228
112.102,417.772
113.083,385.086
114.558,418.092
112.342,403.768
114.905,415.456
113.146,363.497
116.961,434.463
115.381,430.647
117.104,451.184
114.963,439.588
116.633,421.318
116.039,389.249
117.156,436.43
117.411,404.459
117.847,403.438
118.629,416.584
119.732,380.741
123.467,423.602
122.834,433.17
123.339,404.891
105.399,435.02
102.246,373.596
107.206,392.219
105.068,393.265
106.936,427.671
110.577,422.613
104.088,383.69
111.177,425.637
110.589,420.891
113.235,389.083
110.988,426.692
113.869,452.079
113.606,406.954
111.452,417.502
115.207,402.69
113.99,418.823
115.109,385.582
114.533,404.812
115.508,422.968
117.798,444.815
115.744,417.26
120.061,449.995
118.546,443.024
118.71,421.027
119.006,400.113
119.343,394.981
123.632,444.071
121.778,442.297
119.314,409.538
126.209,409.189
102.027,398.822
110.155,403.347
110.405,408.15
110.4,383.603
111.484,422.851
109.701,382.004
110.256,393.873
110.529,413.355
112.099,414.782
111.701,431.091
111.654,397.454
114.877,431.819
113.004,425.353
112.549,400.717
115.164,434.694
113.929,395.222
114.475,403.369
114.323,393.293
115.535,417.792
116.901,415.227
116.319,414.213
116.962,440.044
116.016,423.058
118.518,397.635
116.783,422.818
121.299,404.045
121.635,479.743
119.431,449.145
121.694,424.807
119.51,411.872
104.189,396.42
105.805,398.471
107.47,415.551
107.991,413.663
109.885,414.952
108.831,385.434
108.676,377.857
107.401,419.621
110.108,446.063
110.265,408.128
112.887,420.179
110.447,406.846
112.65,428.823
113.287,424.007
113.496,418.664
111.467,435.242
115.257,430.97
115.285,446.815
116.282,441.338
117.431,454.359
115.067,424.268
115.949,429.573
116.686,441.284
114.421,390.577
116.822,413.152
118.168,425.366
118.56,448.458
119.603,429.848
119.862,411.457
122.952,428.508
107.486,407.191
107.581,414.204
108.168,411.001
108.328,443.797
107.891,443.366
110.039,403.804
110.051,412.805
111.008,396.492
110.936,414.665
112.309,425.784
112.247,432.358
112.06,387.071
111.2,428.955
114.456,425.686
114.485,392.292
114.683,420.357
113.622,406.687
115.721,413.808
116.804,441.442
116.244,429.692
117.515,465.077
114.837,417.764
119.402,391.251
121.993,420.13
120.093,365.662
120.424,449.895
120.772,441.118
120.518,433.147
121.774,419.123
122.446,412.09
104.536,412.753
108.518,434.707
106.742,396.229
110.103,409.693
112.94,431.679
113.389,385.993
114.297,415.904
112.436,442.068
113.28,413.922
112.667,409.28
112.948,388.799
112.135,398.108
112.603,385.543
114.622,397.452
113.579,452.498
117.135,417.256
117.201,435.158
113.56,432.542
115.155,411.571
115.677,439.874
116.895,417.856
115.735,433.587
117.863,428.07
117.643,389.617
117.959,400.141
115.865,430.82
119.181,436.122
116.929,388.276
119.115,414.257
120.753,416.207
109.284,449.594
108.554,417.092
106.871,406.182
108.465,447.004
108.788,456.632
105.79,421.749
111.089,412.072
108.998,385.928
110.794,433.429
110.488,410.021
111.334,417.333
111.604,437.203
113.223,430.628
114.075,420.889
114.489,406.109
111.547,407.72
114.88,403.513
112.56,430.323
116.076,430.648
111.086,400.672
117.901,430.379
115.669,410.018
117.32,406.747
116.612,382.81
117.34,417.545
118.399,443.235
122.057,444.87
121.521,429.654
120.88,386.844
119.853,421.667
101.899,386.723
108.355,394.668
110.309,423.657
112.055,408.836
113.216,422.244
113.396,401.342
114.855,424.536
115.51,452.173
116.291,416.236
120.121,421.404
WO
82.9736,427.974
84.2299,411.861
84.6194,419.519
86.1774,408.043
86.9305,402.712
89.1891,381.412
79.3756,361.832
82.525,393.877
81.6224,386.706
81.9704,406.368
82.7225,371.857
81.6769,375.612
80.9709,366.076
84.0478,392.738
82.2689,404.671
81.555,380.002
82.359,413.91
81.2543,370.476
83.9377,354.802
83.2569,388.192
85.2961,418.035
81.1993,379.205
85.3532,415.562
85.61,389.637
82.4175,433.963
85.7236,366.376
84.2041,364.595
84.2648,354.861
84.5881,404.228
85.2167,368.675
81.2733,388.897
82.4197,372.644
81.175,364.008
80.7567,388.888
83.1192,413.34
81.8807,397.789
85.692,405.904
83.8084,396.727
82.0913,383.387
85.3048,417.941
80.1669,388.718
86.2656,417.116
83.7589,391.714
80.5767,376.45
84.3676,384.849
84.8584,388.075
84.7994,370.694
86.2908,385.392
84.9462,435.362
84.5866,363.183
80.5597,414.987
82.4919,399.295
84.9898,388.398
82.2624,371.737
86.5699,403.912
81.0514,338.068
84.1503,409.626
84.9338,418.885
84.8143,397.768
85.5885,357.16
80.3376,398.052
85.1104,405.691
83.3416,388.299
80.4454,399.736
87.7055,425.586
84.2344,426.427
86.5032,389.442
82.8606,377.742
82.454,397.906
85.0792,378.38
84.7721,384.269
82.353,391.95
85.4267,393.926
84.1547,384.408
82.3971,392.232
80.9284,380.076
85.7278,413.033
84.8574,400.111
85.2492,404.678
83.316,397.243
85.2797,367.983
82.9426,398.26
83.0873,415.3
84.4068,376.248
82.8605,392.703
83.9758,398.924
83.814,436.838
86.2068,402.513
87.278,380.46
88.7112,366.055
79.9384,383.592
83.2933,353.164
81.9378,399.516
84.2131,427.068
81.6537,387.627
84.2583,438.177
85.7584,411.856
84.9036,366.663
83.9679,411.67
83.2858,407.664
85.6524,411.433
86.742,376.61
87.6725,398.425
84.4355,343.85
83.1544,387.673
84.5969,394.126
82.7823,389.622
81.8741,411.246
83.9148,383.937
82.0794,361.94
83.9178,387.875
85.1208,384.933
83.1333,422.942
83.815,440.257
83.1289,407.624
85.0228,403.116
85.9167,412.9
87.9102,400.472
85.8306,379.636
88.0146,393.087
82.2629,397.598
84.0935,401.709
82.6499,380.182
86.1082,420.101
85.0027,410.721
81.6208,355.626
83.4898,413.886
83.3919,400.101
85.7515,419.135
86.5792,416.62
84.7937,379.413
83.1517,409.974
84.8731,424.223
86.8236,377.824
88.8694,417.294
82.7476,436.572
84.489,406.315
83.5145,391.277
84.5501,389.657
83.8279,379.409
83.4633,365.942
83.208,402.819
83.8507,424.563
82.1176,375.639
84.5431,383.373
83.4382,394.509
85.7985,412.722
86.1367,394.121
87.1139,424.568
87.6908,429.971
83.9196,415.564
82.9115,391.147
84.038,425.244
79.4686,356.01
82.9195,412.639
83.3549,415.49
81.3761,423.411
84.9051,386.586
83.6321,388.915
83.0989,376.393
87.2843,400.407
82.416,381.836
84.6091,398.647
82.945,431.628
85.1576,367.683
83.5427,417.227
86.4184,396.394
84.8741,417.013
85.4038,413.062
83.5097,375.468
84.8468,398.426
84.2894,385.312
85.7491,347.599
86.8415,407.194
87.0795,383.896
86.039,372.624
83.9771,388.959
84.5795,373.668
86.2137,379.033
85.9428,377.677
79.8527,372.897
82.401,367.342
81.7644,360.093
82.3709,383.586
84.7035,372.101
83.9613,392.632
85.7708,409.81
83.8578,394.859
84.1106,434.471
83.5403,374.823
81.1227,389.559
85.8846,420.949
82.3042,395.62
85.0919,392.041
83.7698,405.675
82.1411,378.316
84.5342,394.104
83.865,353.066
82.8378,366.7
85.1809,397.064
83.8389,370.53
84.2407,412.922
86.3444,408.035
84.7496,377.805
86.3943,396.995
83.0334,411.956
85.0746,429.907
87.645,461.383
89.146,419.97
92.0185,384.26
86.6816,432.071
79.6329,349.975
81.1724,376.024
83.1376,391.214
82.8281,387.576
83.2755,401.745
82.2563,399.245
85.3945,395.646
83.7133,410.517
82.8821,397.57
83.3524,389.452
84.1911,402.915
83.0628,393.174
80.7546,381.445
80.0593,382.036
84.3516,408.636
83.3509,412.036
84.925,393.72
86.0332,371.788
84.3308,390.281
86.2682,420.136
87.0032,426.262
83.1289,431.2
82.7394,369.434
86.2343,457.331
84.6895,366.631
86.6215,407.006
86.2272,421.65
85.2153,398.46
87.3681,438.57
81.8971,362.17
81.1501,400.046
81.8542,387.107
83.4488,381.544
80.7825,367.934
84.8823,406.186
81.69,394.095
81.6968,375.97
86.35,412.625
84.5161,400.937
82.1124,371.767
83.6411,383.57
85.5491,414.385
84.3825,405.385
84.5162,427.121
83.2731,397.332
82.5763,376.354
87.7968,392.39
85.2304,415.242
84.8442,395.044
84.5488,437.229
86.1086,386.645
84.1689,393.088
84.6792,364.004
85.2299,376.315
89.1251,429.233
83.064,413.545
81.1305,366.705
84.4216,363.868
83.7509,428.599
80.2048,405.033
86.2235,390.886
84.9921,387.775
86.5592,385.016
86.1215,420.757
83.5684,406.859
82.6254,405.696
79.8885,361.044
84.1054,388.534
81.7681,378.233
85.5914,405.517
82.951,403.72
84.3877,403.292
84.2008,425.549
83.3884,394.868
83.2177,405.151
85.1914,393.443
84.9506,390.384
84.5597,388.818
85.1781,417.218
85.1603,379.851
82.23,433.415
82.6392,388.165
87.0221,368.806
84.7601,420.175
84.1175,381.946
85.2016,437.569
83.8332,397.588
88.4049,397.353
84.709,417.085
81.6834,382.079
79.6846,397.881
83.6289,381.848
83.3969,372.085
83.5606,358.006
84.3557,394.058
79.8826,382.074
82.6913,404.321
83.9287,397.067
82.7905,419.925
83.249,388.988
84.5994,447.802
85.8691,415.926
80.4508,361.522
80.5404,366.128
81.0326,378.106
84.777,412.825
85.6447,434.2
84.3726,367.004
83.8472,400.438
85.152,383.025
87.6295,382.604
85.2721,385.365
84.4016,355.023
85.932,407.525
88.9736,412.799
83.3972,385.653
84.7075,378.09
84.4781,401.383
86.277,406.861
78.7761,380.085
81.4276,373.96
81.387,380.37
81.9173,423.824
84.0515,410.919
84.2927,388.198
84.5495,405.072
81.3461,386.531
82.6594,422.112
83.3826,378.273
83.4947,407.285
80.508,379.416
82.254,414.93
80.2093,410.228
83.818,417.716
85.6626,398.808
85.2593,408.461
80.6806,380.627
82.5139,368.109
84.7818,408.7
85.016,397.577
85.0312,375.905
83.0503,394.452
85.6911,423.449
86.2329,400.995
87.0982,428.491
87.4049,397.74
84.8183,403.146
86.4589,419.756
86.7343,408.601
78.6767,385.113
82.6333,391.779
84.5552,421.704
82.5931,382.65
83.8356,391.104
83.1936,375.774
84.8569,370.792
80.7383,384.739
83.7744,381.623
81.2161,373.551
84.3581,365.991
85.0711,391.634
79.3617,361.723
86.4923,388.915
79.7426,390.774
85.3826,421.022
86.4239,401.689
82.3643,396.328
86.2468,409.4
83.3774,398.288
84.4096,367.593
87.2785,375.265
85.0883,373.644
87.867,372.802
82.7931,367.673
85.0606,429.256
84.6696,404.963
86.6284,410.539
86.4647,387.525
90.2492,394.011
80.0808,399.544
82.5473,388.479
85.354,426.38
80.2812,388.213
84.9668,415.957
83.7746,434.771
82.816,381.58
84.2005,382.441
85.5616,360.813
86.6965,370.715
83.9999,409.135
84.6536,383.69
86.4357,417.726
85.2853,391.805
84.57,369.571
85.0755,443.51
83.4864,409.894
86.854,441.71
84.7041,392.375
86.2359,381.332
83.9389,410.951
83.9765,390.69
84.9593,392.128
83.4001,415.091
85.0551,387.537
82.3477,399.689
83.5309,398.589
87.5637,443.054
83.8894,384.856
88.412,374.271
81.9695,384.558
83.148,420.752
82.9876,371.911
84.3819,387.97
86.0506,405.068
83.6676,372.866
82.0627,381.853
84.2814,378.052
83.5503,437.485
83.7419,397.14
83.4771,414.476
81.9491,362.519
85.7917,423.326
83.4267,406.85
89.0239,423.48
87.1484,403.05
81.8317,399.005
85.4435,382.227
86.4274,369.415
82.6589,409.148
86.583,369.805
81.5989,386.178
85.6797,395.864
84.0872,398.549
85.0398,401.585
86.1378,407.887
83.9206,440.191
88.4609,415.801
86.4367,369.465
85.4705,405.161
81.12,365.563
80.955,389.115
83.5396,387.574
83.8546,369.762
84.238,394.123
85.7632,411.574
85.4467,410.581
82.9697,400.142
87.2404,404.243
82.7784,372.567
82.117,388.466
80.8297,397.056
85.8214,371.756
81.9614,390.236
83.2354,383.46
82.1499,390.656
84.0792,391.667
84.1366,420.905
84.0697,387.319
84.6057,374.176
82.0035,399.175
85.7775,411.532
83.0208,424.89
82.2083,401.609
85.2084,412.523
85.1898,368.921
86.3663,413.853
83.9413,365.202
88.0705,431.685
85.948,388.334
82.9578,371.257
82.6911,364.257
82.2558,400.646
80.7973,383.57
84.6476,407.07
82.4697,398.395
85.2057,424.074
86.4598,410.185
85.4786,380.394
81.4823,403.804
82.5476,383.747
85.9236,424.791
81.6165,374.923
83.374,371.73
84.3708,389.936
86.6594,376.814
87.4788,428.126
87.5045,413.326
87.9028,380.274
83.9036,411.919
83.9858,420.788
84.6012,384.379
80.427,394.324
85.5225,413.18
85.3089,392.337
84.9228,427.327
85.1389,376.092
83.9834,395.309
84.9356,389.784
86.4942,380.666
84.1423,387.321
83.4275,416.819
82.6564,402.753
84.6845,402.629
83.781,369.457
82.0027,380.995
83.851,364.944
85.6292,383.613
83.0374,405.059
83.5813,390.462
84.1417,387.906
86.0213,369.854
82.1781,378.036
86.3649,438.856
83.9206,397.745
81.9974,379.174
85.6765,360.45
88.0951,410.918
83.4208,405.873
83.2676,434.232
82.1302,369.438
80.1715,349.929
84.2381,436.159
85.2781,393.974
85.6418,422.946
83.9268,399.394
87.3267,410.543
84.8473,422.192
84.4857,424.178
86.0206,400.436
84.0138,409.893
83.7715,413.661
82.7661,388.481
82.8158,406.686
84.3163,392.234
85.9988,416.056
84.1659,372.84
81.2732,383.873
81.5572,406.61
82.2221,383.393
82.1017,385.308
81.3178,384.136
85.269,389.755
85.8478,356.316
85.1181,391.745
84.3324,400.033
84.4682,415.389
84.0904,416.009
86.1506,391.192
82.3789,407.895
81.9413,416.127
84.189,418.03
82.4152,404.444
84.6104,381.025
86.4959,378.972
85.6744,426.68
86.1366,396.28
83.4325,403.007
85.4434,383.243
88.4088,428.134
84.2498,394.493
82.4811,383.057
85.3327,408.34
83.6104,374.561
83.2614,392.269
84.5072,399.057
82.4146,375.161
84.1409,396.831
82.8468,393.63
83.413,425.047
82.9254,365.438
82.1322,388.547
81.8706,389.166
85.9355,391.162
84.1233,405.244
84.2784,423.483
82.6293,406.071
86.3477,387.442
84.3797,384.233
85.917,404.706
84.6638,437.996
85.2652,403.98
84.1267,358.775
84.3871,402.93
84.1338,391.489
85.9037,399.318
82.7147,406.685
84.5841,409.168
87.0514,385.901
88.8787,432.195
83.4917,391.85
81.4548,373.753
80.6368,402.319
80.4803,360.573
83.1351,374.986
85.1669,393.792
81.1703,374.061
82.7777,389.881
84.4813,391.805
84.1881,401.351
84.8342,374.024
84.079,410.259
83.381,418.36
84.4521,379.323
83.8442,395.921
87.1869,394.286
84.1631,379.225
85.7252,420.375
84.3973,399.242
84.8217,383.961
83.8635,373.645
85.6574,382.54
85.3966,389.922
83.7759,372.294
87.3833,453.504
86.7329,390.348
87.5148,416.308
87.33,437.682
84.1924,403.62
87.0058,394.241
82.0838,395.533
82.9131,400.913
82.997,428.073
78.9618,382.643
82.6566,380.812
82.0993,373.503
83.7507,400.486
81.304,367.661
85.4462,413.122
82.7515,393.249
84.2511,400.866
82.8006,410.795
85.758,416.091
82.1807,410.273
83.8254,401.054
86.4457,376.013
82.0742,405.523
81.7743,378.691
85.2071,373.569
84.6085,384.483
86.3938,384.987
86.7953,362.823
85.3088,393.285
85.0437,379.732
81.4021,370.023
84.1704,400.969
85.2653,388.826
89.5615,374.24
86.1849,401.661
84.7351,412.017
82.0974,428.182
83.7848,408.968
82.4466,400.324
82.6889,390.157
84.7567,403.696
83.1019,383.977
88.6484,423.239
87.0002,411.82
84.4835,420.092
84.4587,387.723
81.7269,361.717
82.4928,423.783
84.8042,398.907
84.7517,441.961
85.9238,423.044
84.864,415.543
87.8068,353.877
86.2519,407.005
86.6892,364.792
84.6774,400.778
83.0025,383.416
87.9343,378.097
81.3702,373.522
86.9567,359.119
81.7031,411.373
84.1048,371.79
85.0807,427.042
84.0392,377.733
84.0457,402.499
88.726,437.871
81.7436,384.953
81.8493,375.029
81.8355,393.936
83.0428,388.295
82.6587,398.973
85.499,427.79
83.4949,393.212
82.0596,405.601
82.4325,396.374
83.8474,401.974
80.5416,389.233
83.0868,371.249
81.6695,393.258
83.8597,353.005
81.0354,380.333
84.1787,399.295
88.0753,375.523
85.6512,382.728
82.019,398.781
84.1826,396.524
85.0561,425.258
84.0322,399.902
86.0239,399.541
84.6423,401.939
81.8729,401.244
86.0256,446.889
85.7547,391.964
86.3289,384.682
87.2896,387.593
85.4,413.178
82.4848,420.232
84.078,417.894
83.2726,401.534
83.4056,391.324
83.5988,389.088
85.8478,410.361
83.1334,416.649
85.7644,372.578
85.0173,389.832
84.5947,388.89
83.3029,408.136
88.941,418.813
88.5712,431.313
83.2178,396.845
83.8777,388.546
81.9022,410.665
80.3278,357.092
81.5175,426.233
83.7394,385.316
80.9166,399.108
84.3858,394.996
88.8115,379.189
84.5153,418.288
83.9233,383.079
85.1636,433.72
86.9134,386.251
82.2474,400.393
83.546,432.785
83.3289,406.77
84.5937,394.754
82.6653,417.187
83.6136,412.257
83.2475,404.34
84.5043,399.617
86.3256,404.033
81.563,432.146
83.2863,395.812
85.2175,403.28
88.3533,417.908
87.6822,373.812
83.7557,386.994
81.9033,375.559
86.7776,415.43
87.0536,417.167
81.9047,411.956
82.0921,394.948
82.9786,429.302
83.6397,395.024
84.2736,376.984
83.4117,415.52
82.9502,369.431
85.1301,405.91
82.4881,381.289
81.6571,370.32
85.804,414.408
85.1527,412.982
87.506,417.301
84.6331,380.965
87.1875,408.683
87.6099,403.606
84.8717,423.043
83.6259,379.989
83.8087,385.845
84.7354,386.768
87.5195,394.794
85.2879,432.781
87.1482,387.587
85.6425,418.694
84.6764,420.977
83.0351,412.249
81.8514,437.301
86.115,426.419
83.6666,397.937
83.5863,402.473
84.1138,406.813
84.6889,386.472
88.3415,415.729
82.3635,392.78
82.4911,400.027
81.7883,385.373
81.0413,405.691
85.3379,426.447
86.8785,390.024
85.5311,381.877
83.7341,446.706
83.5703,379.939
84.473,425.329
85.2657,373.802
84.1576,410.991
85.7158,404.595
80.8571,395.225
84.5277,426.866
81.4027,366.799
80.8323,403.563
84.7631,392.878
83.4501,399.349
85.2723,386.075
82.2678,384.419
81.5766,361.815
84.1803,438.179
80.8219,373.479
83.2477,385.973
83.9955,393.394
84.6069,412.667
82.0608,383.319
83.1512,398.831
82.4481,382.098
82.9588,413.83
83.457,392.019
83.2325,412.702
84.1983,419.203
83.5371,412.666
84.1254,428.52
82.7417,392.315
84.6413,395.209
84.5437,390.339
88.6748,443.175
89.1366,414.672
84.439,367
87.3539,408.996
81.1643,395.673
84.6963,382.694
83.614,376.876
83.3152,417.879
82.0464,399.025
79.6136,403.478
86.1633,429.134
85.6927,407.787
83.7099,395.605
82.3984,359.946
83.0984,391.531
81.818,446.644
82.5276,383.775
81.0919,409.272
83.0064,414.583
86.0371,402.839
81.0525,384.912
84.1408,421.744
83.6938,380.925
83.925,418.893
84.8988,382.388
82.8014,374.217
85.0866,399.115
84.3917,360.493
83.578,398.48
86.4959,394.765
87.687,386.103
88.0915,402.851
88.8266,443.55
88.1893,418.766
82.3594,388.399
83.6758,358.803
83.3823,385.111
83.5698,379.42
84.1346,346.375
84.3419,422.421
84.8573,377.306
84.9567,409.028
84.2637,373.028
85.3927,422.595
86.2799,423.64
86.5205,412.071
86.7849,435.885
85.8938,398.13
80.4801,375.783
83.2423,417.626
82.6051,387.383
83.1299,413.375
83.855,395.607
84.4377,404.114
84.2253,399.695
84.6929,426.841
84.8132,383.546
86.1724,385.704
85.8569,408.538
86.1234,399.662
85.6257,389.844
89.7283,387.89
85.7682,411.07
84.739,408.469
80.8093,395.093
82.0592,363.292
83.5514,387.855
85.0723,392.892
84.5797,414.946
84.6275,420.571
84.2551,390.669
87.1814,404.574
81.2602,378.246
81.6042,373.661
82.2768,355.178
80.2027,369.163
83.8498,439.629
82.7285,421.781
85.6229,400.302
85.0121,389.304
81.7501,451.243
84.4845,365.238
83.878,356.905
88.7203,409.556
87.7208,417.179
86.109,358.708
87.5869,413.077
82.788,394.607
85.9965,380.661
87.7559,399.067
86.6254,391.714
87.1206,406.685
86.3881,445.81
86.9603,394.874
80.3261,364.59
80.5457,385.356
81.561,383.869
82.3942,394.941
83.8803,394.236
85.291,423.734
83.8851,437.697
81.6208,412.204
83.8979,376.071
84.8274,389.575
83.877,364.809
86.6302,397.827
87.4511,434.531
85,397.401
80.2819,396.849
81.2211,384.586
83.5229,379.341
84.1483,371.972
85.5402,462.043
86.7886,400.2
83.9042,391.929
83.1637,396.731
83.7151,405.94
85.4333,393.117
84.5127,407.775
84.8272,443.622
82.8027,389.882
83.7976,409.402
87.3786,412.46
90.0363,373.656
82.8291,390.948
82.1775,372.616
83.2583,395.768
82.1196,429.221
83.3481,394.714
81.0879,366.197
84.7515,382.237
84.6561,415.902
84.8027,417.247
87.887,412.585
82.105,391.592
85.2428,398.836
86.9636,392.703
83.2283,383.217
84.6059,399.644
87.2336,378.283
83.0649,395.261
82.5093,389.006
83.3587,420.95
84.0704,431.905
83.7114,392.768
82.7717,385.735
83.3858,385.764
86.3744,407.137
86.5797,408.951
88.0404,429.554
82.8474,404.232
83.0144,376.551
85.6318,417.919
86.7013,421.634
82.2656,427.503
82.7312,398.609
82.6709,397.523
84.1734,432.758
82.9556,382.328
83.9235,397.918
84.5487,421.381
86.276,435.16
85.558,380.898
88.1172,405.732
OPT
69.5068,160.052
71.0804,149.675
70.9349,158.82
73.1134,161.608
71.5292,149.835
72.0629,161.225
72.036,156.957
73.0399,167.759
72.2698,157.086
70.9971,149.754
73.0114,166.646
71.5705,158.804
71.8562,156.755
72.9055,158.153
71.9699,155.114
72.9337,173.014
71.6658,155.269
72.1416,168.503
69.7674,144.157
74.4971,182.44
73.4395,161.372
74.5343,159.641
69.9979,161.499
72.4675,158.744
71.6221,166.685
72.1827,166.326
72.7914,160.832
71.9058,164.574
72.3843,156.242
71.3974,164.235
71.7026,160.454
71.2256,155.875
71.0354,158.118
70.2311,158.874
71.4978,163.189
71.4329,156.16
70.7296,152.569
71.406,158.354
72.3864,161.041
71.8933,159.695
72.5873,158.582
72.4156,172.584
72.2416,161.427
72.4335,170.623
71.0121,151.809
71.9006,157.09
71.7937,155.293
74.5747,164.412
70.7438,163.029
73.2522,171.809
72.5531,173.836
71.5042,155.347
72.0006,163.066
73.8533,169.121
71.796,162.631
71.6789,164.931
72.5819,162.773
74.2494,171.758
72.7612,172.929
73.1695,160.704
70.7242,159.403
71.9692,167.778
71.0064,156.801
71.2099,159.559
71.5223,153.091
71.4821,154.76
71.7379,153.841
70.7987,143.836
70.122,155.638
70.6154,155.213
73.061,166.292
71.1984,155.623
71.6979,157.208
72.4516,157.149
72.2234,167.548
71.422,163.717
70.893,151.455
71.9872,157.912
72.5949,164.886
74.2231,165.107
71.7379,163.789
71.4706,161.984
72.2,165.5
72.6463,161.032
72.828,163.002
71.357,159.741
71.9725,171.241
72.2421,151.129
73.6074,163.213
72.7153,150.555
71.5551,161.695
72.2588,159.207
71.3054,168.332
71.159,159.803
71.7602,164.552
72.5602,166.372
71.5137,153.335
72.4377,155.742
71.5577,155.601
72.9299,162.523
70.0268,147.936
73.7322,160.397
70.1563,155.54
73.0297,169.477
71.3668,160.979
70.4181,157.702
72.2311,173.863
72.4965,158.253
72.1471,156.179
70.6466,152.458
73.7734,163.343
72.9722,171.744
70.8608,157.906
70.9446,150.249
71.2926,153.883
71.3987,152.123
69.3684,150.86
71.1681,152.607
70.7321,159.537
72.6137,166.443
71.2491,164.909
71.086,154.996
71.8347,152.021
73.3667,167.739
72.1595,152.566
70.9955,151.958
71.8205,162.97
71.2698,160.739
71.06,163.922
72.2058,164.223
73.3142,166.313
71.4399,152.473
71.463,158.216
71.9131,165.641
70.6937,157.207
72.7665,164.101
70.6133,149.401
70.1021,150.972
72.3878,167.148
72.173,168.391
72.7072,162.797
73.0468,175.304
73.7543,164.555
71.5012,152.959
71.4827,151.733
70.8202,158.173
72.3898,164.568
72.2313,163.65
71.4274,155.831
72.7365,172.713
71.0256,159.118
71.9507,160.931
72.2078,155.121
71.2125,150.905
73.3556,169.476
73.0317,156.779
72.0906,157.277
72.7158,160.49
71.301,153.047
72.5112,153.025
72.5331,168.997
73.3198,161.038
72.9035,179.759
73.7334,167.022
70.7677,156.437
74.5928,157.652
70.954,155.903
72.2237,156.931
70.7099,151.135
70.9123,157.396
72.7367,165.704
72.0129,157.218
71.8691,166.899
70.7577,152.637
72.1405,147.712
72.3469,157.136
72.1984,177.783
72.3126,169.81
70.5007,157.757
70.7769,156.832
71.8413,159.708
71.3702,153.199
72.3438,163.62
71.4584,166.869
70.9706,146.737
72.2392,165.395
70.712,155.328
72.5207,162.199
71.5447,162.987
73.6076,170.983
72.7028,166.621
72.8192,161.095
73.9085,170.642
73.6567,164.162
71.0863,168.36
70.0801,154.365
71.6886,164.379
71.6899,158.759
72.5853,169.24
70.2213,145.991
71.3839,151.109
71.0412,166.372
71.9221,175.267
71.8802,157.154
71.5909,153.403
73.191,172.716
71.805,160.257
72.2914,171.42
73.1152,167.165
72.7992,177.16
70.6534,147.075
71.7819,165.738
72.0076,156.047
72.694,161.595
71.2207,149.281
74.1172,166.187
72.5497,177.252
72.0254,167.273
71.1491,156.774
71.2519,151.707
72.6417,161.032
75.0873,160.426
71.978,160.521
74.4904,164.628
70.4262,161.697
72.6486,150.279
72.4426,155.465
72.3605,152.682
71.3872,163.151
72.0964,159.393
70.6399,154.162
71.7178,159.499
72.3366,153.071
70.3914,154.371
71.7337,163.748
71.6668,151.979
70.6021,158.47
72.3537,155.511
73.0783,170.732
72.4021,152.255
70.3356,152.244
70.9207,153.771
70.2381,149.77
71.6363,161.312
70.8581,155.493
72.1634,156.38
73.7115,172.518
73.2886,157.954
70.659,153.647
74.1675,164.543
72.2136,153.059
71.657,162.21
72.2647,157.803
72.6319,169.926
69.937,148.221
70.926,162.959
71.4816,157.018
71.6418,162.685
71.4655,150.424
71.2889,155.074
70.1291,145.856
74.2866,183.667
73.2585,173.48
70.7473,153.96
75.035,182.578
70.7616,152.054
70.6551,155.464
71.0499,154.991
74.4815,182.011
71.162,158.182
70.6704,145.83
72.7272,162.173
73.435,165.1
70.6643,155.218
71.5302,153.95
72.1094,159.322
74.8671,161.183
70.1512,152.167
72.7857,153.481
72.4296,159.622
70.6825,171.846
71.412,155.089
72.6339,166.282
71.8233,167.205
73.0272,173.271
72.2042,158.869
71.3789,148.342
72.9479,164.594
73.2492,177.641
71.5308,170.29
72.1521,172.792
72.6906,149.64
72.4513,168.258
72.0434,159.031
70.5461,155.103
73.084,163.663
71.6432,168.59
73.0794,165.608
72.3681,165.93
72.5832,155.279
73.4602,172.658
70.1409,149.904
70.5953,158.133
74.6569,162.418
72.8032,173.767
72.7049,174.213
71.205,164.408
72.2837,155.26
71.3388,150.096
71.921,171.301
71.4681,154.267
69.9781,155.217
71.2797,156.755
71.9612,161.414
70.8414,158.963
71.6823,157.068
72.4489,169.257
71.1655,153.131
72.6099,168.012
72.2491,156.262
73.0717,158.013
71.1115,159.259
71.1235,155.834
70.3113,161.574
71.3134,166.967
73.1691,167.376
73.0459,157.975
71.752,166.73
74.5509,166.537
74.0478,174.406
70.4018,147.054
71.5836,160.706
73.8989,173.761
70.5731,157.929
71.8688,164.677
71.8047,157.052
72.9649,184.426
71.9036,152.857
72.746,169.741
73.0934,167.431
71.3423,162.704
71.9981,165.324
75.9197,169.963
71.452,157.496
72.5726,161.352
70.1182,153.496
73.077,156.182
72.0442,165.49
74.3552,162.318
70.936,162.641
72.8264,152.79
71.4316,163.234
71.3224,161.553
71.6926,156.946
70.9588,155.299
72.5123,168.79
72.2964,163.539
72.7757,175.77
74.0059,169.7
74.8327,174.498
71.8136,161.177
72.013,169.888
73.0664,171.508
71.2043,156.325
71.7952,162.212
71.3252,153.946
71.7405,155.918
71.855,161.532
70.0385,146.403
68.9831,153.598
71.074,171.251
69.4322,158.555
72.1012,157.274
71.5358,169.582
71.8304,157.31
72.9435,158.135
73.2931,164.356
72.6542,163.155
71.8242,167.473
71.6116,154.819
71.2996,153.579
71.4428,151.788
73.0975,170.346
72.2189,161.467
73.1748,159.966
73.0653,167.498
72.679,159.627
72.6397,158.511
74.0061,158.419
73.885,169.736
69.825,144.857
70.5971,151.578
70.7126,160.735
72.5066,155.869
72.9041,169.801
72.4833,159.732
72.2898,163.361
72.2113,163.166
70.9335,149.023
72.2046,156.532
72.0249,170.554
72.2301,166.671
72.1556,168.048
71.8448,155.482
70.7354,155.181
72.6821,172.504
70.351,156.578
72.8487,161.24
73.5056,171.403
73.267,156.399
71.5962,156.519
72.8244,169.977
69.5109,158.56
72.0149,156.853
71.9874,164.247
70.2506,149.104
72.0728,153.209
72.1834,155.076
72.9495,157.902
73.4734,150.615
71.7518,156.456
71.4129,159.12
70.1628,157.938
70.645,147.242
73.1606,169.082
71.1778,166.096
71.94,163.134
69.9805,147.234
71.8564,157.657
72.1452,168.147
72.2781,167.217
71.9755,160.041
70.6283,150.886
73.6553,166.733
72.2537,154.185
72.693,161.915
72.9398,160.128
70.4068,159.15
70.3206,150.357
69.6184,149.421
70.9982,152.054
71.7694,167.05
72.6749,164.43
74.8682,172.172
71.4476,160.224
72.0981,161.248
71.7269,166.691
72.6596,180.273
71.4425,157.968
73.3757,169.152
69.5788,150.714
71.5305,156.316
72.0619,164.775
71.5516,162.718
72.998,156.211
74.3158,177.396
71.2065,159.193
72.8976,167.453
73.0147,155.691
72.1178,155.095
70.605,156.363
70.1991,147.555
72.1704,156.074
71.3987,159.429
71.9688,151.848
74.0455,160.152
73.3118,171.109
73.8009,162.012
71.6706,152.515
71.5393,158.251
71.7517,162.811
71.131,163.489
71.0376,161.257
70.517,165.939
70.5346,154.216
71.4942,149.427
71.119,156.935
72.9508,167.213
72.8859,153.685
73.1208,158.793
70.6544,157.175
71.5291,156.325
70.9415,155.819
71.5649,140.205
71.9157,157.023
70.7798,151.18
72.9403,173.205
71.9329,167.324
71.6292,161.748
72.7252,159.886
73.5186,169.389
72.0779,156.325
71.9816,158.384
72.5968,159.944
71.9979,162.476
70.9223,155.591
71.55,149.864
72.139,166.548
71.9641,162.796
72.7385,158.099
72.7453,165.02
72.1077,154.874
72.2012,176.808
73.9457,170.524
74.4849,168.866
72.6683,163.085
72.3332,162.1
71.9634,159.461
71.31,160.666
75.0581,164.439
71.944,152.045
70.8002,154.585
71.0403,156.358
73.1489,163.814
70.997,165.633
72.0859,166.282
69.3385,154.262
74.0481,164.304
71.8123,154.799
71.0251,151.926
73.1349,181.55
72.7714,160.441
72.2643,154.216
73.241,164.938
71.6327,152.568
72.8354,156.975
70.0945,148.114
71.4022,169.919
71.4796,158.981
71.7016,157.912
73.6111,171.763
71.2022,164.706
71.673,170.9
73.7644,166.44
72.1841,166.687
72.8222,172.035
70.6015,169.216
74.5295,162.658
72.8759,158.9
71.5934,152.064
71.9904,158.114
72.2355,164.148
71.9067,153.948
71.2757,162.322
70.1953,148.475
70.7174,159.562
71.0761,152.713
72.4442,177.298
72.5862,168.715
71.5319,164.908
70.4453,150.323
71.3082,162.335
72.5109,162.629
72.1042,161.035
71.6194,157.605
72.8704,147.042
71.7097,154.123
72.1726,158.096
72.0949,163.954
69.9909,164.685
72.3784,159.835
73.2679,166.3
71.9655,164.276
74.0215,171.86
71.4886,156.072
72.7924,163.191
73.1348,165.805
72.691,164.427
72.0105,174.698
73.7163,164.887
71.6743,152.367
71.9352,164.467
72.4996,154.495
71.4845,170.818
70.6887,144.524
71.7528,166.322
72.9191,161.758
72.5808,164.012
71.7899,172.275
70.7251,154.916
72.0649,157.485
72.6507,162.963
74.2079,162.878
70.6415,151.801
71.9466,157.554
70.8994,149.45
71.3946,166.213
71.3818,154.024
72.2166,160.885
72.6058,158.199
73.3896,159.053
71.488,159.408
71.4053,155.139
70.8447,149.317
71.4247,150.647
70.6314,152.091
73.288,168.781
74.2112,165.331
72.3158,156.283
72.7394,165.812
71.8208,158.338
70.7849,146.149
71.0099,156.949
73.5062,156.114
70.4341,166.543
71.2772,165.698
71.2061,147.632
73.339,163.207
71.6775,162.132
72.3925,166.863
72.5857,159.651
74.2785,168.46
74.1973,168.167
75.027,169.747
71.0011,159.825
71.0088,149.075
70.8145,148.344
71.6803,148.318
72.5013,173.433
73.5748,162.089
72.6329,166.733
73.9391,175.476
72.2765,155.306
70.365,152.563
70.6252,153.723
70.3027,162.76
69.7411,163.293
73.3197,179.942
74.5879,161.149
73.2793,176.922
70.1825,151.743
71.3797,161.919
71.5263,153.778
71.5458,154.986
71.1408,159.538
71.0806,152.004
71.2456,148.558
71.4037,148.644
71.1197,173.003
74.8249,173.926
71.3116,157.613
72.0107,167.411
72.1219,162.418
71.7125,164.651
72.057,162.696
72.4413,164.309
72.1425,160.886
73.3451,169.571
73.2041,176.231
71.0723,155.089
72.5103,167.582
72.2418,155.21
72.3062,159.759
71.4951,157.146
73.6948,160.119
70.7192,153.743
72.6093,163.124
69.8201,148.349
72.8585,161.414
70.8222,155.88
70.7213,151.765
71.5679,156.726
70.5346,160.287
71.3856,157.544
72.3932,148.6
71.8744,160.329
71.1851,169.244
70.7885,159.925
69.4362,151.71
73.2166,156.896
72.3197,162.23
73.3918,154.333
70.538,172.657
72.5886,163.21
72.1895,163.2
69.7858,159.351
71.2405,158.607
72.4258,162.089
72.2839,154.008
72.4642,161.524
70.5904,152.733
73.7134,169.603
72.2486,156.978
71.1093,153.987
71.7926,160.341
71.9843,165.982
72.2743,155.101
71.5099,155.079
69.8722,149.222
72.7748,149.648
70.0487,143.67
70.1586,150.19
71.9212,150.4
70.4255,155.389
70.5772,156.149
71.9545,155.904
70.5573,151.826
70.124,151.684
72.543,165.782
74.9316,171.633
71.181,167.595
72.9082,163.964
72.1285,158.99
73.635,163.661
70.9091,151.779
70.4919,147.319
71.5879,163.077
71.6777,163.335
70.7681,150.699
71.2889,154.881
72.9679,163.47
70.425,148.517
71.4381,155.904
72.3765,156.192
73.7121,162.51
70.9682,166.583
71.4415,151.629
72.1179,156.314
72.3549,161.595
70.6799,156.427
71.08,142.41
70.6861,175.9
70.229,152.104
70.8089,144.937
70.5983,155.477
70.4305,153.218
71.3189,162.605
70.6108,161.486
75.8272,168.58
75.3808,165.663
70.8917,171.58
71.7521,152.437
70.7592,153.163
71.9077,167.709
71.3105,155.84
72.2193,161.144
72.7733,160.77
70.9849,159.796
72.4612,162.327
71.281,162.876
71.3356,166.254
72.2601,153.793
71.3495,154.048
70.9877,166.469
72.8712,182.111
70.7668,157.561
72.2891,163.863
74.3035,170.194
71.9207,161.848
71.5559,161.365
71.8042,167.301
72.9812,170.501
71.8315,145.77
70.2939,149.682
70.768,154.602
71.4129,166.442
68.9394,149.438
70.3779,151.468
72.2358,156.798
73.0633,164.958
70.7079,168.357
71.5666,158.293
69.834,148.284
70.3561,143.009
73.8526,171.42
73.0059,164.83
74.5147,166.705
71.9652,167.586
71.7698,161.651
72.5424,156.386
70.6021,150.512
70.0951,158.568
71.6316,153.45
70.2921,153.34
72.4291,160.681
70.7035,161.218
72.8244,159.87
72.2186,165.332
72.7105,170.978
72.2189,157.125
72.3101,156.43
72.5031,154.192
71.3631,146.273
73.467,159.854
73.0138,164.549
70.6625,161.688
70.8741,148.8
71.6548,161.802
72.0392,149.298
73.5583,165.137
72.3486,156.829
71.2667,156.113
73.3646,166.37
71.697,149.515
71.3422,154.84
70.2724,147.824
72.1243,163.99
70.8972,164.571
71.7941,161.06
72.2263,165.209
72.1596,158.903
71.6875,159.552
72.6744,160.693
72.0875,169.397
71.1925,162.054
72.3016,166.154
72.0349,166.833
73.0024,164.811
72.0577,161.47
73.4568,162.712
71.1803,165.634
73.0303,175.347
71.9615,155.481
71.936,155.374
72.2747,156.532
72.4154,159.164
70.7009,150.261
70.7335,151.254
71.7484,154.144
72.0611,161.518
71.8102,157.317
72.5979,160.838
74.3375,169.911
74.1417,168.745
72.8126,157.271
71.3598,154.724
72.4754,158.986
69.8527,155.82
73.6016,178.822
71.1416,167.039
71.7662,158.485
71.5997,157.299
72.6492,165.951
71.0759,164.412
71.3297,162.44
72.9414,167.66
72.7409,173.277
71.4724,159.663
72.0242,156.807
72.4073,163.594
71.138,162.187
71.2032,153.315
72.0118,159.258
71.5452,158.34
71.2732,166.032
71.7707,163.056
69.2449,139.114
71.922,168.985
72.1701,156.791
72.5211,170.494
74.2263,162.812
71.4291,149.183
72.1365,169.393
70.7637,165.261
71.452,151.501
70.7973,158.155
72.2654,159.282
70.8992,149.076
70.0826,160.48
73.138,154.672
73.4622,167.058
74.1824,182.077
70.4079,147.938
70.8394,150.088
71.1419,159.959
71.0762,152.679
71.1867,144.221
71.5887,159.14
73.1173,169.131
71.7807,153.025
70.9814,154.562
72.2649,153.153
71.633,164.74
71.8098,164.887
70.9738,153.699
72.4166,160.867
70.5733,154.927
71.4031,154.322
72.3411,164.014
71.079,154.602
72.0438,165.162
73.3838,158.766
73.8844,162.068
70.8742,155.952
70.9022,152.755
71.1486,161.536
72.6544,157.746
72.8693,167.012
72.308,164.332
71.3843,155.932
74.3258,164.034
70.8135,153.901
72.9204,162.593
72.2871,171.149
71.2789,166.293
72.4152,152.31
71.1724,154.333
73.3739,155.376
70.8418,152.603
73.3383,154.843
73.0406,171.897
72.7992,171.312
72.2649,156.949
72.6531,164.647
71.4598,155.602
75.0196,173.689
75.1054,166.664
71.3162,154.437
70.2818,155.705
71.0278,157.026
71.8442,169.126
71.8023,165.524
71.5945,153.175
71.0704,152.452
71.5663,160.4
71.6406,176.178
71.2917,162.107
72.9245,157.115
71.7253,154.783
73.0733,154.45
73.0111,165.218
71.69,167.212
72.7008,163.997
71.6385,158.76
72.1522,168.517
71.6258,160.061
74.3567,176.137
72.6476,155.274
72.5668,167.584
73.2254,154.684
70.2116,155.459
73.7187,166.91
71.1957,158.159
71.9571,159.254
72.7901,175.379
71.9604,171.443
72.7209,154.531
71.3097,159.06
70.0787,155.233
71.3422,153.398
71.1574,153.511
72.0737,151.87
73.2592,159.863
72.1857,161.302
73.0588,154.043
71.4048,154.639
72.4671,172.905
71.6017,158.15
71.2061,163.39
71.4226,163.538
74.0595,160.986
70.638,174.247
73.7166,165.061
73.0384,165.987
71.7445,163.455
72.0987,153.075
72.434,164.864
70.944,151.359
70.9308,157.543
73.6342,169.745
72.8193,150.982
71.0172,153.927
71.7083,157.784
71.7253,167.23
72.4317,167.007
72.7357,157.027
72.2325,151.88
70.8091,149.66
71.1346,151.858
71.6464,152.15
72.0144,156.088
71.2523,155.54
69.4384,160.323
73.5544,166.825
72.3789,163.901
71.2344,152.835
70.1185,161.235
73.1456,168.305
71.7044,161.056
72.9748,162.082
70.0724,153.807
71.1267,163.988
72.4228,159.426
70.2971,153.836
72.0992,165.848
72.2615,162.898
70.7808,167.18
71.9802,158.454
71.8109,164.005
72.7848,180.661
71.3057,154.038
71.625,154.99
70.8791,157.839
70.4671,163.164
70.4414,154.929
70.7702,150.721
72.3906,168.875
73.0699,158.881
73.5727,176.141
73.5761,160.153
