Greedy
55.6486,179.466
51.6292,169.576
52.6022,186.768
50.5218,161.101
54.055,160.937
52.2608,153.607
52.2524,165.711
52.5474,163.535
50.8056,176.437
53.2014,181.228
54.7066,158.612
52.3342,189.908
52.7088,188.534
51.6324,159.505
51.5902,155.133
50.1148,169.911
51.1338,170.907
51.6868,174.423
50.9738,135.449
52.0508,175.017
51.1616,180.434
50.5712,150.054
53.4134,156.694
50.869,157.827
50.3582,160.877
53.2844,168.189
55.2674,192.047
50.528,141.073
50.4188,182.312
51.144,137.61
50.223,169.323
50.8322,166.669
51.7788,143.546
50.9948,157.985
51.0472,148.787
52.1314,173.715
51.615,168.306
54.5448,128.85
49.4734,189.648
51.2534,144.15
52.1068,169.12
53.2346,157.035
51.038,180.958
50.772,169.921
52.7038,138.572
54.6016,196.363
50.3424,168.4
53.4532,205.694
54.9814,161.621
51.5086,146.85
50.6434,149.316
54.5852,177.826
54.8078,190.404
50.7632,156.708
50.9012,149.395
51.9284,190.654
51.5734,142.793
50.4976,162.511
49.6612,167.552
48.5394,163.592
49.9006,162.765
49.6978,144.073
48.9682,161.466
51.0474,169.014
52.0074,181.64
51.7748,182.189
52.3394,157.881
53.3366,183.903
52.4446,154.697
52.9502,161.258
52.5454,164.735
53.9722,217.009
53.0786,181.051
50.6126,151.549
49.1642,151.744
50.5586,133.126
50.0852,155.405
52.9982,173.956
48.7704,157.509
50.454,156.643
50.5726,160.466
51.55,153.71
52.1698,159.41
50.941,154.539
51.9324,175.405
51.2254,140.109
51.9938,164.159
52.706,144.111
53.5786,166.446
52.3032,168.464
48.9606,161.059
48.4404,134.747
54.999,163.551
52.9152,150.376
50.153,147.088
53.4458,186.107
51.0662,156.436
50.5852,163.778
48.9548,147.682
51.573,159.281
50.0786,180.787
52.9298,145.765
50.3008,175.511
51.8912,165.204
51.5382,184.755
51.6024,171.604
51.6274,143.119
53.0254,143.11
52.4598,175.28
51.0456,172.829
53.7116,174.712
53.8418,138.319
51.5986,176.916
52.1228,165.638
51.3296,154.808
53.2378,187.24
52.473,164.286
52.1444,151.95
52.5438,180.68
50.6924,131.956
50.5782,149.734
52.0724,168.372
48.2182,147.07
50.9228,154.669
49.9228,176.094
52.44,183.731
51.5164,161.348
54.3214,167.343
52.4976,176.614
51.005,146.759
49.511,163.237
51.9712,159.091
50.7586,173.344
51.2286,171.296
52.1746,154.869
52.448,159.711
50.086,160.084
52.1024,163.525
51.149,149.836
48.4532,157.952
53.0098,194.202
49.6974,161.75
51.4938,164.707
51.5622,154.276
51.8434,152.222
50.5196,171.585
51.6002,156.242
52.8482,176.079
50.7978,149.226
51.646,175.08
51.5622,150.473
52.1194,160.002
52.1378,162.128
49.5946,148.806
50.9372,161.324
52.8726,178.757
51.7072,180.023
53.0178,180.03
50.4028,152.557
50.5102,155.696
51.734,145.536
49.557,179.891
52.5486,194.21
53.7316,155.642
53.5958,178.353
50.9944,170.514
52.9222,171.373
52.556,161.706
52.6108,175.974
51.1646,160.152
56.557,176.163
50.8032,185.114
52.9264,186.485
53.0564,155.917
50.6446,166.452
52.0138,149.787
52.1892,177.715
51.6352,185.124
49.8642,153.082
53.1262,177.116
49.8624,143.151
52.4458,184.896
50.615,164.78
54.1204,170.53
52.3108,144.113
51.1348,169.217
50.5392,159.76
51.0066,167.028
52.9372,194.95
51.294,147.19
51.9338,149.094
49.4472,153.942
53.845,156.197
50.5208,156.775
50.2124,177.015
52.5632,164.282
52.9244,153.927
52.6186,137.609
50.8124,163.993
51.2246,167.126
52.8648,180.953
52.6848,156.193
51.6856,148.108
53.0014,160.25
50.4782,157.115
54.6102,182.962
51.4926,185.857
50.7498,154.002
51.8434,182.83
50.5482,160.425
52.901,174.813
52.6346,157.416
49.9192,167.206
51.8706,150.515
50.7152,164.176
49.5496,157.611
53.8408,174.102
53.5388,180.221
51.9788,154.816
53.2704,164.81
52.1868,140.21
52.1718,183.114
52.6276,169.065
53.5978,172.512
50.4858,165.95
51.5366,146.232
49.9202,169.479
51.8078,159.793
51.5714,186.78
51.381,173.034
52.2576,142.156
50.7714,163.615
52.0932,155.227
55.1538,152.877
52.3616,154.823
55.7624,199.498
52.286,178.005
53.377,177.541
51.7974,144.747
51.5486,156.433
52.1412,138.081
48.5288,160.885
53.0242,170.474
51.753,180.671
52.4374,160.457
50.6778,161.034
51.6772,175.289
50.8352,163.737
50.964,164.516
52.0584,181.799
52.3328,166.45
49.7056,149.33
51.639,156.32
50.004,161.53
54.9578,159.427
49.9348,161.286
52.5906,155.976
54.1624,184.196
52.5602,174.002
48.9534,142.134
52.3812,156.539
51.7054,153.472
52.067,183.009
50.5178,160.196
52.8494,189.426
50.5088,150.156
50.5256,157.677
52.0564,159.564
51.7412,168.98
50.6156,158.592
52.9704,168.525
54.4076,200.004
54.8584,163.765
52.256,155.9
51.5098,171.367
51.3978,181.972
51.484,157.952
49.5794,160.841
52.034,174.368
52.4926,171.546
55.4972,188.796
51.3446,160.677
51.4928,184.915
54.0062,172.535
56.006,174.998
50.854,153.323
49.4068,155.283
54.1444,187.452
50.2074,138.515
50.8894,158.793
51.4702,155.555
49.6458,139.243
51.299,183.638
51.305,179.72
51.5368,167.407
51.8456,156.897
50.1808,166.486
52.003,148.183
51.324,168.963
49.7162,180.215
54.4292,162.348
50.6632,170.849
54.2986,176.356
53.9254,199.088
51.9516,129.669
50.4188,183.013
52.261,160.483
50.7854,166.729
49.4106,148.519
52.3252,153.162
52.38,167.846
54.5562,195.329
51.2664,179.025
50.1476,147.524
51.8528,175.415
52.6406,154.054
49.051,152.599
49.3312,163.732
53.9388,174.752
51.863,165.794
51.5804,167.2
51.1582,143.24
49.4708,157.512
53.4064,151.614
52.123,159.89
49.143,155.788
53.4436,180.022
52.693,179.511
50.3098,154.393
49.336,166.68
51.1578,150.464
51.7256,146.217
50.0888,129.876
52.7242,163.17
50.4144,146.75
50.539,171.985
50.033,141.149
53.5944,187.052
50.5214,177.776
53.0282,167.27
51.4212,153.336
52.383,167.074
49.3922,161.761
47.689,170.404
50.383,153.882
51.6282,159.497
52.4868,151.953
51.3904,171.265
51.5124,163.638
52.6414,164.72
48.9832,165.711
52.5798,156.713
53.5656,171.231
52.354,184.536
51.9344,141.69
52.4376,165.134
49.3996,152.995
49.9108,149.934
50.3296,179.02
51.4992,187.397
49.6728,146.645
52.348,201.336
51.917,190.53
51.6086,170.372
51.287,169.83
50.1174,128.981
52.577,143.847
50.5192,151.959
53.0276,147.085
53.8398,170.468
50.6974,159.87
49.3004,159.615
52.9364,166.456
49.3042,164.581
51.9538,175.059
52.473,155.714
51.2072,154.54
52.5254,138.043
51.879,143.694
51.6574,153.11
50.1278,168.339
50.7538,159.393
52.8514,153.013
51.9408,176.647
51.624,154.99
52.5556,179.117
54.0472,194.218
52.0194,133.328
50.729,177.724
51.4112,161.281
50.7556,174.329
52.5322,166.781
54.2846,172.168
48.7414,127.683
51.2688,146.702
50.8636,157.668
52.4676,160.706
52.8352,163.675
51.5452,156.162
54.1954,185.685
49.8518,147.644
51.1226,162.079
52.0482,163.069
52.8466,174.074
52.8824,186.76
52.2122,157.831
51.8418,182.24
50.676,161.999
49.3684,156.359
50.2312,162.218
51.8274,189.366
50.739,151.537
52.8422,188.331
54.2626,164.434
49.4348,150.291
53.689,169.701
52.7126,163.306
50.183,162.94
53.1016,172.343
51.3214,182.08
51.6704,157.326
52.319,156.658
53.673,165.708
51.8306,176.285
51.4302,163.833
50.2524,153.252
53.6552,170.957
53.0988,152.735
52.3922,152.698
50.2334,167.276
51.7246,169.944
51.6674,160.648
53.6564,134.735
51.3016,164.776
51.4804,167.488
53.7984,175.461
51.0748,156.741
53.4926,153.571
52.639,152.262
52.8548,159.979
51.616,166.697
52.4392,175.051
51.3272,163.434
49.0086,178.154
50.9772,161.763
50.754,169.802
49.0492,164.634
53.6652,190.765
48.8818,164.5
51.6198,159.578
52.755,189.117
51.7958,150.524
52.0336,174.369
53.2408,159.064
50.9836,157.547
53.5732,163.129
50.9384,169.583
49.7376,156.86
52.1646,135.615
50.7306,171.989
50.9444,170.616
48.5582,142.025
50.7592,148.797
49.7186,169.415
50.9432,151.106
52.2672,164.924
51.7924,162.053
52.7516,172.926
50.5802,150.755
52.6696,149.103
50.402,158.133
52.4456,176.208
52.3834,169.769
51.6482,163.665
52.2394,167.508
48.6258,151.278
52.5704,183.48
53.2394,181.421
51.4646,162.09
51.419,163.272
51.6322,160.905
52.4908,174.398
52.077,149.511
51.3458,176.601
52.1626,196.824
52.0456,171.741
51.5612,182.009
50.2078,145.206
51.7602,183.664
51.322,171.652
49.6748,140.253
53.5762,192.888
54.4476,168.862
52.021,157.2
52.0942,151.535
54.1044,185.047
51.8744,161.776
49.2782,161.763
49.8562,175.171
51.5006,176.351
52.587,187.45
48.7422,158.609
50.6318,139.192
50.5558,159.817
53.3924,185.599
53.3466,162.119
53.9432,151.438
52.918,153.133
52.0234,190.485
51.083,174.605
52.1602,186.536
52.166,167.693
50.7666,174.293
53.0564,165.024
50.6454,163.395
51.942,162.116
53.2998,158.681
51.7246,179.342
49.4424,158.343
52.7728,185.447
51.5178,150.858
49.0972,155.754
50.5566,168.874
49.9398,146.756
55.2406,160.131
50.478,164.548
55.393,171.623
51.0996,147.444
51.0832,159.824
52.1524,170.265
51.5944,176.217
52.089,164.405
49.986,144.132
51.3136,151.692
53.3012,174.233
51.41,152.991
54.4848,163.213
50.4426,169.513
51.3926,181.108
50.3896,149.025
50.4972,150.91
51.6056,155.33
52.0082,152.427
51.3444,177.378
50.2694,152.937
49.1822,154.882
52.6416,162.501
50.404,166.728
52.243,178.423
52.0132,167.91
52.9062,149.414
51.4228,155.572
55.2992,165.081
51.6948,154.718
53.5046,184.752
53.4114,149.819
54.198,174.849
51.4162,140.055
52.2988,170.968
53.39,163.208
53.1316,158.347
51.545,167.366
53.5896,160.577
51.7064,158.229
51.4248,176.188
49.8912,186.851
51.4956,159.166
51.1518,181.706
51.497,184.308
51.3242,146.19
51.1698,162.18
54.3902,150.391
54.0186,155.923
51.643,160.389
48.0916,159.926
51.0218,165.549
48.0372,166.16
50.0624,174.819
47.698,130.635
51.4132,162.443
50.4364,169.874
49.9806,165.626
53.7546,181.126
50.0394,176.788
52.1328,150.565
53.386,163.421
54.5382,189.54
50.6402,140.577
54.3116,158.175
53.3502,166.252
50.9656,158.54
49.8816,153.566
50.0144,172.109
52.3864,172.621
50.546,165.276
50.9252,166.919
51.9288,157.32
53.1364,197.857
50.7392,162.392
52.8042,161.998
52.2292,166.188
49.5678,184.677
51.7198,149.728
54.5856,166.694
50.4552,151.217
49.9746,170.87
50.3928,181.414
50.9394,158.444
54.6414,174.56
51.6308,157.286
50.5356,158.87
53.414,175.779
50.6326,162.564
51.167,150.61
50.7346,159.804
51.8674,157.06
52.2486,135.65
52.433,165.07
54.1868,186.329
50.6356,165.197
50.6522,170.679
50.2362,168.014
51.0414,150.267
50.5322,170.252
48.5402,153.442
51.4566,178.941
54.4918,180.002
52.033,188.281
54.0462,183.926
50.9234,165.827
51.0064,169.393
51.4938,181.036
50.9102,160.951
51.5156,159.079
51.5986,126.364
53.423,169.761
55.2768,209.933
52.5496,149.819
50.9518,145.424
55.3884,189.45
51.2754,182.211
51.621,162.699
53.3006,148.617
53.0978,167.247
51.8282,165.967
48.689,147.196
54.8962,164.78
51.9112,160.596
52.1578,166.397
50.7968,162.736
50.8806,156.546
53.5122,152.029
52.0236,176.157
52.3844,190.28
52.5474,151.44
51.3994,174.153
49.4582,158.773
53.1502,179.358
52.45,148.625
52.5786,172.185
48.7064,146.162
51.9884,189.722
53.7698,163.39
52.2232,185.032
50.9802,162.486
53.2154,176.354
51.0184,149.676
50.3274,171.22
53.0338,158.004
48.3462,172.595
50.2924,148.278
52.2408,144.148
54.9394,174.588
52.3816,169.671
50.4302,172.694
53.4318,163.798
51.8034,158.507
50.8306,172.946
51.0908,142.578
51.4344,166.295
54.5808,163.244
50.6468,161.051
50.9166,186.181
53.0232,160.846
51.0648,181.585
54.1634,175.161
50.4908,166.106
51.8346,163.905
50.2088,175.501
50.8362,164.931
50.5936,155.357
51.3498,158.758
52.8204,213.847
49.8438,148.069
50.3488,158.123
49.4426,151.92
52.7446,188.894
50.8026,178.021
48.3118,142.813
47.6774,168.288
48.339,143.574
51.6146,165.365
52.9976,160.919
53.1184,186.96
50.2864,178.679
52.5028,158.325
50.867,166.912
51.9134,136.481
53.3104,185.676
50.9032,142.483
51.2128,146.072
52.1838,170.129
51.1668,141.292
52.5564,167.977
53.1748,200.059
50.4434,169.527
50.28,143.669
48.7762,170.569
51.0652,162.311
53.3438,182.121
49.674,167.223
51.671,169.384
51.9712,147.047
52.9138,160.059
49.7288,163.367
51.94,167.897
50.5006,153.116
51.7784,134.971
49.4788,154.616
53.1998,154.908
52.6592,165.5
51.1392,160.598
51.4842,185.535
53.3014,149.272
50.2862,134.522
49.8464,165.921
51.265,165.884
52.2512,181.974
50.6642,161.679
51.8162,156.808
49.8376,162.035
53.9998,206.876
50.4226,151.38
52.573,157.952
50.6248,146.025
52.791,160.19
51.7804,173.825
51.0794,198.117
50.7136,168.04
51.9904,151.361
51.042,162.804
51.5478,181.724
50.0712,146.255
55.2934,187.958
52.0594,173.498
51.4336,134.357
50.0384,155.163
50.12,130.052
50.3034,142.152
52.1324,167.708
53.3808,175.283
52.4552,186.748
51.0186,162.373
54.7596,173.254
51.2212,156.983
52.3656,169.96
49.278,152.334
51.8698,155.021
48.7024,149.637
53.9942,189.866
53.995,214.551
52.468,193.772
53.1694,174.928
50.7732,146.62
49.4488,145.892
51.3912,155.499
51.2446,187.665
51.6778,146.503
52.7588,162.53
53.6696,192.631
51.356,175.52
52.9614,165.212
51.6168,180.58
53.5608,147.438
51.7492,147.875
50.7882,163.348
51.7422,167.707
50.671,141.486
51.4022,163.419
53.1012,163.974
51.2106,159.004
50.925,148.413
51.5094,169.169
52.4484,185.412
53.7864,181.996
49.5794,140.914
50.6248,157.794
51.116,142.561
52.3666,164.638
51.4288,169.623
50.2162,148.958
53.4994,138.437
51.0052,160.202
52.63,165.361
49.6024,161.88
52.3674,155.627
50.9738,176.386
52.073,161.769
50.047,159.499
52.5018,172.747
50.3376,158.371
51.8376,171.318
51.6142,188.043
51.877,152.616
51.7192,161.552
49.6454,151.038
51.9652,149.022
52.4132,167.215
49.1158,147.414
50.9618,165.667
52.7012,185.871
49.5606,166.993
53.3276,182.723
50.9642,159.668
51.0204,168.959
52.271,158.078
52.2988,172.476
52.1898,159.855
52.4544,163.081
50.2426,174.567
52.2178,160.371
52.6348,153.913
48.3544,153.837
49.8696,163.832
49.996,169.399
52.1956,187.787
54.0054,180.134
51.0802,178.66
53.547,170.178
54.2274,176.972
50.8462,165.006
52.5154,165.065
51.1638,163.593
49.6028,166.28
50.0736,145.41
51.3042,155.224
52.1846,156.111
49.1178,149.778
52.048,160.901
50.7374,169.99
49.8734,169.199
51.7488,163.385
50.6402,157.277
49.7924,170.202
51.944,168.119
53.3188,168.383
51.4468,162.798
52.404,195.076
50.0744,151.726
51.272,148.741
52.5828,166.257
51.6606,149.65
51.1106,167.442
51.4386,166.66
51.162,169.561
51.1492,166.812
53.011,196.377
49.8168,183.681
51.6952,201.504
51.9948,186.231
51.6298,164.472
52.1034,173.41
49.449,140.537
51.4566,156.163
51.235,163.718
52.3272,161.596
49.7734,143.69
50.9712,165.923
52.3304,161.348
51.7942,161.705
52.2808,164.424
52.3014,168.985
50.378,159.141
51.4924,152.771
49.7024,162.759
52.1886,148.816
52.9408,170.109
50.6728,156.362
55.7772,183.073
53.6166,158.11
50.5658,167.162
51.442,166.59
49.653,155.13
51.1502,175.698
51.8512,167.064
51.7488,171.229
51.2544,146.644
50.9074,151.874
50.3106,166.531
50.3584,145.406
51.565,162.305
49.5368,175.608
51.452,137.888
52.2202,164.89
51.5294,172.481
51.2902,164.166
52.5104,174.171
52.9896,170.107
50.7398,150.959
54.0798,177.739
49.2926,164.488
53.3132,159.138
50.4752,167.41
52.2,152.354
51.659,166.48
52.9094,168.471
51.6696,147.572
49.1866,152.372
52.3334,159.139
52.9926,163.42
51.4858,162.729
49.9102,164.533
49.0006,143.766
50.877,158.808
48.6228,150.758
50.665,155.692
49.4388,143.205
53.071,183.41
52.325,177.335
52.9218,172.79
50.246,151.671
54.0014,182.012
51.0784,164.482
53.5724,193.824
50.4232,176.884
52.0158,168.502
49.7374,147.166
55.222,161.056
51.4444,172.954
50.9854,150.72
48.7918,159.513
50.7596,149.471
48.585,159.542
52.8356,157.471
53.2306,198.79
52.0514,154.262
50.7348,160.874
51.5448,170.911
49.7718,153.554
50.633,150.944
49.1754,157.406
51.4638,169.173
51.2098,164.721
49.7264,160.914
52.2082,185.211
51.9802,159.922
48.5034,160.657
50.999,174.07
50.9334,162.791
54.6934,197.13
51.0846,153.648
52.079,173.03
52.424,168.696
50.8134,183.76
52.6682,187.575
49.932,148.495
52.3538,173.662
50.61,147.555
49.654,166.286
51.019,157.028
51.0398,183.449
51.4824,191.618
51.6068,154.422
52.3582,163.867
54.8842,142.53
53.5182,180.249
55.2948,167.876
51.0004,154.859
52.7702,158.517
51.1986,151.482
50.9748,155.241
48.4966,152.225
49.7998,169.566
52.1428,158.443
52.257,159.542
51.569,142.943
52.639,173.241
50.7156,161.232
52.3474,167.557
51.1418,185.2
52.6484,185.219
50.3386,181.421
50.8952,152.494
52.8216,172.542
49.7146,169.691
51.0518,163.595
51.436,156.534
50.6672,152.141
50.7126,151.198
53.1282,155.782
SD
48.947,86.5816
49.9166,88.3142
49.6958,93.817
51.314,85.0683
50.006,91.6486
49.4852,80.6955
49.347,87.2866
52.386,88.1364
51.175,91.3484
49.1246,88.6954
48.9864,83.2287
50.302,99.3664
48.3658,77.2697
52.489,86.8907
49.4452,87.9463
51.6396,87.1601
50.414,88.4714
50.1406,76.975
49.8256,87.4268
51.2396,94.4174
48.886,75.8015
49.5286,82.0993
49.7098,86.5175
48.9022,83.9449
47.4838,67.5874
47.5876,85.9434
50.056,73.3194
49.4268,88.5621
48.293,81.6517
48.747,83.3094
48.9746,81.7178
48.4716,81.6058
50.3742,80.4577
48.1304,81.505
49.6424,88.1745
49.6182,85.6922
51.442,80.7973
51.6044,84.9787
48.4506,73.8158
48.4094,73.1844
50.5252,85.9247
48.329,83.3108
50.9944,97.9598
48.716,93.0422
49.9244,82.9313
49.4038,75.4157
48.9986,83.4949
49.163,78.8
48.4746,87.1068
50.7184,89.8765
51.5434,93.6951
49.3746,88.4648
47.5518,71.1637
48.128,94.315
49.9222,85.1685
48.7212,83.5401
50.4704,76.7196
47.6442,75.214
49.8562,82.4085
49.7794,84.6929
48.385,69.4208
49.7746,78.4443
51.3994,103.415
48.5174,92.9026
49.9384,91.2265
49.2412,71.4099
47.0304,83.1051
48.595,84.1075
49.4712,84.9224
49.6642,101.229
47.9898,77.6245
48.478,87.2501
51.07,92.0634
50.13,82.3156
53.717,86.7594
51.4312,93.854
47.4384,80.0544
49.6596,91.3442
47.8076,77.5282
48.7692,74.9161
50.9312,83.0899
46.6634,68.2141
49.0912,90.68
48.5376,77.8321
49.0614,77.4673
48.8834,83.88
49.6062,83.2055
47.407,81.9202
50.8916,90.5169
51.397,93.5503
47.3156,76.2979
50.437,84.9
47.6926,79.0106
47.932,76.6778
49.4998,78.1058
50.8554,90.303
47.9086,76.588
49.891,90.2831
50.0884,88.5766
48.425,88.2209
49.3356,84.1873
51.016,80.3593
49.4898,89.9597
51.3296,100.209
50.9926,105.002
50.2302,87.9177
50.0236,85.8662
49.0704,80.8523
48.9238,79.6265
49.8288,89.9981
50.6358,102.128
50.837,84.8683
48.6002,85.4059
50.988,96.6474
49.6346,97.1498
52.9612,81.1266
50.0764,103.044
50.7852,83.7288
47.7722,87.7152
50.4834,80.0923
47.7264,71.7385
49.3306,105.082
49.9478,80.6205
50.5788,97.5038
48.6052,73.63
49.2174,71.1227
51.1124,76.0483
50.154,85.4681
49.8974,88.7771
49.24,79.3138
49.0088,84.4643
50.6334,78.1799
48.6668,94.0576
48.4594,69.9928
48.3066,75.0684
49.7586,74.7335
47.0294,99.5273
49.9402,89.0499
50.2952,88.391
47.1136,71.9728
50.0408,81.6409
50.832,87.9522
48.5932,88.3317
46.9806,88.6819
49.6078,79.4964
50.8324,92.6861
50.4486,94.3416
48.4234,80.4312
47.8072,83.7222
50.0586,77.2552
50.001,92.0408
49.3374,91.0388
47.6692,78.4558
48.9412,85.1295
48.8426,84.3862
49.3576,85.3578
51.0348,90.7981
51.9856,92.3022
49.3862,80.9277
48.9102,80.5518
47.977,77.0177
49.4652,78.6003
53.1782,105.401
49.6402,87.7774
48.318,73.7847
48.9514,79.1276
48.1928,83.7305
48.3544,71.4644
49.818,98.6574
48.8942,85.6164
49.2214,86.7
49.9654,84.8441
48.5108,87.5284
52.5524,88.2217
48.5636,85.4552
49.7604,84.8647
47.6296,86.2485
51.6374,80.9556
49.6846,82.5851
48.7284,82.3289
49.281,83.7977
48.4476,92.1003
49.1324,83.0664
51.4114,98.2513
50.2324,70.2513
49.4666,96.1553
48.987,80.2553
48.3854,69.6564
49.2332,84.4709
49.0962,96.308
48.3682,74.3307
50.7724,89.9298
48.147,86.7342
49.0456,72.9982
49.3832,81.9296
49.3426,76.0367
48.4296,95.0355
50.178,101.327
50.5062,95.5013
50.0934,79.7278
48.5116,73.9074
50.7064,79.2393
49.5326,80.5594
47.9658,66.7065
49.8546,88.2978
48.5156,89.0663
49.4768,89.9448
49.148,71.3248
47.6254,80.755
49.768,77.3759
47.245,82.0836
49.434,84.5232
49.5038,74.7586
47.7736,84.5868
46.9132,71.1291
49.0138,76.5106
48.2834,83.9377
50.6602,83.3864
50.4268,86.2226
51.0328,87.8427
49.437,88.3634
49.974,89.603
49.3794,86.4586
50.2346,89.3822
49.4464,88.337
47.4088,81.1783
52.4482,85.9071
52.1592,85.5449
49.7008,87.4546
48.5606,73.1157
47.1606,79.5683
50.097,87.4696
48.5694,71.0605
47.6286,80.8992
50.288,101.698
51.0516,84.1031
49.0998,91.7376
48.3708,82.8418
50.2662,83.5718
48.1248,78.7702
50.061,84.7331
49.0286,82.2241
48.728,81.8403
48.7702,86.8226
47.2482,88.2162
49.6296,86.5062
49.1082,86.2939
48.4156,87.6675
48.8356,85.8731
48.3272,90.2864
50.6886,90.4894
47.6504,73.057
49.7806,85.9613
49.133,85.4547
51.0364,96.784
50.5434,95.9253
47.6268,80.8573
49.2924,83.187
51.5138,81.6502
49.1868,80.5979
49.0566,78.83
51.1726,101.348
50.0726,82.1418
50.304,83.4117
49.7346,88.24
49.9704,86.2186
49.9958,95.0936
50.8374,81.3534
49.2162,91.9232
50.8646,98.8311
49.046,87.3635
52.4104,101.96
48.8226,105.129
51.4526,100.275
50.731,98.6328
49.4302,81.8888
48.8306,87.5792
51.5128,84.4369
48.5912,73.3221
49.0668,76.5867
50.0856,79.3483
48.5074,89.213
48.396,83.5399
50.4256,84.2408
50.2648,83.0269
47.729,78.7283
50.3756,111.412
50.5726,98.7574
47.5752,80.4533
47.3264,71.1407
49.7646,83.7598
50.2912,85.7214
49.2424,75.3095
49.2756,80.9285
49.549,91.34
48.7734,95.4641
49.0122,89.8402
48.6894,83.6416
48.7184,86.8071
48.402,90.5593
49.6418,77.7064
49.4108,77.4844
50.3894,92.7178
51.4666,99.7028
50.4716,76.6632
47.1406,86.4899
50.4612,112.744
49.2062,82.4479
47.7228,81.0976
49.5024,89.8786
52.0244,94.9853
52.212,72.3629
48.994,84.7063
48.8494,82.8787
50.3132,104.218
47.7278,82.1529
49.7486,78.736
48.8106,82.6466
49.9084,81.557
48.5328,88.7633
48.9126,93.9131
50.6964,88.7461
47.5082,89.1959
50.2962,87.5109
50.4056,78.0556
48.8048,90.0248
50.7,81.0702
50.2638,92.0243
50.056,77.6676
51.9932,77.9629
48.5282,80.2924
48.4798,88.6041
50.5172,92.5009
50.1104,84.0461
48.1454,91.1765
48.4838,86.104
48.2694,78.3124
48.2294,81.6234
49.272,86.6321
48.9366,84.411
49.2888,81.1842
48.8562,79.9412
47.8562,88.1517
51.1094,73.3156
48.4136,83.436
50.2118,77.5939
52.0988,94.7526
48.5206,86.9276
50.038,72.5413
49.6314,81.9303
49.4718,83.1038
49.765,80.3001
47.518,80.7598
48.8218,85.8681
49.0624,81.332
49.2976,95.7603
48.0102,77.3189
49.4764,89.1305
48.3538,75.1676
52.3298,100.958
49.068,80.1732
49.9558,102.49
49.9686,80.3654
49.3766,83.6886
49.4754,80.3087
48.9864,88.195
50.8714,104.893
51.0642,90.178
48.386,91.6292
48.5668,101.089
49.0664,72.1484
48.204,78.7949
48.8734,79.512
47.2002,80.021
50.6752,92.1979
48.3342,86.2978
49.3738,90.1055
47.8498,73.9615
51.646,91.5667
51.8414,78.9995
48.041,79.5767
48.0262,88.9845
49.4384,84.5877
51.3512,90.9449
48.8418,77.7401
51.6708,90.2467
46.9674,79.6987
48.6556,87.4783
52.6828,89.7924
53.0018,80.8361
48.0286,83.7376
49.7432,77.4964
49.4792,72.2669
50.2116,91.2041
49.3274,80.2593
48.9278,94.3011
50.132,80.0889
48.0084,77.1793
48.0364,80.7366
49.496,80.616
49.759,82.5916
47.7988,95.1229
50.8146,100.037
50.0312,87.2805
47.8608,81.384
49.1578,81.6683
49.9538,81.9909
50.4772,81.5258
51.5672,102.634
48.2824,78.0179
47.3064,80.9416
50.2826,77.5856
47.4626,85.5255
49.8506,87.2031
48.3106,76.6712
48.7424,84.2655
50.4006,87.1289
49.7628,82.1594
47.5746,85.1788
50.1448,80.5292
48.6896,89.9742
48.8396,88.9279
50.4346,74.1492
49.1224,88.5363
48.6716,100.036
47.8716,80.5916
49.2706,78.0307
51.1338,89.1978
48.217,92.2212
49.7992,80.8934
47.2752,89.1737
49.3718,82.9138
48.312,83.5505
50.4102,83.2294
47.858,80.2337
50.6026,82.7903
49.1658,77.9872
51.4454,102.726
50.3506,81.2307
48.1352,75.0507
49.321,76.5573
52.6314,84.5455
51.9138,88.3684
50.3028,86.9896
50.3098,91.2167
51.4888,93.4977
50.7296,89.7516
49.5296,69.3702
49.1536,76.8289
48.6148,81.3704
50.5386,74.8329
49.0646,96.0746
47.8026,88.6299
48.163,84.267
47.4912,82.7773
49.3944,93.5644
49.5288,85.3169
50.6426,100.937
49.0682,84.9657
48.9372,81.7585
47.9526,80.7586
50.1594,85.1568
50.223,92.9633
49.3722,76.681
49.3596,86.3565
51.3646,87.4821
49.1344,68.5207
50.8684,68.9713
48.8176,79.3731
49.6298,73.625
49.1756,77.5506
50.47,92.9328
48.5112,80.9665
49.4734,91.5123
50.8084,88.4469
50.9318,100.239
51.3822,87.0338
48.77,72.9454
48.651,104.38
48.4532,81.1374
49.2282,83.0852
52.0842,102.076
48.7782,81.1026
47.6626,74.3196
49.7114,85.7801
49.0252,77.2279
50.1664,76.5625
51.1098,91.6748
50.7322,79.0139
50.6894,87.9828
50.8578,86.2724
48.714,81.239
50.2594,77.6674
49.5026,88.7319
49.3522,92.2586
51.1394,78.9422
48.3116,80.912
51.072,80.3333
49.9418,81.9876
50.1762,86.2724
49.396,80.4159
47.2822,79.5219
48.3136,82.1485
49.9496,97.9532
47.6256,77.2598
49.8276,79.9557
51.0974,90.7488
48.3728,82.8553
50.2018,79.0012
49.5926,75.1581
49.0956,92.0452
50.1702,101.915
48.8134,85.1974
50.371,82.058
48.388,78.7321
51.127,93.8795
48.7042,84.0263
46.928,82.7185
47.563,81.0526
47.943,86.5261
51.469,87.7796
49.4312,86.4459
51.0292,84.2728
50.9512,87.7978
48.8254,73.7685
48.1226,77.4381
51.6038,85.7984
51.0786,86.8819
50.0266,76.3079
49.5588,86.662
48.7932,85.5751
49.6532,79.1025
49.6016,91.6195
49.0664,74.7381
47.1532,101.984
49.3512,85.0276
51.1378,83.1343
50.1476,76.409
48.8942,89.7305
49.871,81.3984
49.775,80.2923
49.9936,91.7994
49.3594,95.2304
49.0438,76.9207
48.8348,76.1327
48.6016,86.8743
47.1708,90.2272
51.8308,92.8995
47.6292,83.5761
49.8756,85.5291
47.8126,77.3446
49.3038,95.5519
50.0522,81.9896
51.3682,83.4536
49.2214,78.673
51.0796,90.4474
50.1218,84.7556
49.0196,84.5154
48.93,77.7054
48.1838,76.0997
50.2624,87.4662
49.375,81.5074
48.8248,81.475
48.72,93.751
49.4042,80.7216
46.6354,80.0495
47.63,71.9417
51.0742,95.4451
48.5848,77.0314
50.2154,85.8151
49.1844,88.8789
49.4174,75.6448
50.98,77.6006
48.333,91.0977
50.1498,95.216
49.0174,88.3674
47.7726,69.3178
49.1928,76.1811
48.8276,83.8179
49.8458,83.774
49.9748,78.8963
48.9702,69.2311
48.6818,80.7965
49.5074,80.5742
50.1138,67.4848
48.9856,88.1423
50.1272,96.6114
48.8652,86.4662
49.1246,92.9672
47.4016,95.0883
49.977,87.9996
49.4418,77.2795
48.077,84.6759
50.4092,92.5133
49.3694,109.449
48.3584,85.8413
47.8856,78.7326
47.7108,83.0395
49.9186,85.2136
48.3974,85.4138
49.3502,89.8038
48.1432,76.5986
49.1384,90.8494
49.57,86.8814
47.9902,74.9953
50.7906,81.6363
50.8554,88.6647
47.0904,77.3573
48.8586,83.9391
48.5236,87.7858
48.8954,83.4268
48.2918,89.8335
48.8984,82.8989
47.5546,80.7339
48.8552,77.8795
51.1064,97.708
48.546,78.2546
50.2442,89.1027
49.287,93.0777
49.35,82.7722
48.3704,84.8562
49.9256,82.7184
50.06,94.0335
52.406,90.8336
49.6842,85.4113
49.0012,74.0012
49.009,98.5451
49.5448,86.9953
48.1022,78.932
50.6058,83.805
50.0468,85.9431
49.0642,85.3985
47.8478,74.396
49.0564,76.5292
52.0544,83.2242
49.3142,95.4465
46.8366,70.2159
52.374,87.8515
51.6302,82.3955
48.9812,84.0743
51.044,101.944
50.1712,80.3463
49.327,77.3648
48.803,97.0626
50.875,77.4223
49.2246,80.1597
51.6256,100.225
50.296,81.6584
50.0058,91.3245
48.874,89.8189
48.6798,84.8401
49.8418,79.8909
50.6458,86.2865
50.7362,78.9772
50.5368,78.3557
49.6738,110.7
49.2552,85.3819
48.7242,96.8986
52.3766,83.1223
50.8154,90.206
50.5522,92.8438
49.6838,90.2449
50.228,80.8463
48.5892,96.6888
47.403,88.3294
50.2082,78.0232
47.5922,82.2319
48.5728,79.6986
48.3962,72.5708
48.8792,76.9315
49.3572,103.691
48.2276,79.3528
50.9728,78.2536
49.488,95.2446
48.5518,86.1983
50.7492,93.7522
48.0258,80.6221
49.0946,86.4572
51.6218,91.2058
50.187,84.3569
50.668,81.0942
49.198,80.1347
51.0932,80.0727
51.1616,105.055
48.9892,86.988
48.3594,68.0991
49.4002,83.4145
49.5802,89.3685
50.87,87.4206
50.736,89.6332
49.147,94.9203
48.5942,74.0733
50.4984,79.6386
49.1952,83.8484
47.9328,75.8702
47.439,76.1679
51.3758,94.3008
49.3506,95.2711
49.1238,90.4205
49.4628,92.5461
48.1214,69.0315
49.3818,78.7564
49.8584,86.6146
50.5746,96.9063
51.2416,87.4084
50.3206,83.4231
51.1436,97.1973
50.24,87.4113
49.8362,91.5035
51.1464,102.848
47.3612,78.095
48.3272,84.4104
50.6744,119.485
48.6152,88.6893
49.6146,81.4776
49.7958,78.0499
50.0582,79.6794
49.001,84.8768
50.1238,93.3857
51.1858,77.1804
51.7932,105.136
48.2114,88.2583
50.0492,84.1494
50.6116,83.0185
48.4734,83.0074
49.1474,97.0986
48.8896,85.2813
49.9094,85.0228
49.9444,88.3408
49.352,90.0505
48.1552,90.2633
48.1294,81.2609
49.3914,79.823
48.1368,75.4832
50.1064,92.4195
47.477,79.9237
49.1436,82.4959
49.7628,109.541
49.5314,77.6566
52.0102,89.3145
49.8454,97.3623
50.0484,87.2734
52.1718,95.8061
48.7248,82.2096
48.3196,90.1845
49.575,82.6932
50.5718,88.0782
47.732,71.4838
50.2004,85.7584
51.2912,93.3845
49.1326,81.0599
51.1626,80.9789
48.8088,75.4452
48.513,77.1003
52.5852,79.3532
52.2892,94.8189
48.993,78.7673
47.8536,81.9275
49.2244,96.5541
48.3866,71.3198
50.5964,81.4097
48.0304,97.3697
50.9818,98.9767
46.8466,75.2882
48.0538,75.8768
49.4632,78.9528
47.7028,95.2321
50.4572,81.3565
49.2236,84.8206
49.182,85.5619
47.5776,87.5352
48.0798,80.0788
47.97,75.917
50.3668,90.0422
47.6966,80.4813
49.9288,91.302
49.177,78.6433
52.421,102.369
50.2876,95.0081
52.5878,100.041
47.8006,83.6886
49.844,93.155
46.1868,80.9636
49.1064,82.6528
49.698,84.2595
50.0214,78.4461
51.4104,86.0408
50.1488,78.4811
49.8538,91.4845
49.4054,78.2734
48.3062,84.3201
49.294,89.5545
49.6574,92.7906
48.324,82.5737
48.1474,76.7683
48.8474,95.4937
49.1984,96.5926
49.3766,87.7115
49.2474,82.1245
50.7516,89.6997
50.5436,80.3059
47.4732,76.4091
48.8056,79.1599
48.3058,69.7732
48.2694,78.0555
48.5694,74.2506
50.2924,85.6805
48.7252,84.2252
48.9952,85.2461
49.752,90.6422
49.4038,89.0636
51.491,79.7609
48.4688,98.7349
48.3886,89.6247
49.7508,77.8728
49.6598,84.5167
48.2366,79.106
47.7564,77.8591
48.4852,76.5395
48.9734,89.0181
48.3402,79.1424
48.6446,72.7828
49.4794,84.5487
49.5164,88.7941
51.1742,84.7201
49.8162,83.4922
49.0884,82.9041
47.6228,81.43
49.2756,78.7081
50.352,90.0583
50.0452,77.7784
49.6578,76.4504
48.564,80.7975
51.4466,87.688
49.9056,73.1932
46.9692,85.0147
50.0578,81.3957
49.416,92.5355
52.3384,101.701
51.4704,93.3162
49.198,74.7523
52.5254,86.6808
49.216,88.4346
46.9916,85.7303
47.4786,75.8464
49.4154,85.8832
48.6704,82.3759
51.2418,86.067
48.6238,86.3341
49.6116,84.838
47.3788,78.675
48.9228,80.8672
49.1742,74.899
49.2682,73.7014
50.5424,86.6445
47.862,79.672
49.0798,80.8722
50.348,89.978
49.5708,82.4114
50.1448,72.5211
47.8542,83.3546
49.9324,82.7601
50.9888,101.369
47.5276,76.6639
50.3654,78.4191
49.0552,86.1114
49.272,86.4948
48.3768,80.4453
48.9232,71.0849
49.416,80.6977
49.103,96.4648
50.2216,82.969
48.6236,90.8645
49.333,76.7684
48.2648,71.1776
47.3846,81.3445
49.418,82.8236
50.1538,88.1925
50.427,89.7624
48.419,74.3181
48.9694,82.3086
46.8976,82.8815
48.2114,96.3995
51.3114,86.3813
49.4346,82.1847
49.8432,85.1843
50.0704,81.6204
48.4326,82.8732
51.6414,83.0751
48.9376,99.9515
49.898,76.4248
49.0278,73.8117
50.733,80.0269
49.9028,88.2038
49.698,80.6618
50.9604,82.9576
49.4888,80.0712
49.5698,87.217
50.1072,99.0309
51.7906,84.8674
50.6136,87.4007
52.8802,85.4091
48.6252,80.3388
50.075,81.4109
49.3518,90.0369
50.5314,90.1774
47.5808,81.1817
52.0006,107.246
48.9842,79.9157
50.4604,89.0596
49.368,87.6299
52.463,99.6899
48.1562,82.439
51.323,96.7043
50.7376,80.9226
48.877,84.0024
50.7906,79.1011
46.6658,66.1435
48.4278,77.0356
50.2308,102.673
50.1172,91.4177
51.5582,91.8684
50.616,79.6389
48.6204,79.7178
48.5244,78.1604
50.364,95.7053
50.2192,85.8289
47.4846,77.7488
49.4138,81.1637
48.3368,84.3801
51.8194,100.395
49.6496,90.5578
49.411,80.8148
51.8868,83.7093
49.7492,84.784
47.7982,78.8573
48.8136,86.3551
49.4034,83.4825
48.7642,84.0046
50.0326,102.653
50.8588,85.6266
49.4008,87.2069
48.6614,77.9294
50.018,79.6718
47.551,89.4493
49.8934,76.291
49.3272,90.6133
48.875,76.733
47.1712,70.1251
47.8142,77.437
50.718,84.7644
49.5724,83.4248
48.4838,81.4459
49.0492,92.6172
49.463,79.2674
48.5866,79.3131
47.4936,74.889
47.6512,84.1573
49.0434,88.5247
49.6242,92.6614
48.9928,82.4024
49.93,68.5707
48.4482,73.7594
46.7384,96.1192
50.9288,91.6156
48.7048,81.4726
52.3258,103.493
48.6616,88.8076
49.5136,78.0736
49.5574,88.0427
48.4938,80.8605
50.7552,95.4198
48.68,87.1064
47.5638,81.6445
48.0016,70.276
50.1696,86.3607
51.3952,105.53
49.1242,86.1345
50.4394,94.436
49.6942,88.9257
50.5932,79.5126
52.65,95.4077
49.6886,88.7177
48.4866,90.9617
49.4382,83.0935
48.1534,80.8339
49.956,75.0944
48.3494,83.6524
47.1408,89.4327
50.6734,87.9471
49.6652,82.3891
48.5654,87.2129
48.459,82.5571
48.7454,96.2391
49.7454,93.1079
50.6274,70.9897
47.828,82.7954
51.9928,85.5095
47.8778,87.3235
49.139,85.9239
WO
74.3128,50.642
81.4002,69.5341
79.5582,53.4094
80.1426,59.5836
73.8406,52.7857
72.6354,52.7094
70.9148,60.8265
76.5944,59.5075
73.8988,54.6971
76.1598,57.5017
73.5938,47.8614
73.1414,52.0374
72.6148,53.3501
68.375,59.7799
67.1346,67.4102
73.1488,47.8586
80.6948,50.4227
71.3608,57.4958
83.1416,56.3754
75.578,45.7226
76.4776,67.8622
85.8836,54.8946
65.2912,57.7546
80.3064,46.2971
79.8416,61.3382
82.9162,62.4118
69.9438,55.321
81.4452,56.8561
69.0188,71.2318
80.8748,44.6693
82.8026,58.5358
79.1836,58.4583
81.2644,62.5429
80.6582,55.8214
76.527,58.7259
75.6502,55.8883
71.495,51.0908
79.9136,52.8288
77.4386,53.3239
71.9948,64.8381
73.3446,58.3341
84.4884,67.9225
69.8052,52.0517
76.5576,54.6666
70.366,59.3612
73.8952,53.4711
84.4098,58.5047
78.362,60.4959
75.5194,41.4698
76.5382,71.9733
74.9748,54.8247
77.7404,52.2728
78.898,57.0206
75.2152,56.336
79.5256,51.2193
80.6986,59.6507
76.6728,50.9959
73.3408,43.1557
72.949,60.9262
72.7534,58.5667
74.2156,51.067
76.62,58.2477
77.9518,55.424
79.2312,70.7911
72.9956,49.829
69.5278,51.1597
75.001,47.2918
75.1698,52.3643
73.5212,56.2657
71.4678,45.0664
76.6202,55.8906
70.9682,60.1223
72.5362,55.1319
75.876,57.2339
81.5684,59.2285
75.954,70.5396
70.8104,60.7526
75.9002,60.8864
73.969,50.5308
69.4772,48.2871
73.6894,53.672
69.1872,51.9589
70.7768,45.6254
80.0402,63.4186
78.9668,63.6112
74.9568,60.0064
82.8392,48.5886
81.9886,69.5721
78.85,55.8648
79.1826,60.3199
79.9498,73.9781
73.8838,64.9074
72.0324,53.0367
74.496,53.4247
81.1856,53.2951
78.9268,44.1843
77.1718,52.2277
71.31,52.9278
72.5054,56.4875
76.1292,63.1048
76.2262,53.3861
77.2692,49.3933
75.7926,59.0716
74.7508,59.4378
77.2856,53.3577
80.0284,51.2287
85.3518,60.2878
73.7758,48.2313
79.2184,43.4592
79.77,55.83
78.8392,69.2012
74.3076,46.0312
67.9162,49.2732
72.283,47.7885
73.1812,46.5405
77.5342,47.7082
79.8026,48.1035
74.4236,51.5883
76.8362,52.5817
79.54,59.7318
79.571,68.7514
75.5812,59.0763
71.8712,47.176
74.3676,60.5126
81.755,63.8023
77.6156,53.5497
72.8846,52.224
73.1382,52.5401
71.703,57.5342
69.816,54.7493
73.2586,61.7147
75.5832,49.2051
76.4368,62.3754
78.6882,54.3714
79.0576,58.444
82.238,52.8731
67.2722,46.0994
67.9168,45.4492
72.7024,44.2147
62.5974,50.7517
70.7624,46.197
68.4832,54.1188
72.5386,58.6792
86.9868,58.451
71.0306,57.2229
72.4864,42.8283
81.0284,53.2715
82.8492,58.0325
78.2954,49.5452
73.3374,50.2476
78.909,54.1316
82.0524,62.9553
70.5294,58.3132
79.4738,63.3982
80.7334,76.1551
78.0958,65.4624
75.3786,63.1131
73.3586,74.0361
72.8376,57.1399
68.7712,46.4865
79.307,65.421
79.1008,52.9109
72.8488,71.7062
78.624,51.0125
77.8262,58.8472
75.5956,60.0972
83.137,62.7224
78.1642,49.2597
76.8938,62.3699
73.414,46.7927
76.7646,49.8009
79.2222,58.1486
72.1528,51.5892
71.6604,51.1144
72.6924,50.4442
69.3992,59.9011
70.265,53.4178
73.9714,54.2515
71.88,47.2693
83.4784,52.3873
80.313,64.5444
84.3606,63.333
81.2802,55.4407
76.6466,69.9377
84.0606,58.633
74.463,59.7089
73.2834,66.3217
76.7602,55.1588
75.5398,57.3069
75.3396,55.679
76.2572,54.3234
77.9174,54.1603
68.457,48.199
78.1244,58.2157
75.5732,55.7454
75.126,52.6894
72.4872,54.8014
76.4516,56.9363
78.3102,55.2789
73.4288,64.8453
77.0898,64.1915
80.246,48.0338
74.6016,55.9581
74.1496,57.5409
78.9942,64.6892
75.94,51.5002
77.6876,67.315
70.5554,53.4852
68.4274,57.1295
72.9284,50.7724
85.8932,65.6714
75.6162,60.3988
79.3338,60.8311
77.0754,60.141
73.7506,57.4873
68.1688,50.8779
76.5586,46.3297
74.39,64.7591
72.9056,50.7914
76.094,51.3979
69.4102,47.8115
77.1576,57.2295
72.6826,58.7904
73.7044,48.3478
72.6918,58.705
76.843,54.6543
79.1666,48.2741
74.2928,64.8819
80.8548,51.6235
72.0356,45.7239
79.5126,51.4561
71.5458,55.0574
71.7096,59.1762
76.7984,49.8077
74.4098,46.5911
77.2024,48.2645
83.2966,59.1671
75.3664,49.1775
71.5224,53.3401
81.7436,55.3556
78.6224,55.2131
71.265,71.9591
74.544,58.2281
67.0872,58.9008
75.192,52.3902
73.7948,59.9406
78.145,46.4381
74.148,41.3725
72.0786,68.1071
75.3438,44.2163
74.5046,50.1587
72.5138,48.125
68.8798,62.7233
67.029,47.9233
70.1436,56.6011
73.66,50.2414
72.6092,55.1869
77.9468,50.1623
77.0856,54.0232
74.0914,54.1337
78.6426,49.9614
78.9678,50.6659
81.3874,48.7604
74.102,66.1058
71.9532,69.638
74.9436,55.6459
79.5702,50.7358
74.9262,59.9399
82.9214,64.4307
73.422,56.382
77.592,67.0205
69.141,55.7649
74.783,54.6847
72.0596,55.0971
77.8932,49.3856
78.878,58.3625
71.638,56.1924
68.8862,59.8706
73.488,51.4598
85.4198,59.5077
77.3914,44.7094
75.5102,47.6732
76.0284,52.8876
76.2826,62.0145
71.5436,48.7155
84.0944,49.1186
75.6642,63.2682
78.0848,55.334
77.9076,59.553
70.2282,56.263
68.893,67.2517
74.1688,50.526
73.241,44.3935
71.7306,52.9549
75.563,48.9143
74.58,48.3349
71.019,53.0723
75.702,61.2796
82.1302,60.4817
89.2592,55.7441
79.607,64.0562
68.5496,53.6844
78.793,59.6245
77.5602,54.1104
73.4274,52.0335
73.1776,74.1119
77.7086,48.9167
77.653,63.1735
70.692,65.5833
77.8852,53.9143
86.9564,61.3375
77.1772,53.9231
75.1536,53.1031
79.064,53.9036
72.4896,46.2504
75.9074,52.5726
75.4232,59.4672
81.9708,55.7397
72.3216,61.5076
75.6206,58.269
77.0266,57.2804
74.5452,60.8564
78.0194,53.2097
78.0296,61.0677
80.7928,64.9163
76.8736,55.1054
76.0748,63.67
72.3206,55.5541
70.2118,44.0127
77.7126,60.37
74.2038,65.5892
74.7784,56.1525
74.1436,59.1994
68.7034,76.2833
69.9768,68.4608
74.3694,60.0291
71.9224,55.9455
74.2118,57.0756
78.42,52.7713
72.5568,58.9585
75.788,42.1512
74.2698,49.8192
80.2932,55.7665
78.5036,68.2806
71.8066,54.8412
73.3074,52.1529
72.4262,70.0303
77.967,75.2898
74.6466,54.7124
79.5162,51.9233
79.658,50.2232
78.4108,65.0804
75.3764,82.9321
70.3264,54.1385
68.8532,48.1042
70.1934,57.6652
75.37,44.8336
75.3774,42.5963
76.819,49.4871
70.0092,51.3626
81.4024,64.8065
80.3102,62.1049
77.066,60.3492
79.2386,52.2971
78.2112,50.7996
73.9092,56.8579
74.6224,64.6022
77.5864,55.2323
72.8764,51.3656
73.369,67.379
77.6986,54.2352
76.6498,47.591
76.524,56.6688
76.5584,53.8083
82.5992,53.1625
78.8194,55.9602
76.2896,50.0129
80.6306,57.8212
82.2322,68.2613
79.1432,49.0166
77.6538,53.3761
75.2198,54.2842
75.8348,61.9226
79.9644,64.1203
75.951,52.8114
70.2942,53.22
77.3154,50.9119
77.1366,63.6303
69.0804,56.8924
88.8126,49.1971
77.9994,59.6767
83.354,56.4358
75.77,61.4796
74.9746,54.2313
73.1618,59.0996
74.6166,58.9607
73.0494,45.264
80.4706,56.6661
69.8248,55.5309
78.0654,53.1225
69.2406,54.4523
72.5648,65.2211
77.507,53.9728
78.072,53.0864
71.0016,56.1453
79.7998,55.7735
78.5988,57.0163
76.2558,50.9975
73.4358,54.2511
80.0434,48.982
70.4166,54.3422
76.9502,51.6809
70.5156,68.3791
77.7566,57.2382
74.8574,61.8446
75.3166,54.1387
73.503,63.0663
75.799,53.0431
69.2722,47.9327
80.1244,56.5173
78.0642,57.6329
80.2898,59.8913
76.9032,58.1224
80.3512,46.6735
77.7604,75.507
81.142,68.5648
75.3568,63.4337
75.7802,60.8225
74.4452,54.4473
76.795,52.4345
74.3674,56.9696
70.5146,57.7542
69.2362,56.7035
77.625,49.8157
75.9824,61.9545
76.1642,51.5067
77.7816,63.1293
70.9406,49.3538
74.5424,55.8104
68.73,55.3535
74.483,49.2991
77.2554,58.3891
76.9222,59.8439
74.7726,49.226
79.8312,53.6306
76.828,49.4814
76.596,58.7295
75.523,48.9961
75.1554,52.643
79.9522,67.2785
77.5322,78.0781
82.399,50.4526
78.3974,65.9845
73.5734,47.1578
73.5496,60.7554
75.9504,53.3299
72.4128,51.7293
78.533,59.7437
82.0898,60.572
75.1284,44.9071
76.009,47.1845
86.9794,56.6839
76.1044,46.1149
78.6928,57.1347
72.1692,71.1541
72.2026,53.6442
71.1068,49.4118
76.8352,53.9358
77.1726,57.083
80.1854,50.9913
81.4304,57.6283
79.2492,45.5431
82.2706,59.7113
80.784,50.6249
75.5456,60.2142
69.6732,56.136
79.0786,48.8095
70.1314,48.7973
83.5446,49.7463
75.6866,63.5641
67.9292,53.0956
84.6534,63.2885
80.5932,55.598
76.2154,44.2016
77.1728,58.336
73.955,57.9794
82.877,53.1052
77.6462,49.7578
76.7722,65.1379
74.4958,56.1489
78.772,53.9961
79.8108,61.8896
76.849,50.5616
72.8508,43.0538
70.0256,48.1777
71.0742,54.3557
74.1616,57.5645
77.2226,55.832
72.902,47.5767
75.5256,56.3941
79.4422,56.7133
75.8556,58.6158
79.0754,49.0977
71.3678,57.2528
75.7946,41.7392
70.008,49.0136
71.1712,57.6145
79.3012,50.0417
73.4568,53.5583
77.7364,58.2304
89.5416,58.6762
78.47,52.3431
71.5194,51.4187
82.0754,64.0419
74.61,53.9887
74.1216,55.138
76.6862,59.4451
85.7558,45.3418
75.026,57.9483
76.407,47.7602
73.8668,64.166
76.357,57.0903
74.8242,45.5506
74.6804,58.6031
69.7692,63.4168
75.7698,45.4584
67.3834,61.7118
79.0128,53.6636
75.1422,54.0348
80.0884,65.225
66.5618,54.9485
72.6434,45.505
77.0422,50.2616
77.9252,50.7007
72.8354,61.0698
81.276,50.8654
72.506,49.3275
75.623,69.1976
80.8656,69.0194
86.5974,50.2397
81.3654,63.0487
77.9424,59.0135
82.292,65.127
76.5184,65.2081
82.791,53.2771
69.6418,57.0979
80.8994,58.7776
66.1788,55.9934
80.7346,47.3963
72.5656,54.6764
78.471,65.6221
77.3562,62.3407
75.1512,62.7962
73.4762,61.5897
81.3392,66.571
74.4164,56.7291
72.571,62.9061
75.8506,60.0927
75.382,50.7926
72.0046,49.2435
73.3934,49.9464
76.6628,53.1397
81.4986,48.6426
77.8964,48.1234
68.5766,49.5339
74.619,57.2891
70.9408,50.9305
84.2264,57.7417
74.3244,58.0779
79.6678,60.2277
72.1106,58.1072
75.0576,62.0517
74.958,56.8686
74.6842,48.2978
76.5984,66.7804
77.144,49.2206
81.8144,52.1833
74.4934,52.9937
69.6764,46.489
85.641,55.9221
84.205,59.7689
74.8894,48.9823
79.444,76.1978
78.0078,54.7987
77.5294,51.7237
71.661,55.9859
78.4704,60.0275
74.5902,49.7339
73.1868,50.5008
72.5152,64.9208
80.4976,64.686
72.9044,60.1752
75.3714,52.6993
69.5968,65.5937
78.8526,55.565
69.3336,55.0672
71.443,57.1865
77.747,57.4442
75.88,46.54
81.4994,61.2736
92.0988,75.2985
77.1578,55.8474
74.9964,52.1514
74.3084,42.7008
80.5844,59.199
73.0868,53.6066
78.8774,58.0996
77.7322,51.8635
74.1648,64.7018
72.3918,56.8066
79.52,60.5788
74.028,57.8852
82.2668,54.7328
75.0286,58.9585
77.5938,60.6645
77.0844,54.6805
80.478,63.6028
78.3896,51.7304
76.658,61.3616
77.5988,53.107
79.558,55.033
79.5074,50.1534
72.1668,47.8344
72.4828,50.8059
73.7336,49.4037
78.5306,58.3241
76.6888,58.027
72.5058,47.5771
80.518,55.2181
76.8594,56.0717
78.5488,78.6207
76.5448,54.8355
78.3756,66.8314
75.305,57.7621
76.4616,67.0604
75.526,56.2418
72.821,58.1914
78.8796,60.0053
75.8922,47.6723
76.8892,55.7851
83.6302,51.3184
75.2966,66.1929
74.7672,66.783
72.985,58.5504
74.4572,62.3094
71.039,46.2689
71.7614,54.1198
73.3322,59.3546
73.1258,65.6013
85.2282,50.9893
71.372,72.5942
72.1564,52.6233
76.9612,78.9673
74.887,49.0646
79.4718,54.1415
80.1646,54.0795
76.506,55.6542
74.0994,63.5805
82.9912,59.9245
87.4686,56.0106
70.7548,55.1716
77.1836,50.3618
78.5214,53.133
76.892,56.6724
76.2374,57.3421
75.8536,66.7348
77.1816,63.2525
81.2274,60.5577
77.7568,62.6705
79.2502,54.168
73.1498,53.12
71.871,57.3368
76.0524,63.342
76.0894,57.678
80.3864,60.7663
80.4018,67.1986
78.6682,53.5209
74.3322,40.6752
80.8624,56.8008
73.948,44.4596
72.6748,53.7589
78.033,57.2008
78.5106,47.4994
77.5466,54.8464
71.9314,49.5874
78.237,59.0986
72.3608,55.4078
78.671,57.1751
67.5878,53.5173
78.1642,47.0695
76.376,56.7564
75.2222,58.542
72.1616,53.2965
73.9964,53.1463
82.1248,57.1095
72.4604,62.1277
79.2118,46.6291
75.8456,49.489
77.0946,53.4963
69.3816,47.334
75.0128,50.6646
75.7402,54.3666
75.3426,59.6802
75.0084,40.9762
76.1858,66.5231
76.741,72.6275
71.0784,51.7607
76.4042,69.8324
76.5044,55.9316
77.122,52.9215
72.11,59.2075
72.1048,49.6983
71.5512,50.0172
67.5434,49.8262
81.8326,61.8909
76.2104,48.475
79.8194,47.8126
66.3268,58.6561
79.9664,53.3108
76.0152,46.7307
72.7282,66.3236
77.8862,59.8067
74.219,56.6222
79.8552,46.3053
82.069,51.4001
78.581,70.0723
79.93,59.093
73.369,61.1644
74.7112,48.3294
74.8948,55.6417
80.3434,53.2968
80.3058,38.8239
81.6246,52.2925
71.7926,41.0025
75.4168,45.014
79.9116,56.5203
76.934,68.9658
76.3168,54.6408
74.4314,57.458
69.6744,54.6502
80.1264,55.6832
73.207,66.4505
72.1228,49.6868
71.2074,49.5605
70.4008,58.4945
76.6958,48.9227
72.9812,54.2632
78.8834,48.9549
74.926,52.3137
80.1024,43.7063
73.7504,44.574
78.2554,43.9833
77.8346,57.0514
81.494,60.2112
79.346,59.7455
81.102,50.0524
77.699,51.7634
73.4682,53.2171
75.6714,61.2931
82.1382,53.1863
82.0714,59.584
76.5578,50.6348
69.784,51.7348
66.158,59.8729
87.4422,60.7089
70.9048,55.8422
72.1566,46.5872
82.7926,62.438
75.58,64.2739
76.592,58.7628
71.6842,49.8777
73.018,57.5935
74.9552,53.9205
70.1964,51.519
76.1016,49.8516
67.5402,52.6849
78.1124,51.6967
71.6382,44.5926
76.7738,46.0545
74.5262,40.0369
79.6428,66.3459
76.33,55.4019
70.8716,61.2014
72.9162,45.5916
77.5524,52.5101
83.8768,62.3605
75.6568,55.1291
76.656,61.6688
74.7126,47.3778
77.8498,51.7354
77.5942,56.8447
81.046,53.2088
70.0418,52.0023
68.3652,47.153
74.8294,64.1607
70.0024,67.3061
81.7664,40.8175
82.105,71.8794
78.3594,48.3462
70.3412,55.3512
76.4568,47.5311
63.7496,69.5727
73.6016,59.2366
71.1942,54.93
74.5898,44.6112
72.4968,52.3012
70.055,57.6118
80.9792,56.3981
74.125,57.6224
79.4664,59.5487
79.0088,44.6784
72.4388,62.6774
79.6116,59.0651
73.6904,56.1281
77.5222,56.0364
71.1512,52.23
73.6578,57.1947
76.8234,43.8902
73.568,52.7373
77.9758,52.3839
78.5498,58.8838
72.7682,53.3053
72.2436,49.059
73.0178,62.0343
79.2218,60.9114
77.62,69.3048
76.5514,50.346
81.4906,51.6771
72.6318,49.5257
77.2452,51.4255
72.4384,49.1259
76.9416,61.1297
71.716,59.9271
81.9774,68.7913
71.7182,73.6158
68.4752,53.3282
67.2202,55.7014
73.7172,52.5871
76.181,58.6824
75.8342,43.1624
80.1398,50.8371
76.8044,58.6909
79.1624,54.9782
80.1602,49.0859
78.6812,63.87
79.1878,71.7983
72.7068,61.7498
78.4748,63.7926
79.9908,55.5984
70.3904,61.9292
72.713,55.2167
81.6426,53.0659
88.1172,52.7839
78.7652,55.5327
70.8828,53.0042
73.5286,64.2454
76.1072,69.2802
79.1706,58.6936
76.5456,54.8003
74.4942,67.4055
71.6944,52.925
81.183,51.8733
75.0514,50.6785
77.3146,52.3789
80.2466,45.8383
71.5704,49.1061
72.0438,69.3623
84.137,49.8275
81.9274,52.8183
72.5458,50.9979
79.36,66.1555
78.5806,49.0507
72.447,48.3507
76.2282,60.0873
75.344,54.3716
78.6632,54.1398
72.9546,62.8235
80.8826,65.7472
75.7368,62.3105
78.1588,67.5486
73.4882,57.3851
79.144,50.2055
78.0832,65.2015
74.4462,54.4817
69.8854,51.7359
84.0232,54.7449
76.8412,63.6752
70.3014,49.3671
83.1576,48.8787
68.4996,63.1313
73.4488,46.8724
79.4876,61.3319
75.0286,52.1237
74.9704,58.1524
75.4822,59.763
71.44,54.9648
71.7788,49.7247
68.4768,54.6686
78.6278,66.521
80.6328,47.2544
82.3644,54.9959
77.806,54.2604
72.461,61.5122
85.2816,58.7526
78.2548,57.5833
78.9422,62.885
73.871,53.4712
72.16,58.2785
75.1414,74.4374
81.3994,47.4414
79.159,60.2138
76.6098,50.5553
73.9352,60.3273
75.5484,57.5968
74.9242,58.6097
80.1336,69.7346
77.4768,63.5906
78.5558,72.4739
80.762,60.8113
78.3326,44.7342
74.7872,60.1011
79.9832,48.6062
67.3054,59.9384
74.6104,55.4711
79.1988,53.9767
71.4162,64.1201
78.6874,56.6724
75.3352,53.4532
73.6488,57.5475
76.5004,51.09
83.6344,65.3855
78.8,50.7756
81.1278,56.0135
77.1378,56.6657
76.8832,43.0108
76.126,67.364
70.63,57.6342
81.435,71.975
74.2928,51.0508
78.9008,54.3044
75.0366,55.5837
74.6076,51.2681
77.8658,45.9075
83.6022,64.1887
76.5364,44.8461
72.5994,50.1258
74.3504,57.2171
72.742,49.2373
70.4874,54.9702
73.5236,54.8913
78.6824,60.6637
76.6946,45.4769
70.6002,59.2711
71.1368,48.5749
72.5,58.7441
77.7196,49.3134
76.1092,46.0954
77.5584,69.3432
70.3032,46.1781
70.8472,46.6322
82.1576,61.4219
78.6524,66.6144
80.8178,65.5604
78.9028,53.0211
78.3216,52.9322
75.0064,54.4067
75.9404,52.0829
72.7592,57.9734
79.2368,49.6306
70.0594,56.9541
74.8488,47.4903
76.5118,57.2688
71.82,61.758
74.5468,52.9766
75.5368,54.3726
74.167,74.7806
75.7696,62.1758
72.3528,57.2547
80.054,60.1457
77.2264,48.3088
75.111,55.6865
74.1144,68.9721
70.7886,43.2876
66.7464,56.8418
77.5428,50.7746
71.651,47.4551
75.2256,53.9771
72.242,54.4808
71.3792,49.8155
85.4912,45.9358
75.6874,59.4535
73.5658,53.7491
81.1358,52.0334
71.3792,60.0453
75.091,67.6595
83.7938,55.6501
73.2828,57.4097
79.447,63.7823
72.8362,52.3402
78.3484,54.1027
OPT
45.2742,78.3438
44.0298,83.7982
41.8928,74.3245
44.247,76.6748
43.7942,79.2038
45.0874,76.1317
43.51,80.6868
42.8474,79.91
44.309,74.9972
44.0404,83.4452
45.2476,91.6926
45.0906,91.0063
45.0022,88.4092
46.1702,84.4008
45.2776,79.6223
44.399,78.7415
43.8626,87.6647
43.8586,75.5556
45.1554,74.3247
44.527,77.3136
45.6338,86.0227
45.9024,87.3846
42.974,78.6531
44.0362,89.8792
45.7842,83.4249
44.059,97.3264
46.384,76.242
44.6364,84.6071
44.0266,84.8219
46.3404,71.4701
45.041,91.5858
44.2028,76.0675
44.6268,79.3611
44.9552,89.6008
47.0132,88.3551
45.0894,90.9248
44.111,78.4885
44.0048,78.7648
43.5268,85.1587
43.7582,77.3138
44.033,74.7337
44.0632,79.5543
44.2868,80.3871
44.3486,78.7292
45.433,86.8501
43.1976,74.1334
44.459,86.0216
43.085,94.9124
43.8388,82.719
43.6126,78.0221
44.016,76.7991
46.3024,84.9612
45.8146,71.7333
46.1056,76.4915
43.4412,73.8915
44.089,84.7264
45.1862,78.7804
44.676,82.3523
44.7618,80.2505
44.383,85.971
45.8898,108.43
46.1382,89.3567
47.2922,77.2563
44.5026,76.1362
45.0244,95.5773
44.1052,72.7494
45.0268,92.3594
44.4846,81.462
43.9998,82.369
44.1816,76.6847
44.4752,71.0832
45.5756,84.8577
43.5994,73.0699
44.029,79.99
43.3554,75.8418
46.0462,87.7292
43.9596,86.2478
44.8236,83.2987
44.0404,80.5442
44.9106,89.0585
43.869,87.1134
44.3038,68.9604
45.225,108.541
43.9402,80.7226
42.7422,73.9168
44.8066,80.9376
45.1306,67.9584
47.4082,77.3335
45.6272,76.2158
46.7556,69.6886
45.8238,77.5095
43.888,99.389
44.698,80.5788
44.2442,76.6675
43.7488,82.9369
43.823,88.3552
46.3054,94.0323
45.4118,89.1615
45.1758,86.1874
45.2576,77.2098
45.6478,82.6233
44.7546,70.8836
45.9098,81.2476
44.307,91.6838
43.8316,80.0371
43.7652,75.662
43.5832,80.0811
44.2674,69.5715
43.7196,83.9599
44.8784,81.9351
45.1408,84.482
45.5308,86.7065
45.4768,93.7831
45.1202,78.4023
44.5786,80.1351
45.9822,87.4362
42.9114,74.0644
44.4104,71.2624
45.1542,79.5175
43.9298,77.4129
45.7738,73.3657
43.5224,79.3107
44.2348,79.6544
45.6366,76.7246
44.2524,73.5999
43.7548,74.7545
45.521,87.1993
43.4092,80.5295
45.5466,85.2985
43.3456,78.3916
45.2462,77.5277
45.9204,83.4099
44.3988,76.4802
44.867,85.386
44.4484,82.9162
45.0852,81.9558
44.5742,83.3723
44.23,89.2824
43.7326,79.5238
44.98,77.473
44.4286,95.0416
46.6704,80.3009
47.9812,75.5067
46.6992,83.9993
47.3174,87.7505
44.9848,86.8896
44.2764,79.0611
43.589,74.4053
47.1182,95.0163
46.003,72.214
44.6658,83.6509
43.3152,73.5634
43.6648,70.073
45.1532,73.5805
44.3074,83.0569
43.775,84.4859
44.0814,79.3939
44.92,85.3511
44.751,86.6213
44.8666,82.1786
44.3868,69.1105
45.9334,88.5593
45.9432,76.5395
44.272,72.7971
45.735,82.0934
44.327,72.0718
45.3988,81.2418
44.4386,82.6465
43.9452,71.1365
43.8976,70.5406
45.692,95.51
45.4228,72.6034
43.9936,75.9697
44.1244,81.4474
43.3674,84.8882
42.2078,78.3547
44.3158,76.176
43.3484,71.2349
45.271,66.5908
48.6526,93.5421
45.0666,81.5237
45.0692,80.5064
44.1344,80.9586
43.7292,90.9259
44.1006,76.6541
45.793,85.8538
45.5122,79.9739
45.9108,84.9036
45.06,85.6294
44.4412,80.6822
45.2292,77.5459
50.161,91.0769
45.6044,80.5215
43.5716,77.2818
44.3166,81.5956
46.5014,89.2443
43.7042,72.572
44.3346,82.2127
43.8472,80.3925
45.4718,82.0351
43.4828,86.0951
44.8914,96.4618
45.5722,97.9151
45.9844,80.9941
44.4296,79.6046
44.6732,81.0369
43.8448,76.3528
44.5978,71.5621
47.2746,97.6007
43.8056,85.5992
44.958,87.9512
46.1634,80.7375
45.9228,93.3267
44.957,83.9466
43.563,80.8567
44.3808,77.5902
45.2866,78.8985
43.8614,83.5471
45.331,70.5724
43.9884,82.3494
44.3944,83.3615
43.3742,84.6248
44.9606,83.7558
45.3254,76.21
44.1518,83.3756
41.8032,75.5947
42.8472,74.4381
46.2046,91.9697
42.7942,81.1891
45.278,79.5475
42.8092,79.714
46.2154,94.6464
44.673,84.3568
44.0364,81.1904
44.515,87.7566
43.294,74.6965
44.1154,81.1527
45.0992,79.96
43.0026,75.1751
46.0136,78.0344
45.5746,81.6976
45.3262,83.4951
42.5784,73.1274
43.9872,90.8737
43.5562,82.0119
45.3074,83.3217
47.4112,102.41
45.231,77.8202
43.7904,78.3321
44.542,73.8725
45.5266,82.99
44.1582,84.6992
45.323,77.0194
45.6484,76.5158
45.0756,84.9578
44.715,78.7145
42.9384,79.8924
42.3198,74.0537
47.122,90.4664
43.6214,81.8645
44.596,85.844
45.3722,77.3026
43.6758,82.634
45.8788,79.0882
45.4672,80.7871
44.489,76.3814
43.9846,78.3723
44.115,82.053
46.444,86.5387
44.3292,84.5208
44.7684,82.5449
44.978,89.3795
45.6722,79.0442
44.2768,72.7838
43.6068,80.1753
44.88,87.8625
43.3334,75.77
44.6448,88.8573
44.5676,72.352
45.3336,93.4661
46.1326,87.7109
44.0276,90.9117
43.7126,77.0072
44.6004,79.2816
44.4616,79.1613
43.3212,86.4557
45.3958,80.3282
44.7956,90.2275
44.3964,78.5531
43.0598,80.8074
42.6684,74.2631
44.3602,76.8472
44.439,69.3304
44.0668,76.3731
44.0386,79.1657
44.0204,92.4616
45.5462,85.1316
42.7996,73.1075
44.8522,73.9373
43.988,73.962
45.9392,79.7428
43.9212,84.7953
44.9462,77.2571
45.4334,91.5996
44.278,79.306
43.2308,83.7391
43.6348,76.572
43.8206,70.3878
44.347,77.1469
43.9896,80.2702
44.4632,79.0143
43.2852,77.321
44.7556,84.6381
46.9962,90.8532
45.6018,84.5716
46.9618,76.6133
44.1346,91.3879
46.4948,88.0402
43.6592,85.1622
43.6628,82.0241
44.8864,79.6037
44.2496,79.8096
44.3334,76.5892
44.1988,80.8248
45.87,84.8601
45.9098,92.2189
45.0176,78.7942
44.8618,76.2955
45.3988,96.3421
42.2306,74.7696
45.5178,85.6301
46.0988,93.4697
43.3428,90.1885
44.767,76.7519
45.4656,84.8676
44.3266,79.0228
44.1004,74.861
46.4464,78.0652
44.6732,83.6917
44.039,78.3394
45.6418,93.2593
43.988,80.087
45.0858,82.6836
45.0282,78.1527
45.584,88.7531
43.612,84.2228
43.7248,77.6376
44.5714,91.8074
44.3906,77.5972
47.5886,94.9671
42.7088,89.7779
42.8716,73.0662
44.114,77.501
43.352,76.3834
44.6306,80.4713
44.9768,78.5682
43.281,76.9774
44.0942,98.3946
47.0252,86.7059
41.9596,76.7961
45.9844,83.1608
45.2318,87.0172
45.0154,73.716
44.3852,83.3041
45.5434,78.9719
42.6784,82.4001
42.9718,79.4905
43.49,65.9426
44.722,80.5973
43.4592,76.2097
45.6332,79.827
44.139,71.2689
45.3764,90.4129
44.4044,81.7877
45.0476,76.66
43.9988,78.4727
44.028,76.1053
42.619,71.5265
43.159,88.4646
44.6688,72.0562
44.4544,84.7803
46.3332,70.8156
43.2336,74.7035
46.7428,76.2298
44.2248,74.8748
45.7424,76.5601
45.3348,84.2699
45.0138,76.6123
46.7432,77.5044
45.266,101.194
45.2182,82.7736
44.061,95.2356
43.8244,88.5198
43.403,68.1221
45.5382,90.4052
44.3884,82.9136
44.0398,78.1806
46.9746,77.6861
42.9026,81.0653
45.8298,81.6561
44.2424,84.1981
45.4044,78.4216
45.4164,81.2437
45.0814,87.3912
45.8604,83.3287
45.1404,79.1699
44.3432,83.8726
44.5912,76.5667
43.437,75.6171
43.7146,88.104
46.4868,80.5006
44.7738,84.1357
44.0524,88.2304
43.6468,76.3572
43.2978,81.4431
45.8576,85.4383
48.9692,74.8638
43.851,76.2005
43.8216,81.8069
44.5282,77.4735
44.1408,91.0869
46.3318,91.7245
45.6232,90.2444
45.458,85.716
44.3356,81.4819
45.5252,85.5777
43.2136,83.2163
44.6646,85.8201
45.963,89.3121
42.3404,75.3561
45.688,86.8345
46.259,95.3019
44.3334,89.7185
46.0304,83.5775
43.9764,73.8464
45.2624,78.2704
44.5496,83.3436
41.9784,81.8785
45.194,82.4157
42.8252,83.6509
43.8562,72.8106
44.9018,82.7249
43.9814,76.0891
44.6598,76.493
44.5558,83.2922
43.339,78.5598
45.6312,86.9985
43.2356,70.8858
43.4328,79.3787
44.0142,82.3148
44.6582,79.1065
44.8344,75.3481
43.793,88.3235
43.4478,79.4842
45.7536,88.2322
45.7296,80.1217
45.3766,85.653
44.467,87.1866
43.884,81.129
46.065,77.0707
45.4046,78.4158
45.4964,72.005
46.375,85.5769
45.7438,81.1556
42.523,74.0879
44.0002,87.0185
44.7932,72.7093
47.4474,102.454
44.0346,82.9793
45.5196,74.7848
43.3374,73.364
42.5294,79.227
46.9216,95.4928
46.0088,73.4705
44.698,84.361
45.3272,83.7432
44.8458,87.353
46.9032,81.1623
43.4014,74.5509
46.4824,82.979
44.484,78.9727
45.9264,84.253
43.229,79.9496
43.9044,86.1728
46.4028,78.4558
43.741,89.8923
45.2816,99.2295
44.9094,84.1527
43.5998,74.5069
44.3216,83.0257
45.4496,74.6643
47.6056,79.4359
44.1874,74.5844
43.4598,92.479
44.679,81.5725
44.2206,75.6634
47.2672,82.5531
45.1946,76.6919
45.1662,82.3443
44.3032,83.6938
44.5358,78.5883
44.874,80.5579
44.6702,83.0228
44.1974,82.7432
44.068,79.5371
43.5854,86.5639
44.571,89.9624
44.7922,77.3388
47.0922,77.3136
43.4068,80.8729
43.5406,82.1903
45.2976,80.9232
44.2816,74.1799
45.8048,76.6781
45.3486,75.2743
44.5678,86.357
46.6888,77.7218
45.2628,79.8624
45.9764,86.013
43.7816,78.6916
43.4962,75.4868
43.6774,80.4994
43.3714,71.8754
43.716,72.6901
45.4848,90.4218
43.7054,80.2688
45.393,84.0301
46.7324,105.43
45.4996,78.735
42.631,77.4814
43.5566,75.0311
45.3844,80.7114
44.0904,80.4324
43.873,84.1422
44.4872,72.9387
45.9786,79.7542
46.943,101.178
44.6546,75.4095
44.8016,79.4072
43.3516,83.1666
45.484,94.7966
44.7194,85.2193
46.1562,94.4918
43.9682,72.6489
45.6154,81.7186
43.8696,83.0915
45.1282,81.7319
42.9612,80.6631
46.354,72.7303
45.7992,96.374
43.6176,84.5379
45.626,82.2437
44.953,76.0163
43.62,75.3885
44.913,87.0805
44.8344,91.9541
44.085,95.8611
44.0244,74.5802
44.381,93.6287
43.5716,78.9246
44.2734,76.468
44.4616,80.8041
45.6216,81.6872
45.2372,80.9693
47.1446,82.5303
43.0776,77.2211
44.538,77.0689
46.0502,100.912
43.8064,90.4965
43.0652,81.9784
44.7228,83.2981
45.1548,84.6601
45.2538,83.9836
45.9092,80.613
43.4766,78.4352
44.981,86.4172
44.2988,95.1247
44.6638,81.2336
44.7892,83.0795
43.7068,76.6674
46.8414,84.4265
44.5732,77.2277
45.9048,94.6474
44.7936,92.4429
44.7266,84.8524
44.2638,89.9887
44.4576,82.5166
46.3354,93.7403
43.708,89.4308
44.398,74.8643
44.6286,85.9887
44.5808,81.8427
46.1822,78.4697
44.012,82.0825
44.0098,79.2133
45.8276,81.4004
43.6984,82.4876
44.4796,85.9336
45.2068,77.5165
44.104,82.8005
43.1426,81.5873
45.5028,78.1664
44.8212,72.9294
44.6322,77.9589
43.11,74.6934
43.317,78.2806
46.765,86.2983
44.846,77.3613
45.854,85.9478
44.203,82.7352
44.9538,80.3781
43.9778,81.7041
44.9304,70.4661
44.4778,71.5034
45.8794,84.3647
44.3328,79.6712
45.0174,83.7192
44.7616,92.5226
44.1194,71.226
44.4136,83.7573
44.0988,86.3833
44.7068,77.6001
44.0074,81.1244
44.0526,72.5231
43.4802,79.3738
44.1196,83.2547
45.257,76.4058
45.3128,83.1171
43.474,72.2221
46.4872,77.9453
44.5972,97.9713
43.6414,80.672
43.242,77.8244
43.67,80.28
43.8812,81.7365
45.9938,92.7538
45.4584,82.6421
45.0312,85.1306
45.1618,80.7366
47.0276,93.12
44.4898,89.8907
43.8236,80.6951
46.1478,100.396
43.9988,77.0591
44.6824,77.4651
44.8182,78.6153
42.9618,89.2601
44.8326,72.8143
45.1536,73.9601
44.6182,82.7601
43.1544,80.4949
44.636,83.4962
45.5072,78.0106
45.7502,76.4754
42.3158,80.5107
43.1586,73.3482
45.1874,91.8703
44.8348,77.2568
43.7032,90.8408
45.012,78.7488
46.255,90.427
44.781,81.4096
45.1674,87.7467
45.5426,80.6721
44.006,81.8312
44.6148,75.7611
45.725,81.3597
45.6956,94.1023
44.1298,78.881
44.949,91.8653
45.787,82.1122
47.1104,86.3144
44.79,79.0412
45.2494,92.2606
46.481,87.2717
43.762,69.8437
46.0456,85.6721
45.593,92.6526
43.177,77.5367
44.8134,95.934
44.1534,94.1927
44.3136,79.0975
44.763,90.3145
46.0054,82.7007
44.1994,76.0557
44.4506,97.7388
44.4552,76.1199
43.2866,83.7318
45.4024,78.8502
47.031,68.3697
45.642,84.5899
44.938,83.2884
45.8356,80.7575
44.444,89.4923
44.6996,82.0553
44.4198,80.0874
44.391,78.8208
45.0574,77.2071
44.7948,81.4104
44.5362,81.9325
45.034,69.6066
45.1324,75.9579
46.6822,98.5424
45.0942,85.1224
44.7578,81.5307
43.325,71.7757
45.521,88.5335
45.9956,78.7455
44.707,90.2877
43.9796,77.8414
44.6128,85.5346
43.9436,74.6751
44.7744,86.6035
44.2324,70.311
44.0282,74.294
45.5848,100.099
44.8406,83.9683
44.5914,89.5522
44.857,79.5219
45.0692,81.4913
43.8464,90.3918
46.454,79.2005
44.66,73.3092
43.6242,80.8852
44.7696,74.7616
43.8602,84.5862
45.7844,90.8696
45.978,77.5969
44.7118,79.6346
45.346,77.3514
45.8214,78.1689
44.7188,86.1623
44.0508,90.5759
45.2676,81.9567
42.8154,77.2375
43.8588,87.0587
44.8258,91.6946
45.232,80.7469
44.0584,78.7895
45.7784,93.9403
43.0796,78.7672
45.9554,70.5698
44.6526,83.9484
44.935,91.4625
44.2182,87.194
43.2718,81.2896
44.0406,81.1517
42.949,72.1906
44.4522,90.213
43.8756,83.5251
43.979,86.8325
44.093,81.0717
44.3776,85.6372
43.9392,86.614
44.6452,85.2875
46.4318,79.4975
43.5466,88.1565
44.6208,90.1745
44.3366,81.1854
45.1594,80.2042
44.1528,78.3241
45.3078,84.4153
43.3364,78.3124
45.3638,78.5055
45.1738,86.764
44.7234,77.3208
44.7842,80.9442
44.8668,84.6337
46.023,91.3303
44.881,77.377
45.4294,96.6163
44.8944,87.4389
44.3918,82.0793
43.4626,92.5024
44.2036,83.7125
46.0442,78.1099
43.9682,77.3794
43.6422,74.0211
44.3408,94.0044
45.4204,86.6307
45.2894,78.7147
44.6156,80.9333
44.4126,77.9639
43.9884,87.8097
44.0978,95.2414
46.498,95.1307
45.5334,91.6228
45.9058,94.8252
43.2402,83.304
44.1598,86.686
44.6982,84.6864
44.3376,80.0714
48.9732,104.296
44.8228,82.0832
45.0998,75.6821
43.8166,80.504
44.1944,81.6314
45.3324,69.1692
43.987,82.2875
44.2524,89.9403
44.2092,87.8469
46.2604,85.3317
44.516,80.7524
44.7186,72.7047
43.6946,74.7362
43.451,82.7719
44.184,75.3822
44.8258,85.5503
47.7082,82.0117
44.3146,84.2256
44.545,90.8568
44.4276,80.3401
44.3592,73.5732
45.0176,81.88
45.3794,77.7236
43.189,83.3761
44.68,80.6605
45.9104,83.7845
45.3772,81.9415
44.7846,78.0351
44.5508,78.1849
45.5462,89.342
43.05,72.4245
44.645,86.7546
44.7976,83.4918
45.3948,74.9825
46.9118,88.3042
44.7866,86.3577
44.2048,90.5366
46.427,90.8238
42.7538,72.7834
42.2284,74.3761
45.4776,87.2059
44.1202,79.7499
45.0686,84.4545
46.7456,100.856
45.4424,80.8695
44.3504,84.1277
44.0142,87.4488
45.7708,80.9555
45.4924,90.9795
44.9408,83.7795
44.7528,94.413
42.8964,74.7187
45.5132,85.1841
44.3768,84.0896
46.5168,81.9565
46.434,88.562
42.8236,77.3811
44.4226,75.6373
45.3316,80.4316
42.2016,77.078
44.4502,92.87
45.1534,80.245
45.0838,95.7099
44.4796,84.5741
44.0366,71.011
44.3064,86.0268
43.9222,82.1098
44.6528,76.7175
43.862,75.6826
42.5566,79.5398
45.1752,79.7043
44.2908,79.281
45.503,97.2588
44.5338,76.312
43.0752,75.3758
44.8856,84.5912
43.2028,81.8695
44.0604,79.2827
45.0624,87.6298
45.5682,76.7213
44.6016,81.7551
44.5606,80.132
44.964,94.348
42.4898,69.409
46.5434,80.8348
44.314,75.5936
43.8856,75.8162
44.8842,80.2578
44.0178,86.1852
46.0974,78.2847
44.3238,82.7081
44.5562,84.7746
43.7964,73.4961
44.8832,76.3056
45.3514,78.358
44.8654,78.0649
45.3212,80.2452
45.295,81.2309
44.3356,87.8192
45.0218,73.2647
46.5956,88.988
45.0434,83.039
44.9646,80.2496
45.5544,96.4383
45.6602,80.3255
47.0488,92.0852
41.7456,76.2461
47.2076,79.4312
43.4522,70.3792
46.5578,95.0855
44.4946,82.63
44.0346,76.9425
44.5222,92.4987
46.1022,84.2638
45.3314,75.4338
43.9052,89.2484
44.0004,81.4845
45.102,76.5042
45.8506,77.7362
42.269,67.035
43.2446,85.4006
44.5502,87.7392
46.8196,76.9302
44.634,66.1953
44.1336,80.8592
46.232,85.2439
44.6194,69.4675
44.275,82.9516
43.349,91.6492
45.6166,78.0096
43.9656,76.4244
43.259,75.9348
43.3842,67.0503
44.351,93.4044
42.2622,80.3748
43.3822,78.863
44.629,79.2827
45.1238,78.8591
45.1216,72.4074
44.426,89.2354
43.6482,75.174
45.558,79.7048
44.596,84.9106
45.0064,82.9907
44.2404,74.6732
45.267,74.6728
45.964,84.2614
44.168,78.631
44.9462,71.0194
45.2048,86.1943
46.3882,76.2384
46.9126,98.5059
45.4376,90.0944
46.4474,93.5778
45.1072,86.4145
46.2066,85.3831
43.7526,89.4771
45.9016,89.0958
44.7896,71.2739
46.4746,78.0685
47.3722,75.2986
44.0962,84.4388
43.7636,75.7448
44.9766,77.4463
45.5076,86.9819
45.6018,83.8854
42.739,71.8524
45.7456,75.7432
44.6174,77.4998
45.1804,88.3891
46.0672,88.0415
46.605,89.7057
44.6588,77.5198
44.3994,87.1827
45.0888,78.993
45.4372,86.54
44.1732,79.1367
45.7344,87.2971
43.8928,86.2232
45.3178,80.0081
44.371,75.3897
44.0426,73.1267
44.861,81.2309
44.303,78.1365
43.046,67.2546
44.1292,66.8044
45.9998,90.0391
45.8504,85.8155
46.022,85.1673
43.479,85.0078
44.6018,74.4824
44.7342,81.3006
46.0236,88.0243
45.448,77.6162
44.39,81.4673
44.3806,86.5623
44.8286,86.314
44.1274,86.1321
43.8164,75.6695
44.8546,76.8828
45.7984,90.043
44.8644,84.5221
44.5166,85.5956
45.1984,75.0947
46.2046,78.523
43.73,83.3053
46.4286,87.6513
43.6392,74.3915
