Greedy
51.7728,94.86
53.1546,96.5259
54.0986,95.5122
53.4794,112.543
54.3306,106.622
53.6356,103.631
54.8034,98.8351
52.1532,115.185
55.528,112.48
54.2752,103.206
54.5758,100.593
54.823,102.471
54.7716,116.477
52.9862,92.3357
53.2072,110.132
55.0742,109.195
51.8882,96.2157
55.069,89.4762
51.964,100.44
53.1654,96.2429
51.5402,99.4174
53.3472,106.867
51.3604,101.381
52.2674,106.812
50.6014,99.1472
54.9674,99.9484
52.2946,114.934
54.3536,103.414
53.1356,97.4328
52.1798,102.77
54.2246,104.364
54.2888,107.02
56.5616,104.718
52.1904,89.4048
57.1958,100.807
54.8194,108.648
56.1252,96.5095
54.3108,97.8993
55.066,100.99
55.4506,98.7766
52.4956,96.7749
54.7504,99.1807
53.5092,99.7066
52.5154,106.507
55.1124,93.5196
54.6342,110.116
53.237,103.341
53.5872,100.663
55.0128,108.134
53.9072,101.617
53.0386,107.209
54.0354,96.174
53.5128,100.519
51.6296,108.657
52.846,106.071
53.1904,104.778
52.5112,97.7567
52.2962,99.6309
52.1832,99.8122
54.2496,107.088
52.3216,94.1543
56.2674,103.94
53.7314,110.647
52.1742,102.361
54.2768,95.3383
51.4454,96.1521
54.052,99.7736
54.2798,99.1985
54.824,92.2119
51.8304,106.37
52.3572,111.76
53.6786,102.034
54.7354,94.4862
54.494,101.919
52.361,102.976
55.4908,116.581
51.232,110.044
55.8368,106.662
53.3354,114.364
53.1152,97.5831
54.9584,99.7849
53.9596,106.852
52.123,110.354
51.9254,104.362
54.4394,106.219
52.7904,95.7117
53.0872,107.831
53.7376,100.332
53.5378,90.9562
55.8136,105.456
56.6382,103.411
54.1284,102.126
52.0284,99.8791
52.7958,105.051
52.1584,104.004
52.9914,118.097
55.0906,103.341
51.0766,99.2213
55.9802,110.514
52.259,114.462
53.6116,111.588
54.5258,103.511
55.444,107.668
53.4308,102.1
51.6242,94.6303
53.3906,102.045
52.1834,118.103
53.4614,102.038
54.1178,100.226
53.3386,118.905
55.1064,96.4247
55.9384,106.009
52.313,108.377
53.258,87.45
53.7138,91.5692
53.323,102.231
54.709,108.296
52.6602,96.2313
52.7984,94.2045
55.553,105.043
53.6832,105.589
55.3464,112.065
54.6372,99.4489
53.7492,108.533
55.1068,91.6905
53.3216,91.0512
51.7956,109.09
53.9222,97.63
52.5962,98.3205
53.1152,94.4797
54.1772,100.943
52.086,107.61
55.8222,101.848
53.3268,90.0218
55.1812,97.0007
53.1716,109.44
55.7538,106.811
53.2852,107.226
56.1054,104.436
54.051,101.056
54.2326,89.9848
52.303,105.525
55.6296,117.272
52.8932,111.129
55.1846,106.89
54.1288,105.28
52.6492,110.253
54.3562,107.767
51.2582,106.913
52.6222,90.0435
56.1452,102.941
54.7598,86.7245
54.3336,96.8194
52.9386,97.8174
56.6618,120.292
52.32,106.28
53.3858,99.5489
52.0818,103.468
54.326,106.794
52.427,109.389
55.0996,110.915
53.9692,103.933
52.897,115.357
54.6186,97.1275
54.9028,115.95
54.0352,100.323
54.2442,107.172
51.986,94.2072
56.1282,112.156
52.5612,102.319
53.4392,103.438
51.0442,91.1361
55.6824,92.5353
54.9106,103.967
54.5638,109.663
54.4642,92.79
52.6956,103.136
54.2868,116.012
53.5416,114.06
52.2872,96.318
55.8156,91.5218
53.5208,114.847
53.7208,95.3564
52.8494,97.945
54.2358,110.538
54.6446,107.108
58.6642,115.363
55.9164,114.381
55.8664,97.0693
53.8304,104.495
53.0384,96.2721
55.3076,98.4834
54.3806,101.064
53.2796,98.2322
49.736,101.361
53.8444,110.9
52.9122,99.507
53.3182,116.154
52.356,97.9304
53.111,99.5046
53.8786,105.998
50.7938,101.327
56.6646,101.64
53.9394,105.088
53.9516,118.826
55.2622,96.4171
53.8538,106.051
53.184,88.8797
53.9948,103.739
52.192,107.825
55.6752,98.3567
53.8632,99.2592
54.6812,103.621
54.8012,96.9345
55.2822,104.776
52.8226,88.6215
55.329,103.275
53.4246,101.554
54.8304,98.745
54,96.1015
54.1174,108.598
54.7908,101.967
52.1808,98.9957
52.3738,97.1665
54.0818,119.565
53.6574,103.541
55.5438,97.11
54.7692,116.868
53.3984,102.04
53.3886,94.5809
52.4664,108.778
51.9762,97.4232
55.1436,101.1
56.0076,96.0365
53.201,100.054
54.7796,100.65
53.291,96.5577
52.479,106.041
54.8564,108.832
51.7932,88.5017
54.125,110.736
54.3308,109.211
56.341,97.8604
52.9584,102.095
51.6188,97.8411
53.91,100.952
57.585,115.556
53.9614,95.1651
56.0266,100.097
54.9702,106.189
55.616,92.907
52.9378,101.791
55.3592,114.663
53.2172,100.838
52.8698,121.832
55.3266,122.04
54.1638,100.257
55.0526,109.81
53.668,91.1764
51.4528,102.986
52.9636,102.124
54.9508,105.099
55.3844,90.7221
55.8954,107.596
53.0728,110.127
53.4636,97.9562
54.7278,101.253
52.6676,97.7705
54.2256,97.6157
53.7928,97.9995
54.9394,106.692
51.951,88.7496
52.4776,93.4277
52.3132,112.33
55.48,89.4061
54.7484,113.11
51.681,101.376
53.6396,106.214
52.0162,112.21
53.0092,98.2846
54.9994,106.987
51.8174,102.976
54.8806,90.2264
54.5186,109.398
54.7064,114.727
52.5684,103.146
53.2988,97.6237
51.7042,90.4062
52.6298,94.8254
54.5338,102.226
55.4216,115.011
54.0448,111.289
53.354,105.99
54.4624,99.6486
53.7276,100.226
53.3514,90.9759
56.551,103.627
53.0594,100.638
53.6,87.0321
54.1962,105.777
51.9562,106.664
55.8416,100.659
52.9586,104.289
52.0642,105.985
53.9174,94.6488
54.4212,96.9023
56.3624,110.267
56.5002,117.431
53.5254,103.525
56.1424,105.097
54.4512,93.1355
55.8224,105.467
52.6226,104.256
54.5356,106.759
52.8436,101.368
55.0334,102.673
55.03,105.458
52.395,107.912
55.187,91.8809
54.34,104.327
53.375,85.1871
54.1738,103.06
57.5262,101.06
53.117,118.723
54.4504,86.5691
55.8946,93.3591
52.0716,110.484
50.5066,102.933
50.6646,102.549
52.773,95.242
55.562,92.2834
55.583,102.245
52.4382,118.375
54.208,101.265
55.5166,111.377
53.004,113.743
54.5044,94.9702
53.4196,89.2363
52.2038,96.1966
50.9058,101.403
53.9304,99.1934
51.294,107.44
49.7166,91.6999
52.6602,103.727
53.8408,97.5119
54.5046,108.039
53.6268,97.8479
53.1502,102.009
53.2248,96.5628
56.7628,109.264
54.634,115.187
54.653,109.484
54.4778,106.242
57.4598,121.334
53.057,110.496
54.1678,89.1128
52.9612,101.59
54.3912,104.225
55.6622,105.866
54.089,108.427
53.9068,102.511
50.7776,112.238
51.8078,107.685
55.4414,107.05
54.1132,97.6279
53.9338,105.512
53.4986,113.847
53.6974,90.1196
52.8096,101.664
53.6268,96.0543
53.5098,103.747
54.1992,106.614
53.0044,93.282
54.7212,90.4776
53.2212,100.342
54.2442,102.259
54.0728,107.898
52.14,101.849
53.9438,105.764
55.0804,101.886
54.559,103.249
51.6812,93.6808
53.0972,100.146
53.7508,98.6845
52.057,108.41
53.1274,112.021
52.127,96.0497
51.8462,96.3173
55.1624,95.6761
54.9032,96.7058
52.0826,100.977
58.07,114.903
54.1882,105.262
51.667,88.5231
55.108,93.068
55.3986,102.62
55.8622,105.169
54.358,112.558
53.5988,91.6596
54.0544,91.1344
52.6548,99.287
53.4108,109.863
52.9006,98.9475
51.617,99.8743
53.3054,100.065
52.4546,96.9426
52.6228,105.349
54.3792,98.7343
52.6012,99.7828
54.4116,102.496
53.6278,100.4
54.3076,105.185
54.4,105.117
55.6144,100.719
55.8104,96.9475
53.2282,100.182
53.685,99.2996
52.6688,97.772
53.5942,101.664
55.0314,100.02
56.67,97.484
53.6008,126.174
54.9318,108.468
52.6174,107.992
55.4176,109.371
55.9736,110.447
53.7086,87.1379
53.9238,107.983
56.2714,99.2877
51.5436,98.3845
55.6422,102.752
55.0492,93.8647
52.403,98.6788
53.4014,103.445
53.3668,109.116
57.5696,91.7899
51.4292,91.7177
55.0346,98.6537
52.5122,106.764
51.687,103.838
54.0146,101.897
54.5284,90.9467
54.1464,109.353
52.7194,108.087
55.4674,106.647
56.5284,107.771
52.3922,107.036
55.7426,116.989
54.1496,109.228
55.5762,106.584
55.4772,111.802
53.4666,93.7441
53.0786,96.6579
54.7394,101.418
54.2066,109.506
52.7138,98.7142
52.7976,104.364
55.4832,103.221
52.917,100.808
51.968,103.762
54.9752,100.013
52.5212,104.119
53.3816,96.9374
53.3538,111.737
54.3148,101.408
55.1752,110.644
53.4536,107.696
54.4966,101.282
54.0162,95.8934
52.955,101.999
54.388,95.949
52.3316,106.149
55.4946,94.55
53.6148,96.4221
53.429,103.919
54.0422,107.476
55.1208,113.14
55.3762,94.8965
53.8456,107.776
58.3824,120.616
52.2562,94.5121
54.5682,108.091
53.8076,100.639
53.4324,107.354
53.309,101.777
53.744,96.1443
54.0064,98.0979
54.9592,109.492
52.2758,107.291
55.6062,106.929
52.5212,109.176
55.37,102.66
52.8312,97.3427
52.7666,103.045
52.644,109.019
54.053,105.158
52.2354,110.059
54.4734,106.44
52.0784,95.5526
51.411,109.853
55.5954,95.008
54.2912,111.82
53.6136,106.33
52.0524,101.717
53.5486,106.689
52.5112,97.405
56.6316,98.2393
53.728,102.666
53.0814,97.0889
56.4998,105.702
55.2148,101.258
54.4454,111.314
52.944,106.235
55.25,101.783
52.7692,93.6955
53.1616,95.4088
53.0762,95.9082
53.159,90.0811
53.0598,99.9032
53.3154,98.4272
54.2916,107.664
54.7022,100.371
57.7444,106.208
54.3458,104.739
51.2328,101.39
53.535,92.259
55.7586,113.457
52.4492,113.499
54.2424,112.763
52.5664,98.5165
55.5884,97.8935
50.7054,96.3589
56.1644,114.289
54.9342,96.4532
53.3588,100.529
55.6786,109.334
52.6932,100.324
52.7114,106.083
52.7618,103.13
51.7874,95.5504
54.4876,97.2256
54.7204,98.6976
54.237,105.894
51.9944,98.5993
52.5916,95.4292
55.473,103.708
52.1974,101.484
55.049,104.47
53.0354,101.659
53.6444,103.377
54.624,99.5031
54.8662,111.249
53.0184,106.032
56.5712,96.1344
51.8254,102.609
52.0136,112.906
52.9894,103.87
56.1044,114.07
52.627,107.2
52.9336,101.674
55.978,113.147
55.8776,103.584
52.8212,100.331
53.2972,116.717
55.3586,93.4519
53.048,105.55
54.4804,100.568
53.0356,100.256
53.536,104.302
54.1452,105.82
56.5276,115.648
52.8156,112.551
55.712,100.361
51.7362,90.7642
54.4324,93.2106
54.4348,88.2112
53.604,90.0666
54.618,93.5477
54.4136,110.769
50.3984,99.4313
56.6872,88.6367
52.8332,108.493
54.8528,112.551
53.916,105.801
56.3626,97.4724
54.5592,114.468
56.9266,110.486
55.0062,110.523
52.96,99.1014
51.5056,106.437
52.7418,100.272
53.4812,98.8415
55.3512,101.343
51.5762,95.3763
55.2344,101.129
52.8262,106.14
52.1808,92.1994
53.9778,102.079
52.7852,100.558
54.6522,94.6268
52.453,111.234
54.2544,101.085
52.7178,98.9355
54.4966,102.544
53.662,115.55
54.5038,106.654
54.695,100.327
55.0556,103.02
52.3368,107.516
55.7402,110.607
53.0098,112.218
54.1232,89.9334
50.6264,97.0042
52.9852,109.427
55.2728,100.812
55.401,101.121
53.7002,115.727
53.7802,98.7126
54.3462,108.754
54.1986,95.5546
54.5302,106.267
52.9384,99.2083
52.47,111.036
54.6702,109.035
51.351,107.284
50.823,109.545
51.5396,97.8623
50.7854,112.041
51.2168,92.452
55.0962,93.423
52.735,104.849
55.1932,99.9431
53.6068,116.428
51.706,99.1383
52.7118,100.537
54.7528,105.342
54.217,85.79
57.1714,101.299
54.1386,104.118
51.4338,90.0759
55.3466,100.166
52.0654,97.282
56.8142,99.0687
54.528,112.895
54.0918,103.121
55.7822,106.805
53.6048,97.9113
52.6782,102.13
55.7228,90.9231
54.4954,103.528
55.875,99.4256
53.0864,111.685
51.709,93.8999
53.4426,87.8455
56.077,101.59
52.4162,95.9905
51.0654,100.784
56.212,101.858
52.4532,102.266
53.5714,104.964
55.5976,103.494
53.879,98.2364
53.3154,83.9981
54.701,99.0226
54.6952,108.271
51.6268,95.5105
51.7478,97.33
54.6938,107.603
54.7532,97.9919
54.8358,96.356
52.4066,105.475
52.045,103.591
52.8094,94.0395
53.5958,84.5225
53.576,96.2882
51.5018,105
52.3912,103.907
55.303,102.772
54.0632,104.811
53.7174,102.814
52.9946,104.902
53.1488,94.3122
53.932,102.282
54.5284,108.274
52.9378,94.2788
52.8506,116.596
53.4414,108.081
51.0186,109.404
50.7672,98.0457
55.2316,113.664
54.4686,101.964
51.2486,101.108
55.0182,107.755
50.9318,108.998
52.053,98.8391
55.7382,108.109
53.7552,105.419
55.4136,96.1608
51.9392,108.099
52.456,107.949
54.0002,109.178
51.4322,99.6886
52.2732,118.207
54.444,105.029
55.3426,104.306
52.649,106.796
54.6104,93.2153
53.98,102.803
54.2742,100.02
54.784,94.7219
53.1054,99.7495
56.7452,97.4548
51.8844,103.364
53.6676,110.399
53.4542,100.988
56.109,107.513
52.2612,93.7347
50.9238,115.758
54.2872,99.8786
53.131,98.7623
52.0868,101.433
52.5506,112.001
55.7766,91.0363
51.695,99.302
53.353,113.265
52.8862,114.583
53.6868,100.512
55.8172,102.171
53.4878,96.9822
53.609,100.026
53.1118,103.279
53.1616,103.162
52.829,109.769
54.045,98.9991
55.163,102.132
55.273,104.148
52.5338,112.37
53.7424,116.275
51.6654,110.266
53.0622,102.727
53.6946,105.905
54.8392,105.389
56.1292,108.392
53.1354,104.805
50.9018,93.9347
53.4308,112.505
51.8972,101.097
51.8846,101.244
52.758,94.2683
52.9596,106.518
53.631,104.169
55.2286,108.837
55.26,108.079
53.9346,92.5392
54.7602,110.804
54.4182,107.428
55.8532,110.06
56.365,101.662
53.435,105.179
55.397,108.491
53.7726,98.3464
52.7634,115.141
53.2052,95.1197
52.1592,95.0615
53.7352,111.033
52.2016,112.045
52.0964,96.3957
52.8752,101.518
55.215,107.294
54.9282,102.987
54.6196,98.3072
53.1016,99.529
53.2268,102.196
53.8262,96.9604
51.712,115.059
54.1374,111.75
51.3754,100.361
53.243,111.064
54.5908,103.884
52.6696,106.528
53.5508,99.9708
52.5568,99.9105
49.945,108.073
55.3468,86.2264
54.1028,93.7742
53.8838,106.395
54.2066,105.702
54.3388,97.998
54.4326,108.227
55.0124,100.824
54.0976,89.4039
53.6518,99.7973
56.9032,118.402
54.5234,101.572
52.0136,112.996
53.3142,93.9947
53.9324,110.757
53.401,109.528
56.1708,106.97
56.0868,100.42
53.7246,109.752
57.1288,111.692
52.8322,103.443
54.8774,104.807
52.056,106.092
54.8994,105.475
54.1228,108.804
55.775,95.0708
51.5074,100.545
52.7488,101.271
53.8396,101.99
53.1052,107.357
54.3316,100.841
50.9808,99.3341
53.2916,99.0821
51.4152,103.879
55.2176,96.4521
54.852,116.998
54.5196,98.9454
54.6198,109.386
54.029,104.614
52.598,98.284
53.516,102.203
53.1118,107.482
54.2488,111.905
54.8234,102.614
54.5128,100.817
53.1764,107.535
52.8682,101.278
53.8572,107.306
55.473,97.7973
53.5498,99.4173
54.517,108.593
51.5462,100.87
54.0454,113.004
54.0544,100.554
55.661,96.0273
55.924,121.185
51.5058,95.2292
56.8364,94.4648
50.8264,102.407
54.0216,90.2304
56.094,102.764
53.0482,100.855
54.4484,105.264
54.1184,105.405
54.3082,101.055
54.6522,92.319
53.3036,99.2358
52.921,112.222
57.4438,119.037
54.111,94.6508
52.4612,93.7464
53.3318,103.772
56.4092,106.895
54.9906,97.8845
52.2012,92.8331
52.9386,108.627
55.2894,106.652
54.5624,109.59
50.6434,102.442
54.5036,103.264
53.8994,104.009
53.037,95.5984
54.3318,87.3106
55.5592,100.505
56.9432,116.863
53.4942,100.646
56.425,108.178
53.946,113.464
54.8022,96.7921
51.5964,104.808
53.3566,104.416
52.409,97.0358
54.3562,100.373
54.9286,99.7277
54.9384,107.869
52.8394,100.399
56.2386,104.141
55.6558,98.2441
53.8416,92.9944
56.278,112.063
55.1548,112.201
54.0554,101.245
53.9486,107.946
53.5792,86.1382
55.4344,98.4276
53.2636,93.9008
51.5352,98.6414
53.5148,100.552
54.2386,103.896
55.2926,113.568
53.0716,99.178
53.505,95.1505
52.437,97.4062
52.7772,100.579
52.0152,102.738
54.1086,95.4937
54.267,91.867
55.0328,104.86
55.0624,100.999
57.181,96.6621
53.0112,106.812
55.1038,97.6097
53.8,97.4064
53.5294,104.233
55.8414,106.822
53.7944,99.3492
52.2538,104.011
54.4502,119.221
53.6538,108.559
52.0678,91.7319
53.8536,103.49
54.3862,97.2637
52.9204,100.681
55.622,108.24
54.7186,91.5614
55.7062,89.6381
53.518,108.973
55.602,106.402
52.5514,85.1306
55.5998,108.244
53.0418,101.514
56.9518,121.636
53.7774,97.1205
56.2496,95.6821
53.458,97.4214
55.7012,117.159
52.4134,98.7151
53.9016,100.505
52.5802,102.472
56.1372,105.037
50.3224,104.799
53.0144,114.306
56.3516,93.8036
54.5912,92.287
53.5926,101.21
54.101,100.153
54.1856,105.223
53.7038,111.509
52.8248,101.355
54.6278,107.921
56.4668,106.86
52.939,95.2712
52.0742,90.7181
53.424,104.031
53.7556,98.5561
57.1266,98.0696
53.2878,93.9383
56.1362,101.585
52.5596,102.965
53.43,106.884
54.723,103.521
51.6042,95.5617
52.6422,101.603
52.824,96.0552
53.9526,97.6104
52.497,102.846
54.1788,100.349
52.3188,113.027
51.0182,105.272
54.8628,108.988
54.6884,105.803
53.0292,106.948
53.4754,105.25
54.5218,104.677
54.434,97.1297
55.6508,97.8969
52.7138,97.5082
52.6732,112.43
52.8314,105.447
54.3398,101.002
55.1832,96.1063
53.9624,100.861
54.607,106.633
51.7864,105.094
53.6628,104.502
54.3138,106.019
54.6972,101.704
53.369,101.636
55.6166,114.335
54.2738,106.121
53.5826,99.6739
53.8244,96.2089
53.6702,101.668
54.4774,92.8135
50.5496,105.48
54.414,107.608
53.285,102.312
52.1486,93.0609
53.028,104.57
53.5608,94.5711
51.6142,96.6741
56.1664,106.448
55.278,98.9974
53.5462,99.4108
55.0068,101.158
53.8364,102.441
54.916,102.468
54.3384,102.989
SD
67.327,154.904
68.1244,137.357
67.3332,162.064
65.9474,145.261
66.715,142.84
67.7148,161.355
66.3616,141.109
68.9296,140.426
67.1674,154.688
66.487,150.455
67.4848,145.295
67.6526,141.299
67.7012,157.158
64.6092,140.487
65.7932,149.43
66.9634,148.49
66.6458,150.301
66.714,143.915
69.0284,145.677
67.9634,151.345
66.999,134.114
66.4968,155.811
66.9342,155.843
66.1558,152.132
67.7322,140.474
66.4092,148.972
65.482,151.379
66.8744,161.684
66.1994,133.096
65.2588,147.132
64.485,137.992
66.4996,162.919
64.9398,132.374
67.0896,154.754
65.7266,144.985
65.4124,147.369
65.7244,145.973
66.2896,144.872
65.2272,151.703
65.6432,156.756
66.7186,154.222
67.2832,132.185
66.9008,160.463
67.9398,157.736
64.5668,136.148
67.8836,138.629
66.9872,133.856
67.239,133.168
65.443,153.476
65.5006,126.857
65.4818,155.871
64.4688,144.828
69.5096,137.256
66.9098,127.506
64.964,152.686
66.3836,149.801
67.0712,154.112
66.8688,149.018
65.7846,141.742
64.8014,147.262
65.6714,166.335
67.4808,136.969
68.233,141.765
67.8736,148.981
65.7698,140.592
66.3672,164.296
68.5822,160.792
68.644,144.404
67.1256,148.276
69.2442,142.963
68.0168,150.51
65.975,139.682
64.3102,154.599
64.659,140.502
66.3064,149.579
64.5416,148.532
67.3282,158.051
63.6918,148.888
68.059,155.289
66.3342,146.241
67.2418,148.321
64.9698,160.162
65.1984,129.208
67.3032,138.359
65.6256,144.759
64.9662,164.408
67.6826,167.435
67.4428,159.879
66.1424,156.005
66.23,162.346
65.3944,141.128
68.4424,135.534
67.0178,145.995
64.6576,129.464
65.2548,151.901
64.9478,151.259
65.0614,134.887
69.1382,166.295
65.5312,150.423
67.4712,143.738
66.9322,131.167
65.9564,157.755
66.4528,150.765
64.1698,144.518
65.2066,151.22
66.5212,141.605
66.5252,154.051
68.7712,182.521
68.4484,157.686
65.9064,143.609
64.0144,134.536
70.1882,140.979
68.9966,150.489
67.0162,147.603
70.06,150.442
67.0012,151.618
66.299,158.44
67.183,146.891
68.5862,148.298
67.7576,134.574
64.1778,146.761
64.8558,155.91
67.2988,149.009
68.626,159.873
66.0046,145.263
67.1556,139.208
64.8236,157.33
65.8742,143.035
68.0286,135.574
66.6162,142.959
65.2524,151.371
68.162,153.054
65.6474,158.003
67.643,136.062
65.611,141.632
67.787,156.444
66.1316,143.932
66.78,147.702
66.7032,166.248
65.7272,148.858
69.002,141.474
67.2256,145.185
64.8888,140.784
64.9392,132.187
66.5578,171.406
66.5316,145.984
68.2918,157.205
67.069,147.836
66.4274,156.159
66.0166,167.212
65.8988,159.585
66.2404,122.322
67.0178,164.597
64.8674,164.334
65.2598,152.045
65.3816,132.828
61.7144,136.038
65.0376,130.382
65.0968,142.464
66.1666,154.671
65.0416,163.737
66.0724,132.158
67.7646,146.281
64.5844,157.237
66.3264,138.588
66.5134,147.805
67.3286,148.185
65.4366,160.016
67.6284,158.34
68.6304,140.711
64.396,137.099
66.3958,167.074
66.6026,143.394
64.6784,154.1
69.3836,159.6
67.6198,141.384
68.1494,160.01
66.8236,165.846
66.2116,148.101
65.6064,150.268
65.545,140.597
66.2082,151.943
66.8188,151.9
66.2468,149.626
64.6204,152.406
67.3058,154.785
67.088,146.705
64.8116,145.818
66.4004,144.518
68.6632,155.855
69.229,151.817
66.5276,160.334
66.3792,146.972
67.248,158.282
65.2846,154.268
64.9936,139.812
64.8156,152.288
66.0996,146.636
67.9058,136.599
64.3472,161.317
66.5804,158.508
66.9526,150.831
66.5058,156.904
68.9536,150.052
65.9194,144.212
68.5152,137.375
65.929,134.697
67.2712,147.484
67.2264,155.311
68.2782,146.969
66.353,143.059
64.0332,152.459
66.1268,158.941
64.9364,135.109
67.5054,147.469
66.7746,145.1
65.5156,175.472
67.2186,145.11
64.558,149.326
66.4448,143.151
64.9844,145.257
67.6708,151.865
67.727,145.189
67.7496,151.189
67.987,143.267
65.638,151.667
68.71,152.068
64.7876,170.881
66.9486,144.082
64.9624,146.632
64.7368,133.823
68.6506,153.685
68.5752,169.959
68.0158,163.542
68.4476,155.555
66.384,137.726
67.364,141.126
63.8858,140.331
65.1044,142.747
69.0018,162.751
68.743,158.994
65.4568,137.579
64.8922,143.094
67.2746,151.754
64.4048,143.368
66.426,139.315
65.128,152.737
66.783,146.009
66.0128,141.611
64.933,144.651
65.808,155.192
65.3258,143.923
67.6358,157.238
69.1876,142.212
68.4234,158.669
65.5732,175.411
67.0346,155.313
68.3298,136.743
66.3008,152.164
65.1814,157.028
64.7652,141.111
66.053,146.593
68.691,161.822
65.5492,163.083
66.5668,151.638
66.4204,154.377
64.8596,154.648
65.7912,142.549
68.8856,158.252
65.6794,148.055
66.6072,144.138
63.6834,141.923
66.0226,144.4
66.9598,147.383
67.2978,151.794
65.586,146.719
68.4944,147.61
66.8696,149.142
65.6622,144.924
66.6338,141.943
65.3106,154.109
67.6636,160.381
66.205,139.609
67.947,153.473
67.381,153.022
63.2932,148.801
67.548,138.372
66.254,132.278
66.6626,150.305
67.916,162.409
67.2652,129.789
68.0822,153.972
66.8444,146.615
66.4774,153.94
70.4664,148.551
66.0332,146.775
68.311,149.44
65.8804,174.481
66.3508,150.56
67.186,139.547
67.8808,142.426
67.7578,145.545
67.804,130.673
63.975,164.554
65.517,167.712
68.8948,143.796
65.765,144.491
65.4606,172.334
65.9792,154.092
68.3554,151.903
67.0564,130.826
65.1086,141.739
65.3038,142.795
65.7522,139.867
66.8824,146.356
65.7496,153.228
69.914,142.777
66.5184,165.147
66.825,142.902
68.0802,149.008
68.1896,158.253
65.1354,154.338
66.517,151.443
64.8678,142.073
64.6808,126.728
65.2072,141.439
65.8138,152.875
70.4816,130.871
66.3062,152.04
67.4428,134.919
65.8064,141.657
66.4208,147.852
67.7986,152.301
67.9384,155.499
65.4286,156.326
69.5088,161.127
65.5396,143.72
66.3298,145.423
66.9428,152.174
67.129,149.55
68.031,152.774
67.1692,151.012
66.914,142.518
66.2054,134.249
64.9086,137.164
67.3566,144.966
65.6692,161.288
67.173,138.027
67.6294,146.257
65.5132,140.785
66.6082,128.882
67.6728,134.524
68.122,139.059
65.1812,148.243
64.9202,146.444
65.5556,144.946
65.8658,147.082
68.0838,156.473
66.3588,138.791
66.4414,137.419
65.1896,143.734
67.9204,143.213
66.9016,127.907
65.3702,139.069
66.0426,145.606
65.5214,135.015
66.8434,138.351
65.7528,137.822
65.7962,142.718
68.329,138.617
66.2492,142.385
66.2916,143.61
66.463,143.96
67.1162,145.533
63.1318,139.458
67.0016,144.795
66.1618,143.583
67.9036,139.909
65.692,140.912
64.661,130.24
66.3186,145.382
68.2888,150.595
65.2902,151.632
66.4378,151.357
66.3156,150.174
65.8994,142.181
68.4726,141.121
64.6444,152.956
70.3332,148.907
66.614,148.959
66.2166,153.594
65.9644,126.406
64.7022,142.741
64.8676,163.877
69.286,134.756
67.6538,125.288
65.9526,148.021
67.2372,155.813
68.9696,155.835
67.8182,135.065
67.017,155.79
66.968,156.315
66.7252,156.771
65.6356,160.149
66.8592,163.742
65.3318,151.19
66.3298,154.306
67.1778,146.43
66.753,124.662
66.5846,134.321
66.4354,134.247
64.16,134.712
65.2882,145.233
67.5328,147.794
65.5326,148.15
69.2304,145.469
65.6618,150.151
65.963,164.544
66.8648,155.453
69.9618,155.473
64.2896,148.316
69.362,152.549
66.0752,150.089
65.492,153.674
66.3278,136.618
69.218,171.555
66.5748,139.112
66.8618,156.657
68.6994,148.066
66.9382,153.316
68.4794,144.032
65.796,146.648
66.4272,145.692
66.7046,139.609
69.5562,167.788
67.6174,144.998
64.4036,147.029
66.4542,144.648
68.7722,132.624
66.4602,146.108
68.402,151.642
66.7926,150.174
66.4296,145.77
66.1614,139.985
66.6256,169.648
66.5634,143.59
65.332,132.417
67.6276,150.616
68.0764,156.48
65.8642,153.637
66.7344,147.198
66.8274,147.625
64.86,143.491
68.1562,133.357
67.553,158.025
64.4042,147.257
68.229,153.766
66.6238,139.04
65.9314,145.642
68.4362,138.754
67.5594,123.896
66.3914,141.327
66.0996,131.516
68.8876,171.126
64.8736,137.107
65.583,151.837
67.4018,156.211
65.991,154.667
66.7376,131.682
64.138,139.274
68.5374,158.619
65.4656,136.253
68.07,141.077
65.4182,149.558
66.416,142.496
66.6558,153.063
64.2232,147.135
69.3112,143.434
67.1424,153.142
66.5504,151.091
66.6346,155.488
65.8266,146.457
66.429,146.191
67.337,163.639
67.001,167.823
67.1848,141.533
67.0794,159.653
65.247,140.012
68.3578,145.152
68.2712,152.676
65.9086,155.674
66.6048,134.173
67.926,154.662
68.065,163.866
67.0206,148.476
66.338,139.844
68.1976,167.383
63.8696,148.604
65.3238,148.693
66.3778,141.808
67.6968,149.223
66.9086,144.045
66.0592,141.151
65.7278,154.301
65.0796,137.521
68.3004,139.911
66.5062,150.054
68.9492,152.443
66.4044,146.781
64.431,150.071
66.4056,141.345
64.2224,156.547
67.0482,151.667
67.3136,165.537
66.6988,134.605
62.7884,126.297
65.8748,141.534
67.4664,159.491
68.065,149.984
67.7614,156.221
65.7792,146.017
67.5292,142.728
68.3838,135.97
67.0734,130.31
67.7062,150.839
64.4246,146.861
70.6362,148.581
66.3226,147.848
66.1926,148.32
64.9178,142.433
66.7706,163.628
68.6382,152.27
68.053,165.289
63.7424,152.529
64.7858,149.915
67.9056,144.729
67.197,160.221
67.0274,131.409
66.847,139.81
64.7798,136.311
65.1602,134.936
65.8,161.307
65.6428,136.91
66.9436,155.759
66.6072,138.649
67.048,157.446
67.5922,148.301
68.0872,162.939
68.4548,162.962
65.9524,134.88
66.5982,172.089
68.661,133.901
67.6018,129.833
67.8666,152.726
67.0498,142.872
65.5142,156.951
65.9488,157.493
64.7604,148.534
65.4936,159.098
65.8392,160.706
68.1046,142.134
65.4634,153.143
66.428,138.748
66.3076,140.006
66.9782,163.944
65.207,137.623
67.9694,142.801
66.905,141.086
68.3644,157.774
66.669,153.449
65.7926,154.083
65.8296,141.987
63.7268,145.649
65.7106,145.566
67.2022,136.674
64.1248,153.494
65.451,159.471
67.9288,147.008
67.2016,144.58
67.8778,148.525
66.002,147.357
66.1812,158.099
66.3878,153.794
67.1122,138.612
67.2196,171.446
66.536,154.176
65.5092,134.435
67.581,155.617
66.3734,148.991
65.8842,151.687
64.7924,155.497
68.7304,152.717
67.7044,169.899
67.3748,153.69
67.201,156.255
66.755,169.471
66.9398,149.441
68.0476,135.973
68.5474,160.685
67.065,137.127
67.6748,145.359
66.3346,134.502
69.8014,146.2
66.0532,148.769
66.617,142.223
66.5204,149.285
69.883,151.545
64.8736,151.258
66.7698,148.478
68.0278,150.683
66.3764,150.301
67.5092,136.652
68.126,134.615
66.8468,168.721
67.2994,146.503
67.1542,152.423
65.9988,143.186
67.385,158.562
65.444,166.852
66.6784,168.589
66.0488,145.81
65.8172,144.39
65.5674,138.131
65.9674,146.311
65.3836,137.748
69.346,139.765
68.0542,139.368
68.7394,167.068
65.4058,145.752
64.3226,156.706
65.872,150.424
67.201,152.036
67.0784,150.937
65.333,155.693
69.5646,143.214
67.5842,152.116
64.6548,146.756
64.8094,154.788
67.858,149.434
68.0098,151.629
65.3736,158.115
67.5034,160.924
68.9336,150.977
66.9296,152.963
66.0646,142.793
64.8796,143.135
66.9474,140.456
66.3836,148.503
65.5762,147.282
65.467,141.244
66.5608,150.261
66.7638,145.688
66.2768,133.302
66.6368,144.161
65.2808,149.912
68.9438,152.285
65.9262,147.655
67.0546,155.193
68.4538,147.64
65.9406,149.785
66.2806,142.149
69.0232,158.865
65.4538,153.512
65.0848,149.925
66.2616,149.775
68.5486,123.995
66.1536,139.436
67.6246,158.688
67.7744,141.559
67.7088,153.487
66.4376,155.276
66.3768,141.286
64.6564,150.796
65.2882,129.28
70.5888,162.72
67.8496,149.416
64.0578,146.67
65.202,148.799
65.1996,158.219
64.8216,153.888
65.7294,145.714
65.3282,146.22
66.6738,163.055
64.7456,136.216
66.6942,153.919
64.1814,159.894
69.9122,141.546
67.1538,132.547
66.217,154.673
69.2184,148.142
67.3938,149.362
63.4506,145.449
65.6152,149.823
65.0982,130.579
65.3312,153.707
62.9952,142.822
68.1214,138.946
66.5472,151.235
67.3244,153.329
67.186,163.482
66.5838,151.026
67.781,141.199
65.6448,140.101
66.4988,152.06
66.2698,146.202
65.9772,140.581
65.6044,137.061
66.8398,163.416
66.1842,143.817
68.0664,156.132
67.1704,157.567
63.3294,162.591
65.007,158.134
67.2218,147.997
66.5038,145.06
67.34,150.634
66.5926,148.039
67.9536,165.616
65.6646,155.229
69.1032,155.264
67.3982,134.409
66.0012,147.09
67.3096,149.573
66.4512,155.504
65.3886,160.051
66.6702,167.303
64.8314,141.727
68.2472,149.433
65.9904,160.422
68.758,154.738
65.3146,144.787
65.568,135.491
63.6672,143.126
66.1668,165.001
64.7596,146.351
68.8214,153.147
66.5412,146.426
64.8624,140.052
63.9158,137.473
69.3846,156.146
66.2096,147.594
67.676,172.632
64.8278,151.363
65.8734,136.234
68.6122,149.443
65.971,148.934
66.32,138.488
67.693,146.378
65.5184,140.312
65.9672,140.723
65.9128,140.706
65.2384,157.046
67.8598,155.05
68.2468,171.125
65.9868,144.019
65.957,158.635
66.6938,154.031
65.4926,159.132
68.0738,156.496
64.4026,143.738
68.1816,142.683
68.0902,146.888
66.2136,152.812
65.7472,148.574
68.984,153.343
67.3816,148.544
64.2592,145.417
67.7258,144.977
67.4362,169.613
67.3078,126.628
65.0778,144.911
67.2022,140.375
65.6918,153.767
63.9568,139.412
65.574,149.23
67.1248,169.188
67.0158,151.141
66.9898,134.335
67.371,136.599
68.9848,153.114
65.2706,159.371
67.4948,133.063
68.0702,140.196
68.501,165.2
68.0282,142.919
65.2416,145.291
67.5648,167.142
69.0378,163.395
64.6618,153.965
68.1482,154.901
64.2754,150.86
65.4096,149.691
65.8434,141.037
68.2994,156.375
67.0072,144.881
68.1536,162.791
67.7524,146.385
66.0622,130.728
67.9564,150.255
65.8398,138.983
66.8016,153.418
66.4972,145.137
67.1906,152.408
66.0284,160.471
67.0452,140.612
66.0502,160.792
66.0834,154.966
66.6802,148.82
66.0192,159.34
69.0618,172.836
64.6344,134.036
65.8068,154.308
67.5906,151.936
65.9836,128.936
65.6808,160.942
66.6084,166.187
66.0938,164.204
65.88,134.57
66.7218,152.502
66.866,143.999
68.0668,143.373
66.6656,170.039
67.641,166.295
65.5466,152.141
65.9924,162.42
64.8934,147.288
67.0522,150.538
66.9358,144.967
67.251,166.944
67.5276,164.709
64.2546,146.174
64.2462,155.615
66.3292,154.769
69.5776,154.616
67.4794,154.14
65.1154,143.919
66.2754,147.547
67.5762,152.818
67.171,150.191
68.1964,168.351
65.5472,149.595
67.2324,167.892
66.6668,128.321
67.1518,138.01
68.9828,159.712
67.1194,147.949
66.429,148.602
67.3636,145.302
67.2194,141.682
66.1704,166.873
69.1084,157.089
68.057,161.334
66.5564,148.906
66.0784,142.679
64.56,149.548
65.2732,144.337
63.7882,130.373
64.0492,131.983
66.9018,154.376
67.146,145.146
64.333,154.303
65.9768,140.195
66.485,144.144
65.4004,150.907
70.0768,151.592
64.989,144.656
68.106,170.361
68.6768,168.836
63.8378,155.314
67.6792,167.931
66.0774,140.864
63.5774,148.758
64.8754,177.241
66.5056,164.392
67.6558,155.827
68.229,164.214
65.7314,141.489
67.3474,139.679
66.151,144.737
68.091,152.833
64.6776,138.213
67.2768,157.927
67.5014,154.673
65.8266,157.789
68.117,158.357
65.8896,129.458
65.0832,140.425
65.5802,152.738
66.7224,163.314
66.6366,152.08
66.1596,154.582
65.8528,148.536
69.1218,177.427
67.832,148.327
66.6994,151.916
66.5502,148.065
69.4442,139.262
65.141,156.996
66.5904,162.393
64.4652,144.106
65.9512,150.531
63.8592,144.949
68.3896,133.97
65.6178,148.595
65.8086,161.732
67.0048,138.598
67.5562,148.619
66.9078,151.557
65.8276,162.844
65.5512,145.14
69.0544,163.439
67.4598,167.237
65.2578,143.792
65.6036,142.323
66.412,152.176
67.556,141.333
66.1416,139.277
66.2302,161.393
65.944,140.445
67.0864,153.625
67.2182,150.167
65.227,142.307
66.8246,156.968
67.2754,149.459
66.4348,167.961
69.0136,152.358
68.294,155.528
65.2194,146.838
66.6996,151.91
68.6614,131.873
66.4942,143.506
64.9458,145.784
64.4838,137.018
65.0104,132.748
65.3854,144.232
66.3488,147.223
67.658,148.74
65.1876,136.987
67.8866,162.187
63.9856,156.393
67.7806,159.402
64.5946,134.687
65.31,132.399
65.8424,147.59
67.9936,138.453
66.1874,143.176
67.9122,148.34
65.6582,154.292
66.269,138.92
67.4976,142.686
68.9658,145.872
67.0174,144.159
67.093,157.976
65.0674,153.598
66.765,143.646
64.8692,144.263
67.1486,136.229
67.5236,154.22
65.8746,135.873
65.4584,156.913
66.2414,146.25
66.0704,138.72
67.5728,145.942
67.8784,144.834
67.1024,156.925
65.5624,156.564
66.4256,159.021
64.3646,153.098
64.8236,150.904
66.1864,158.101
66.2296,144.492
65.6668,139.435
68.2856,155.28
67.3662,151.025
68.8146,141.491
66.924,150.59
68.1196,148.459
64.5478,144.072
68.2624,149.486
69.9078,149.494
66.1978,164.706
66.3302,161.73
66.3356,153.219
67.6864,156.146
67.865,144.06
66.1154,156.422
67.9912,150.462
65.5418,152.296
63.0152,132.788
68.8404,154.555
64.602,144.275
65.5644,134.486
64.063,153.151
67.5128,146.018
66.9174,157.192
65.5354,147.741
69.7062,145.86
66.3852,140.351
67.261,154.283
68.4638,161.532
WO
56.6126,343.977
56.4886,328.031
56.4302,318.257
53.5118,330.183
53.7778,333.809
56.4002,326.225
57.6546,336.174
56.0426,354.829
52.9412,324.775
54.3518,316.516
54.9732,329.123
53.2826,320.43
54.2074,312.86
54.37,332.678
55.9182,333.184
52.008,333.734
54.6574,328.329
51.8302,326.956
54.3714,347.181
53.2504,333.385
53.8498,330.219
55.3296,324.184
54.9488,345.793
53.3052,326.63
56.0082,330.026
53.9468,335.449
52.7216,328.076
50.7026,333.637
53.3516,336.613
55.9398,322.161
55.8708,327.055
55.5704,319.557
57.5696,350.344
53.5328,324.918
55.8106,318.565
56.6318,333.14
54.4696,335.6
56.7212,355.094
54.7342,327.228
56.8448,336.054
53.7168,352.558
52.297,311.12
55.145,319.406
55.1494,326.081
53.9504,331.862
52.4298,326.449
56.4044,326.796
54.2162,354.68
57.5026,334.007
52.2872,320.08
51.735,319.232
57.769,344.57
54.563,326.558
53.1022,348.838
54.9844,308.433
53.5424,335.487
53.4004,339.313
52.8378,321.406
53.0826,326.821
54.0902,315.408
57.1702,323.363
53.0412,340.413
55.3362,340.074
56.3198,329.124
55.8218,332.729
54.3718,337.789
52.984,343.114
57.855,333.18
58.0996,320.782
54.4248,343.133
55.647,340.261
54.1988,340.366
54.9994,310.384
56.155,333.185
55.3552,330.953
54.8602,317.063
55.641,343.693
52.8412,313.97
55.566,330.157
53.3252,315.517
54.7636,337.843
55.9726,318.891
53.2788,325.856
53.765,359.836
53.4564,326.41
56.526,335.285
52.0804,323.044
51.7654,314.508
53.347,334.93
54.0546,326.261
52.2064,294.892
53.9608,332.932
54.6136,341.491
55.7468,330.801
55.8846,349.583
52.8338,322.338
57.1432,356.247
56.955,334.523
54.7812,337.96
52.1014,326.478
56.06,329.577
57.9608,328.651
52.1482,329.34
51.6934,316.85
54.2528,340.155
54.8186,341.719
54.1802,311.931
56.1622,341.174
56.8984,337.015
54.849,336.844
55.1372,331.327
56.045,326.273
53.2282,333.714
52.2582,327.254
54.7776,349.22
53.9226,332.697
55.2882,334.187
55.587,320.147
53.8596,329.958
55.2324,342.145
57.4232,323.482
55.225,330.18
57.566,346.257
54.747,328.869
56.5242,315.352
54.342,333.893
53.1322,325.841
55.1896,325.461
54.0126,330.724
54.5882,343.06
56.3776,317.86
53.3334,332.034
54.29,361.118
55.433,334.229
58.2512,323.49
52.6242,329.161
54.0314,347.638
52.9932,337.736
52.8468,321.452
54.3044,332.488
54.8838,331.874
52.9476,332.445
53.801,348.367
53.0724,329.208
56.5198,327.434
53.3034,337.93
56.7176,315.581
54.5844,320.256
55.6068,324.001
53.2368,312.763
52.4176,324.302
54.7438,329.943
51.9326,318.977
55.3558,341.977
55.7172,332.714
52.9342,342.109
53.9562,328.007
55.8608,352.29
54.0724,340.041
55.9244,333.313
52.8816,329.388
55.313,329.871
53.2068,333.279
53.7582,343.647
53.2702,322.739
54.487,349.411
54.3666,347.714
52.0686,334.492
53.9838,331.689
54.2528,342.491
57.7678,334.262
54.834,346.764
55.703,348.661
51.4022,324.242
54.2436,342.488
52.6592,307.921
54.1214,347.639
52.3906,326.868
50.6184,302.806
53.0998,318.901
54.4654,335.336
53.312,334.7
53.1528,319.539
53.6548,332.519
51.3496,325.542
55.6806,338.986
52.0594,329.111
55.81,330.811
53.8308,323.81
53.4264,328.676
52.1944,318.56
54.7774,337.875
54.7222,323.542
57.5374,332.566
55.295,339.352
52.859,336.349
56.423,340.103
54.9206,342.919
52.4822,332.987
53.9486,305.575
53.5,340.362
53.8156,319.116
57.1502,330.183
55.6696,323.609
54.2242,317.227
54.293,306.467
54.5178,332.023
52.0482,329.896
52.348,319.005
53.0922,331.354
52.235,357.782
54.7208,332.612
54.462,327.547
57.0334,339.678
51.4398,312.707
55.0488,317.973
57.4786,323.049
51.4156,304.344
54.501,346.308
52.7858,327.351
58.381,330.306
53.0112,327.636
57.2276,351.326
55.3392,327.31
53.7052,332.69
55.1146,345.515
53.7004,326.984
53.9992,325.663
56.9702,339.723
52.627,326.287
54.5606,324.172
56.8392,336.258
54.939,311.387
53.162,318.905
56.1108,337.293
50.316,307.115
53.8558,338.984
52.2234,333.38
55.449,319.953
52.5946,332.728
56.2516,340.312
54.6926,333.154
55.3326,342.464
53.5908,331.504
51.9802,329.852
54.5314,321.793
52.5362,319.824
54.428,341.102
52.548,331.445
52.8516,312.767
54.2514,335.754
60.9758,341.548
53.9122,351.859
55.1192,332.741
54.2586,339.695
54.0598,310.453
54.9514,314.138
57.4556,328.424
52.531,332.777
53.4842,330.483
55.3364,334.326
53.918,321.805
53.2074,330.561
56.4338,327.566
58.8194,324.658
55.5536,344.49
54.75,330.125
56.4472,338.871
53.7954,327.555
54.2474,322.465
57.514,344.688
52.3754,330.837
52.9622,329.342
52.3952,326.075
56.7944,317.76
52.8724,340.426
55.7956,324.586
58.5924,331.007
52.5138,318.633
53.9162,343.514
54.8366,343.701
54.4072,328.922
57.0532,318.539
52.2718,335.732
54.5882,333.441
53.002,323.105
52.4446,321.944
57.1194,347.372
55.17,346.634
54.311,308.004
52.8882,315.925
54.6928,316.24
57.699,329.226
57.4254,332.48
52.7606,324.069
54.3374,325.848
53.019,324.814
52.6604,320.613
53.5532,338.954
61.264,336.101
55.558,349.093
52.9012,308.605
54.5932,321.562
57.065,323.971
56.2872,343.721
56.3968,340.92
52.4694,319.297
52.208,330.664
55.1472,327.874
53.3844,336.088
54.3656,317.77
55.7794,322.829
55.2868,339.726
52.7032,328.986
51.7638,302.57
57.0892,339.687
54.1928,324.799
55.8172,335.255
52.4108,329.455
56.6316,325.534
54.5676,316.436
51.179,308.609
53.6298,350.873
57.9702,336.794
57.263,331.996
51.726,322.691
52.836,318.029
56.2456,339.184
52.8516,332.512
55.007,326.958
55.454,357.123
53.8118,324.083
51.581,324.893
53.9532,324.575
54.8156,331.52
53.841,317.458
54.7146,322.092
52.7198,331.92
55.1326,332.503
55.6812,346.97
53.0412,319.538
49.8902,312.387
57.3372,329.407
54.1824,336.257
57.862,336.02
54.144,338.027
55.9416,340.267
55.237,338.372
54.4916,333.887
56.1896,344.141
56.5008,330.134
54.755,312.283
55.3328,339.971
53.9694,316.591
52.7018,327.468
52.9116,314.383
55.0102,333.01
53.998,353.859
53.055,318.157
56.9792,347.245
54.8954,373.538
53.7596,325.465
54.6988,321.251
53.072,350.485
53.9492,305.056
54.9236,335.304
53.644,337.457
50.1722,307.47
52.8786,341.888
52.78,325.535
55.2766,344.52
58.8608,333.977
54.842,320.568
55.5236,325.753
56.4828,333.232
53.5694,352.365
53.172,347.532
52.3562,318.46
56.484,347.036
53.2732,342.244
54.2536,332.785
54.172,319.601
55.2834,332.276
53.1,317.708
55.7166,347.028
52.4446,322.664
55.0818,321.885
55.155,325.606
56.112,346.054
55.5188,329.649
52.497,341.677
52.8502,326.027
53.535,345.552
55.3246,318.882
55.7074,349.64
50.8596,316.955
53.6716,341.615
54.6988,341.428
55.6052,347.21
57.7544,335.705
54.5306,326.431
55.4904,333.026
55.3036,329.416
54.8986,336.557
50.4436,330.243
52.2342,347.104
54.9042,332.669
53.287,327.404
53.1294,322.63
58.2066,333.942
54.304,315.751
54.7998,333.176
51.6024,316.367
52.3956,323.141
53.9192,327.639
52.9718,349.453
54.0526,339.296
55.0242,340.407
52.95,335.858
58.4348,338.453
50.8606,320.486
53.829,342.981
53.4386,335.473
51.7336,325.031
56.74,332.28
55.8066,319.9
53.2212,327.474
56.166,332.844
55.2788,332.355
54.1598,324.615
52.9704,326.064
54.6228,335.994
57.9502,313.847
52.1626,335.168
54.5868,312.627
56.4512,332.036
56.0296,325.623
54.4934,342.414
53.3452,309.419
53.9834,337.303
51.3748,328.178
57.1792,346.303
50.7256,308.691
57.7718,328.355
57.1254,333.676
53.7602,358.944
53.3154,316.391
52.3796,325.492
56.3004,348.977
57.662,333.639
52.6172,309.453
55.0222,333.564
54.284,348.837
52.7738,329.48
54.3428,348.735
53.5594,321.096
51.6986,324.495
56.3944,334.925
51.8646,318.609
56.2092,331.175
53.5172,342.424
57.4184,315.04
55.3198,318.783
52.0188,322.067
55.1568,322.666
54.6532,319.842
54.932,320.228
53.1154,319.985
52.8292,326.768
53.626,326.335
57.5468,320.612
53.1548,311.28
56.2086,330.006
56.0722,337.6
54.0418,321.666
52.9986,309.156
51.2566,350.853
54.229,329.771
54.2386,330.603
52.9852,325.208
53.7052,349.274
55.7976,328.692
55.0358,335.926
53.6166,349.358
54.6872,313.357
53.1132,320.389
55.8152,325.125
52.5672,331.626
57.432,336.199
52.176,324.308
56.9874,345.645
53.7036,332.417
53.6518,337.801
55.1054,342.365
53.987,354.994
57.8114,340.268
55.0236,340.616
54.859,353.214
54.4726,340.43
51.2466,331.323
54.7,330.779
53.29,327.457
52.88,325.244
54.5054,332.334
53.7592,344.46
57.9972,347.619
54.1908,320.232
56.8868,326.118
55.4592,331.519
54.0522,332.193
57.4576,334.005
52.9436,342.062
55.4902,342.374
55.8676,348.278
53.939,334.52
52.6394,316.827
54.0778,343.039
56.6848,329.254
53.3142,335.294
52.7788,325.91
57.5398,340.862
57.0172,340.265
54.263,319.48
53.7384,341.048
52.4786,323.163
56.9318,342.615
55.0782,331.268
55.7022,321.615
56.386,337.56
55.314,321.208
55.847,324.95
52.907,326.105
54.5606,333.616
51.3848,313.556
55.528,323.569
56.2404,327.748
53.0914,324.987
54.1456,343.16
55.09,314.224
54.8924,334.122
55.7942,337.895
54.5354,349.964
51.2712,314.831
56.2236,343.007
52.8374,338.933
51.5808,313.606
53.2224,335.619
54.4138,322.449
52.6266,326.488
53.5928,328.073
55.1628,339.967
53.5404,320.048
52.2696,324.012
53.8926,327.796
54.3278,338.311
53.5276,310.225
54.9684,330.461
57.359,323.691
56.1006,322.633
51.7166,340.642
51.923,325.324
54.0972,344.727
55.2506,331.367
53.74,307.652
52.1612,322.354
52.1198,310.161
52.4502,334.406
54.0718,325.226
54.7278,307.439
55.6248,323.516
54.3918,323.118
54.4282,334.966
55.1096,331.203
59.846,339.883
54.1308,328.071
52.2378,333.411
52.6034,334.634
53.46,336.195
55.758,335.421
56.0374,339.328
53.6338,343.28
53.2766,333.593
58.8572,339.173
52.0322,326.583
54.689,344.351
55.0132,325.051
57.0418,336.711
53.2586,321.608
53.6432,347.615
54.3292,330.663
53.8222,354.43
53.4064,323.203
51.7306,330.993
55.8666,327.493
59.2954,329.295
54.2216,323.811
54.3326,341.915
54.4648,327.201
53.746,334.686
57.7204,334.281
58.2224,343.61
55.4226,358.172
55.6722,344.168
54.2128,354.468
55.088,337.5
55.8944,349.697
55.0598,335.086
54.5214,359.65
52.5114,310.649
59.4902,354.807
55.0198,340.395
55.733,333.725
54.253,320.825
52.166,323.588
51.9076,330.5
53.4578,344.858
53.7338,339.922
54.3594,352.937
53.0192,316.519
53.622,336.842
53.9994,326.134
54.6814,325.604
56.1494,329.367
57.558,323.841
55.257,326.792
55.054,348.016
53.6974,329.384
54.4768,333.155
53.633,311.311
54.5462,340.233
54.2202,342.344
55.7574,312.619
53.3208,344.474
54.3576,352.405
54.563,337.964
54.2678,331.766
57.9254,351.932
54.175,312.151
55.0622,323.205
51.6314,309.543
52.9934,346.212
52.5782,327.894
57.3684,325.288
53.8704,336.33
52.216,324.606
55.4852,341.954
57.0792,339.831
52.8256,326.675
54.1474,327.09
54.0192,332.179
54.1856,311.703
55.9564,330.5
55.6462,347.698
55.0226,329.101
54.6374,311.263
53.0718,333.043
52.0204,354.486
53.6732,317.381
54.313,334.243
55.7336,345.569
52.9468,330.948
55.8792,329.759
55.5524,336.85
54.8668,335.893
54.382,336.985
58.4784,357.203
55.6158,348.619
54.221,332.994
54.1518,327.491
52.2658,338.741
51.3422,309.756
53.4442,324.709
54.375,322.11
54.6032,330.72
53.288,330.642
58.0332,331.794
55.5996,324.929
54.726,338.031
53.084,320.112
53.9296,329.817
53.3144,310.935
56.4296,330.292
53.7854,312.159
53.1198,328.277
53.6564,324.818
51.3816,340.821
53.0834,345.203
53.6606,348.913
55.1756,331.548
55.539,330.93
53.3386,326.654
53.6794,329.395
56.558,338.576
56.2436,336.338
52.6288,337.972
56.5726,343.137
53.319,335.006
54.4646,341.877
57.8968,338.321
55.366,340.415
54.3666,350.755
54.9314,341.034
56.1614,313.731
52.436,307.137
56.2702,334.514
53.33,313.392
54.92,334.364
55.8272,329.39
53.2908,338.125
55.18,343.123
54.1812,318.002
53.565,331.804
54.0284,330.828
53.1586,351.05
53.5376,329.094
58.476,312.976
55.1328,354.216
53.2278,322.641
55.0016,343.398
56.3346,340.146
53.4782,336.174
53.2602,323.437
57.3694,328.452
55.521,320.943
53.5926,364.042
56.1912,338.687
56.7886,348.316
55.892,343.413
53.772,318.894
58.8996,330.505
50.566,307.693
52.5666,314.162
53.521,345.452
52.9938,339.959
57.8342,340.888
54.6904,349.242
56.5968,337.048
53.058,323.964
54.5706,330.953
55.5586,325.077
54.8886,321.645
54.6602,326.692
54.8074,340.386
52.9126,322.859
55.7256,338.232
53.9966,316.705
55.4868,345.407
52.7516,325.86
52.5912,319.964
54.6632,333.396
55.6458,336.808
53.5988,317.868
55.9746,328.109
54.8922,357.428
56.5574,330.812
53.9914,341.473
54.5062,339.879
55.0348,337.11
51.1736,312.227
55.7202,332.935
52.2772,324.759
51.533,322.173
53.113,334.476
52.9272,318.763
59.9994,332.204
55.6244,344.896
52.1802,326.523
54.569,338.021
51.0972,325.022
52.2108,322.536
54.8678,317.874
52.4048,327.238
53.3102,326.363
53.328,329.591
56.177,347.852
54.3812,343.393
51.9812,330.479
52.1794,336.917
53.2434,312.638
50.8582,324.786
52.5162,319.257
55.056,332.057
56.7722,325.052
51.0392,327.566
53.2562,342.217
56.5872,334.24
52.5852,330.988
52.3538,342.394
52.4706,348.664
57.379,320.759
52.4922,322.546
56.4192,337.037
55.7452,333.927
57.798,334.622
51.371,304.709
55.7442,330.625
50.1582,310.147
54.9082,341.964
51.3384,305.39
56.6764,335.484
55.103,327.884
55.1646,338.623
52.4122,342.072
54.8048,326.913
54.0592,342.827
54.5992,334.877
55.4274,353.22
54.8328,345.756
54.6132,322.094
52.1054,310.244
53.2518,324.736
54.7076,334.572
53.7554,323.001
53.4578,322.117
54.059,324.612
59.481,341.324
52.194,334.511
55.0664,322.212
56.975,332.916
53.7452,323.692
56.4108,327.101
52.5266,335.315
55.2098,334.253
53.9824,333.771
54.7868,319.171
56.8396,340.739
54.058,347.756
53.3428,322.166
53.1668,347.395
55.281,331.335
51.5684,324.518
54.3426,319.141
55.0734,336.423
53.693,311.774
52.4932,320.893
54.8984,341.459
53.1992,340.653
52.9858,314.844
56.0676,328.86
58.4106,320.304
55.7298,315.461
53.3174,336.499
56.7348,332.026
58.0964,324.533
55.2394,329.467
56.3736,327.572
55.5084,339.148
51.878,330.653
57.7578,345.33
57.12,340.514
56.3786,343.52
53.8398,336.852
52.3084,325.446
54.1642,337.906
57.55,328.586
56.6934,330.049
56.1256,345.771
56.3454,341.412
54.299,350.152
58.069,336.816
54.4128,343.763
55.4344,338.766
55.4956,330.737
53.9028,323.422
55.7146,336.047
55.885,337.83
53.5712,327.517
53.3638,323.849
54.0956,329.162
56.0358,331.271
53.1714,328.019
54.4466,314.3
54.7274,335.622
58.3888,370.365
51.674,322.935
54.3298,342.958
58.2322,316.235
53.8074,335.871
52.7872,305.339
52.7494,324.169
55.7224,326.28
53.3378,348.774
61.4092,356.494
53.5466,330.595
57.0226,338.569
54.9404,325.877
54.9372,333.399
51.4086,314.761
55.4844,317.577
56.1314,328.392
53.4248,350.003
53.8736,335.531
56.2166,330.077
52.2918,327.293
56.2838,329.045
51.8642,330.348
53.697,343.888
54.6678,340.386
56.1632,345.199
56.5034,341.2
55.676,357.959
54.7516,327.777
55.499,337.958
52.4462,350.009
53.1318,330.103
54.6262,346.287
53.3512,328.917
55.6502,339.502
55.711,327.544
54.858,353.57
56.3692,335.102
54.1028,343.114
56.1702,340.622
55.1698,345.87
53.2688,327.875
56.252,357.81
55.6284,336.938
54.0624,350.222
51.8516,318.648
51.6382,322.571
52.5248,304.895
54.2142,330.128
52.194,327.683
54.393,347.941
53.9304,346.517
52.3718,335.839
54.6868,328.522
54.9184,323.143
51.9728,329.171
51.8372,334.113
54.9696,350.267
54.6162,324.804
57.1394,329.439
55.1776,322.842
53.2836,345.422
53.3868,319.254
55.3166,340.064
53.4026,316.632
57.6136,346.583
56.5344,343.394
57.3142,343.568
58.7018,331.874
53.0214,332.827
54.393,345.752
52.7436,332.304
56.1566,331.295
56.2806,323.922
53.2066,327.009
54.5478,320.856
54.6168,331.133
53.5636,312.599
55.9814,330.659
56.399,331.27
55.4712,334.202
58.2734,331.13
53.3886,319.418
54.716,335.333
55.0642,325.601
55.0394,324.044
55.6092,356.853
55.659,332.002
55.0714,335.449
52.9452,339.046
54.5946,346.713
54.1742,346.492
53.2248,320.803
53.6072,352.861
60.463,321.369
51.903,311.568
53.529,328.627
54.088,346.652
54.9816,345.201
55.0474,344.656
56.7162,324.436
53.5162,354.835
52.8258,328.594
51.4372,327.297
59.434,353.559
51.4854,312.606
52.935,325.712
53.6558,336.636
52.821,333.918
52.2472,320.365
56.2652,345.881
54.3628,326.971
51.9808,329.949
53.6458,336.74
57.9136,317.493
54.2568,327.499
56.0738,326.284
53.8388,332.113
53.7376,318.932
52.7842,336.329
53.405,332.673
53.3598,314.876
54.2582,317.574
52.2672,331.326
53.489,334.747
55.69,318.787
53.3492,333.337
OPT
42.7628,81.2558
43.1786,84.2222
42.9942,86.1815
42.4628,80.5981
42.8466,77.7967
42.5734,85.8878
42.7152,81.778
42.6696,77.5786
43.1502,83.8535
42.7206,80.9501
42.8934,84.0393
42.2768,78.8932
42.3494,78.5312
42.5186,82.7141
42.459,76.5176
42.8642,80.8265
42.2694,82.5262
42.4124,81.4169
42.488,81.2032
42.2224,83.1119
42.3364,81.5581
42.47,79.3081
42.903,85.5432
42.5464,89.4161
43.1782,80.8011
42.9698,84.524
42.9734,81.2446
42.1668,78.7178
41.8934,80.1715
42.6572,78.5687
42.2676,78.1257
42.9736,77.246
42.2862,75.9113
42.187,77.6183
42.4084,82.0712
43.1146,78.6796
41.9738,77.0814
42.796,81.2625
42.8934,82.8916
43.6348,83.6263
44.2596,86.3804
42.8122,81.2232
42.5038,80.9031
42.3012,79.9158
42.726,83.1452
42.5536,81.4072
42.1202,88.0638
42.15,79.8124
42.7526,86.3136
42.485,77.0262
42.191,82.8377
41.9958,80.8548
44.0706,92.1417
42.6484,84.052
42.2424,79.6607
42.9156,82.0063
41.9926,78.5939
43.3166,80.8276
42.6794,78.1267
43.0236,85.2374
43.562,89.7789
42.1146,79.0072
42.9352,88.9536
43.1962,87.2503
42.2018,77.7995
42.7992,76.5832
42.5264,76.6367
43.0874,79.1919
42.5148,86.172
42.5634,81.8471
43.1218,86.3246
42.3632,82.9994
43.2038,80.6536
41.6154,76.6269
41.9238,82.4758
42.54,82.0758
42.9164,84.9332
43.0234,85.9406
42.2116,82.6065
42.0592,77.7933
42.7232,82.8645
42.9746,87.1195
43.8278,84.8435
42.4224,77.7578
43.1808,83.9071
42.3068,78.4451
42.2194,80.9096
42.6132,82.5821
42.77,82.944
42.9412,84.6277
42.767,80.7102
42.793,80.8791
42.2176,80.9013
42.832,80.7684
43.9632,85.7906
42.1126,76.1096
43.195,86.047
42.5806,82.4539
42.6182,78.2308
42.347,82.26
42.7584,81.3532
42.0958,79.3039
44.4616,83.5294
42.366,85.6037
42.5682,79.1655
42.56,79.7103
41.7648,77.8818
42.4314,81.9726
41.8686,80.9141
42.6456,86.6305
42.3232,86.0582
42.6394,77.4129
42.9062,84.2461
42.0356,84.2473
42.741,79.475
42.4118,80.1663
43.4848,88.5771
42.8288,86.8321
43.275,84.0719
43.1254,86.9772
43.1202,81.0496
42.9668,89.7818
42.7362,83.5845
42.0348,79.8648
42.9704,78.7349
43.8198,88.1822
42.4556,85.763
42.8774,87.7066
42.9898,87.8345
43.6156,83.5757
42.5678,78.7302
42.1752,82.0105
42.0156,79.3398
43.7066,84.5718
42.3764,80.9228
42.852,83.2231
42.8658,84.9672
41.8474,76.9415
42.0792,79.0614
43.2472,80.8493
43.3698,89.9317
42.5402,81.4777
42.429,80.9656
43.1844,79.2552
42.3138,82.5212
42.875,81.7623
43.444,76.8226
42.8534,83.8261
43.0704,84.1308
42.0922,80.8407
42.8294,83.9464
42.9872,90.6313
42.1378,83.2478
42.068,77.2084
43.1122,83.3035
42.3656,78.4432
42.4136,79.5988
42.1338,81.2506
42.646,79.3433
42.6296,84.5953
43.189,83.9054
42.6584,81.1005
43.0088,80.6205
42.0622,75.8387
42.3502,76.0089
42.651,80.4088
42.2964,80.7397
43.1946,86.0766
43.0828,84.3627
42.6702,78.1146
42.9706,78.2802
42.9658,83.1917
42.7486,82.9982
42.7872,83.4563
42.3086,85.17
43.625,90.9428
41.8922,81.1255
42.1384,77.7582
41.9946,83.3257
42.0674,75.8037
43.0754,89.971
43.328,84.7224
42.1884,79.445
42.675,79.1037
42.5182,78.7217
42.5688,79.784
42.7386,86.988
43.1094,83.0913
42.7052,77.8257
42.2334,81.3017
42.5768,79.3801
43.2124,84.6424
42.8872,82.6652
42.0096,79.5959
43.1666,86.9206
43.1444,81.9423
43.5616,83.4094
42.3646,81.317
44.2816,90.2957
43.7072,88.9555
42.0212,80.7823
42.4548,81.7276
42.553,83.2648
42.5166,75.0387
42.9172,83.7442
41.9638,83.5988
43.2274,87.5019
42.1556,77.5367
43.1842,82.4303
43.0812,83.1796
42.2334,84.8582
42.4568,71.4674
42.57,87.0797
42.2648,80.8652
42.3476,77.5809
43.4098,86.9319
41.933,76.584
42.3258,85.423
41.759,77.219
42.9888,79.6581
42.3442,78.6028
42.5216,83.5683
42.4126,74.8923
42.3704,79.2736
43.9112,90.5004
42.828,82.7082
42.9624,81.3
42.3194,78.4783
42.886,81.7192
42.7408,81.791
42.7504,75.6785
43.038,83.3918
43.1434,81.0532
42.507,83.6181
42.6792,77.8791
43.2098,84.2054
42.7054,83.0942
43.3006,82.6326
41.8752,76.7616
42.692,81.8723
42.6364,82.9605
42.7836,78.1446
43.2016,86.5093
42.2358,77.6561
42.0044,78.2801
43.0222,82.3275
42.4956,85.9921
43.24,81.1923
43.1678,82.5721
41.8036,75.5538
43.9802,87.6307
43.0046,84.0006
41.6746,73.3044
42.3784,77.0556
42.7126,82.6674
43.4882,85.9731
42.7936,84.8742
42.399,89.4886
42.8288,85.3448
42.8444,84.9847
42.0792,82.9529
42.1866,84.4741
42.2264,81.1594
42.7824,78.6892
42.4772,77.8755
43.0952,79.5356
42.2738,80.1452
43.1224,88.4258
42.96,86.9041
43.1954,80.3581
42.1068,80.5127
42.2612,76.6042
43.2218,83.2886
42.2766,83.5209
41.9334,75.8329
41.8932,77.0299
42.6916,84.1185
42.4924,82.7028
42.3358,88.1428
42.8316,84.1854
43.2048,90.6133
43.1974,81.7539
43.4006,78.4641
42.3968,78.9984
42.0458,73.615
42.3408,80.8856
42.0174,76.6525
43.0454,84.9779
42.7548,83.2337
43.2168,83.0063
42.4966,81.1023
42.1864,79.351
43.3414,85.2623
42.855,81.9054
42.1608,78.4407
41.9486,75.8794
43.2368,84.9144
43.0386,77.4684
43.8198,86.7282
42.7286,83.6656
42.3686,81.6029
42.5558,81.9582
42.6746,80.6889
43.6536,82.1626
42.5382,81.1909
42.2952,81.4273
41.5992,78.7753
44.3596,85.5928
43.2568,87.2343
42.696,84.0939
42.568,86.9493
42.9186,83.3471
41.933,79.2101
42.0912,81.952
42.3604,78.0645
42.82,89.8334
43.5866,90.1678
43.567,86.0876
42.8586,81.0021
42.2828,86.2445
41.8876,79.0282
42.1944,78.4974
42.5626,80.7521
43.0136,81.5127
42.507,81.6793
44.467,84.9627
42.446,78.3758
42.9064,85.9483
42.3814,85.7257
42.9774,81.3696
43.0756,82.712
42.2552,77.3022
42.236,78.6344
42.8354,82.5276
42.968,86.2701
42.8936,80.2017
42.53,88.7566
43.5052,83.5858
42.467,79.7757
42.6836,83.68
42.2448,80.2872
42.3726,82.0801
42.7102,80.8162
43.0326,82.4208
42.8848,80.6152
42.3516,76.8755
42.8512,84.8521
42.4956,83.0545
42.9988,81.9106
41.8432,77.0402
42.5904,82.2817
42.4836,80.1524
42.1994,84.6514
42.257,82.3894
42.0258,83.6257
42.6986,85.9954
41.8048,74.9832
42.6756,77.536
42.0576,81.1656
41.9702,80.1056
42.5558,77.9857
42.5078,78.5871
42.8126,83.1713
42.1764,83.6642
42.5262,79.6631
41.9762,77.6356
42.33,81.9503
42.5038,85.4459
43.2414,85.5064
42.6382,80.0385
42.3348,78.8555
43.076,85.8017
43.209,86.6624
42.8516,85.7217
42.8444,88.0959
42.8972,82.6092
42.1696,80.5587
42.4192,77.4627
42.8356,90.1804
42.5232,86.3072
42.44,83.0517
42.247,80.4144
43.1674,85.4937
43.1546,85.1453
42.6382,85.6184
42.3138,80.343
42.7072,82.0703
43.2412,87.0328
42.4996,80.7103
42.6526,85.4781
42.0866,79.0073
43.2872,83.5596
41.8974,86.9576
43.436,80.118
42.6684,80.907
42.5636,79.2762
42.97,82.9112
43.3618,88.4573
42.1868,76.8124
42.723,81.7052
42.3782,81.861
42.1078,77.466
43.7506,78.829
41.7152,77.2502
42.6412,77.6862
43.2172,90.6208
42.722,77.8857
42.8304,81.7738
43.3374,82.3778
42.6486,79.7031
42.5522,80.1373
43.3628,78.4048
42.8442,89.2133
41.711,78.1427
42.6044,82.7797
42.2548,87.1985
42.5118,79.3042
42.7882,82.3622
42.4804,79.8929
43.5512,87.7459
42.5518,82.9514
43.2336,81.6662
41.5206,72.1841
43.1358,84.2944
42.5922,87.1826
42.8906,81.8902
43.4944,75.6191
42.0716,81.9224
43.0532,77.9531
42.8144,83.4456
42.1686,80.284
44.0566,88.775
42.4534,76.192
42.8404,80.9844
42.5678,76.7138
43.8358,91.1983
42.4684,78.0076
42.5154,79.1183
42.1932,79.2255
43.7524,84.2295
43.1604,86.3934
43.1686,79.2824
42.6956,82.1007
42.7168,88.8686
42.6798,84.8998
42.6232,84.0156
43.1222,84.321
42.9644,84.0293
42.672,77.5093
42.0208,77.784
42.8274,87.8312
42.5354,78.1185
42.8272,83.1794
42.3898,80.7315
43.4036,83.4451
42.9334,84.0737
42.639,87.4937
42.0742,78.7896
42.763,80.3066
43.073,85.9621
42.4206,83.5231
42.6204,78.347
42.3154,91.455
42.1464,77.0304
41.6326,81.3737
42.3966,77.4002
43.0602,81.0376
43.1244,87.5138
42.4264,76.1859
42.3596,83.301
42.4174,86.4992
42.4336,78.7316
42.9582,80.8476
42.2596,79.0361
42.0012,77.5393
42.4734,82.7369
42.8536,81.1628
43.3252,87.4032
42.6426,80.8626
42.87,84.9891
42.9828,78.4208
43.7192,82.3974
42.8412,85.9739
43.2448,86.5056
43.3202,82.1105
42.195,81.442
41.7602,79.9155
42.8464,85.5352
43.0548,81.3916
42.2694,83.5628
42.9614,82.5844
42.1078,85.74
43.435,82.1276
42.4014,79.0787
42.1228,82.0928
42.9688,80.1841
42.652,83.6455
42.3078,80.321
43.0454,85.8174
42.1174,79.6197
41.6834,77.1286
42.7306,75.6503
42.215,82.2217
43.4198,88.2567
41.8456,74.6748
42.589,81.2251
41.8288,80.4964
43.28,87.2137
42.1858,83.2469
44.491,85.6027
42.7474,81.4072
42.2186,75.7295
41.8812,83.2354
42.6104,77.4965
42.2262,76.4667
42.4056,84.573
43.788,83.7166
43.2106,81.6552
42.7008,82.2545
42.5468,80.4773
42.2722,79.9465
42.8696,77.99
42.1258,78.1635
42.6872,85.284
43.569,82.7664
42.9642,84.2333
42.6514,82.9767
42.6406,81.2301
43.2524,77.3538
43.169,84.7275
42.1734,75.1434
42.6074,84.0393
42.6584,87.4062
42.4578,84.9184
42.8946,88.676
42.7782,79.3254
42.867,84.1227
41.7902,80.0636
42.4358,74.7617
42.7022,76.3102
42.2868,83.3463
43.4854,86.7876
42.7048,77.1094
42.0472,83.282
43.342,87.4238
43.011,82.4137
42.6674,80.2804
42.7334,80.4188
44.1018,84.1793
42.9808,83.6908
42.3456,79.7345
43.0716,91.2985
42.8074,80.9244
42.9562,89.0639
43.6266,88.5647
43.574,74.32
43.8992,82.7724
42.3494,82.1632
43.1712,82.3523
42.869,78.474
42.5522,80.6637
42.1198,80.1749
42.5784,84.4299
43.11,83.9167
43.3278,83.8845
43.4294,82.1854
42.2834,83.4955
42.7798,81.5463
42.021,78.1017
43.263,79.3184
42.2986,82.2474
42.4064,80.0397
42.835,79.5375
41.9228,76.8931
42.4058,87.2169
42.1936,83.0291
42.0848,79.5961
43.45,88.8811
42.684,81.7757
42.0238,80.4494
41.8966,80.4303
43.0878,87.6454
42.5524,79.1205
43.1794,79.2917
42.544,81.6178
42.4222,82.5183
42.9656,80.9084
43.1844,83.3383
42.5604,80.4323
42.8352,78.076
43.1656,80.1146
42.8194,77.5405
42.2262,80.7308
42.3402,89.1359
44.0472,91.9701
42.3658,82.5181
43.1,84.0789
42.9202,85.1196
43.3068,86.0758
42.4378,79.6114
43.3066,82.8982
42.0298,78.9354
42.6028,81.9314
42.8892,84.1908
42.6274,79.7097
43.4206,80.9224
42.1304,77.1635
42.8648,83.9607
42.365,78.7085
42.8376,78.0549
43.573,89.6377
42.398,81.6884
43.2648,86.7638
42.056,80.9215
42.6986,80.7573
43.677,88.6546
42.7596,79.6793
42.9012,81.4319
41.7578,77.7156
42.2126,82.1965
42.3676,78.1936
42.6566,88.6698
42.6542,81.0376
42.4876,85.3724
42.2234,79.8863
41.839,76.1886
42.8282,81.3268
41.913,82.7439
42.5758,84.6532
43.1426,89.0274
42.8124,78.1969
42.6898,86.2912
42.6296,73.5355
42.2076,82.6052
42.6358,83.9699
42.946,85.6153
42.2392,81.0166
42.538,74.8557
43.2174,87.2467
43.1834,89.6811
42.4474,83.7156
41.8426,75.2405
42.3038,84.8248
42.73,77.2752
42.5396,75.8767
43.13,86.3827
42.7972,82.4576
42.9454,90.6455
42.2724,80.8762
43.0214,84.0176
42.4084,79.4801
42.0102,77.3384
41.9954,78.4335
42.4814,77.9324
42.8108,80.9918
42.6376,80.306
42.0462,79.8885
42.5508,82.0006
42.5168,75.4896
42.6294,78.169
43.617,83.7
42.872,81.1017
41.64,79.6977
42.5532,81.7962
42.0472,80.9563
42.8426,82.1064
43.0482,85.9504
43.3894,85.4396
42.8438,85.9393
42.2798,77.0246
42.2598,88.6367
42.5602,80.4738
42.6968,82.6355
42.122,81.0026
42.965,81.8144
43.7304,81.4009
43.1854,81.0073
42.6268,85.6604
42.2782,77.4671
42.8222,89.6494
42.6222,83.6482
42.9594,87.8614
42.7394,79.4842
42.7034,80.5252
42.0868,75.3996
42.5588,81.5732
42.1216,79.6806
42.4268,84.1338
42.8982,83.5988
43.176,84.0792
42.7068,78.2227
42.5112,75.873
42.1298,81.6787
42.7962,77.5556
42.833,83.3791
42.5466,81.9024
42.2656,75.6651
42.519,77.6
43.4082,83.9097
42.193,83.5239
42.3438,79.5366
44.607,87.5216
42.2696,80.1078
43.5124,82.8051
43.6732,86.2562
42.3038,76.9024
42.1614,84.0787
42.382,78.3397
42.454,83.3217
43.506,82.2988
42.0098,78.5896
42.2896,85.1136
43.4724,86.5521
42.4902,76.8921
43.1074,79.4938
42.3644,85.7622
43.1364,84.9092
42.6352,81.7408
42.751,80.3982
42.348,77.2927
42.5146,78.6101
42.5024,81.4014
42.987,84.2893
42.5748,79.2187
42.5114,85.0608
42.9078,82.9531
42.8176,83.4258
42.9472,82.7628
42.139,81.1722
42.701,81.5356
42.656,81.8846
42.1778,80.812
42.4618,86.8633
42.7334,77.3183
43.0288,80.4494
42.8228,85.1313
41.973,78.8238
42.4798,82.9906
42.3044,79.15
41.7416,80.8297
42.4898,81.4885
42.8282,80.4709
42.2646,78.9187
42.6736,80.3539
42.1018,76.5363
42.4996,87.7714
43.6444,86.1052
42.5932,82.3987
42.298,81.1581
43.085,78.6244
42.583,83.6061
42.729,77.6234
42.9224,88.0873
43.4252,85.4637
42.049,77.7186
42.9986,80.6965
43.1,75.8946
42.6276,78.9502
43.179,80.8774
43.137,82.1833
42.9298,83.5645
42.306,78.2014
42.4706,80.9835
42.9612,86.0915
42.0524,82.9596
42.0438,78.1421
42.2248,79.9606
42.8612,81.3311
42.6838,81.7359
42.559,76.9568
42.0408,81.9342
42.2494,81.4818
42.4828,83.1207
42.3768,82.3807
42.277,82.3751
42.976,79.006
42.3812,79.2239
42.3106,85.2331
42.4802,78.2125
42.4752,85.7237
43.2818,81.7528
42.2764,79.301
44.6364,84.2596
43.1472,80.8247
42.4332,88.2032
42.497,80.6723
42.1504,84.2913
42.6886,79.5961
42.6166,79.6736
42.3398,83.1709
43.052,86.6656
42.3964,75.9
42.4138,82.428
42.4512,78.7307
42.1098,78.2307
42.5488,82.5644
42.9868,83.3607
44.1648,87.4437
42.284,83.5518
41.7858,75.8914
43.0114,80.5774
42.0102,79.3245
43.1592,80.945
43.046,85.246
42.1804,76.7356
42.5792,76.7466
43.2104,82.0386
41.9416,76.9729
41.825,81.7951
42.5884,80.3379
42.3496,80.7908
43.0548,83.7148
42.6096,85.6958
43.1798,83.1051
42.829,88.7821
42.844,85.884
44.101,80.0376
41.792,78.9906
43.0096,86.7917
43.0868,88.9658
42.377,79.0457
42.1932,77.6585
42.7156,79.2576
42.2554,80.156
42.49,81.523
42.1152,81.6534
42.0706,75.6318
42.8092,88.761
42.354,81.0475
41.7356,82.0706
42.5278,81.1625
41.9214,84.2303
42.1292,82.5204
42.072,85.077
42.2422,82.2956
42.6236,79.9863
43.0602,87.2483
43.2548,82.3996
42.9266,89.9078
43.7034,82.1575
42.1056,79.2088
42.8,86.7273
43.2348,83.2915
42.5086,79.9132
42.338,81.2054
42.757,79.123
43.2796,85.7306
42.273,88.5294
42.0252,78.4221
43.3386,83.4641
42.9078,88.5111
42.9914,80.84
42.147,75.3623
42.1996,84.6254
42.6846,78.3989
43.5276,86.6229
42.5506,76.8081
43.1686,77.6166
42.116,79.3022
42.9096,82.313
42.366,79.4882
42.3214,80.368
42.5976,78.7511
42.2854,80.22
42.1708,75.2869
42.0134,76.7972
42.7418,82.6973
42.7006,87.6367
43.1364,80.339
42.295,86.7628
42.5566,80.637
42.192,80.598
42.8054,81.1354
42.6266,79.1476
41.9568,78.0585
41.78,74.4747
42.4672,82.7079
43.0546,83.6251
42.0482,76.6765
42.8884,87.2918
43.5038,84.7295
43.2228,86.7861
42.3756,81.3031
42.67,82.9842
42.3774,82.2452
42.0082,81.9507
42.0168,72.5663
43.6778,82.8176
43.2342,83.184
43.231,85.2986
41.9218,77.477
42.141,85.1797
42.9072,83.9779
42.6378,77.6072
42.9266,86.1343
42.1124,81.3523
43.453,76.3559
41.8488,77.6934
42.4458,83.869
42.2166,79.8705
42.6416,86.8285
42.2272,79.5017
42.6608,84.4119
42.8948,82.7899
42.1492,85.899
42.4684,82.7601
41.94,79.8626
42.291,85.605
42.3934,88.028
41.8548,76.0356
44.381,81.3067
43.0256,79.8374
42.0256,79.0731
43.5064,85.2661
42.4276,79.8284
43.0772,91.4719
42.1104,77.2032
41.9864,78.7117
44.0476,84.9986
42.5318,78.5366
42.348,84.8711
42.215,80.3664
42.999,86.7872
42.9788,83.4887
42.7838,82.5177
42.7286,84.8103
42.5596,79.6402
41.9786,80.6253
42.621,79.6342
42.4964,78.089
42.4802,76.7234
42.5576,88.3371
42.984,81.7424
43.224,89.2763
42.8486,83.024
42.1506,83.5696
42.622,88.3396
43.2252,80.8192
41.8222,78.6331
42.0746,81.1652
43.3724,85.0603
43.228,86.1873
41.98,81.39
42.4524,83.9324
43.301,90.1843
43.118,88.5387
42.7776,92.7893
42.026,79.1922
41.788,78.4751
41.9262,78.0921
43.1398,80.8768
43.05,81.4773
42.047,80.1085
42.9486,77.9909
42.6348,85.8609
42.9208,82.7338
42.4138,80.0432
42.4,85.6597
42.001,80.1821
43.012,84.9165
42.673,81.0546
42.7062,85.1379
42.7212,80.7772
42.5686,79.8639
43.1002,85.4096
43.0172,80.6295
42.4296,80.4727
42.2908,81.1948
43.1098,85.7805
43.901,92.5487
42.366,80.8842
43.1116,83.6866
42.8774,81.79
42.6706,86.4644
42.494,80.2975
42.536,86.63
42.743,87.0675
42.808,82.1382
42.7254,85.196
43.403,79.2916
42.0038,78.1749
43.0906,82.3451
42.213,76.6452
42.2758,80.9159
42.57,83.2763
42.6304,82.5696
42.009,78.6009
41.9638,79.1671
42.2138,77.8729
42.4688,83.5611
42.4164,79.3144
42.1762,81.0432
43.263,83.7319
43.222,82.2205
42.522,87.4237
42.5874,81.2631
43.3264,82.0008
43.1464,76.3138
42.3342,77.427
43.6898,81.6454
