Greedy
86.1722,144.75
85.9684,140.741
87.206,152.369
87.0828,152.729
88.4171,161.932
91.008,155.785
83.7838,133.103
84.7978,130.492
83.5281,133.367
86.2708,149.724
86.1396,145.254
84.5543,139.755
86.2726,150.195
85.1526,144.297
86.8109,138.921
86.1715,157.517
86.98,167.703
84.2077,134.497
85.6654,159.171
85.8483,139.834
87.8743,158.632
87.7044,153.18
84.4083,134.61
83.6145,131.989
83.9141,146.891
84.088,146.086
86.7504,140.645
86.6557,152.452
87.3188,149.643
89.8555,165.877
84.315,138.527
85.723,142.326
87.2802,144.72
86.6427,158.185
80.9624,119.639
88.2565,161.097
88.8046,162.353
84.0698,141.014
85.1594,133.442
81.8007,131.892
85.5766,137.039
90.8998,154.133
85.7115,156.689
87.1035,150.504
85.5097,134.726
85.806,148.227
87.1064,154.999
85.1418,134.196
82.3971,133.817
86.1336,157.04
86.0444,154.461
87.9847,143.017
88.6067,141.847
88.0649,153.326
89.5489,160.812
85.9732,138.345
88.3565,154.731
88.9685,162.164
87.5533,149.263
92.789,167.261
84.3267,150.595
86.2457,142.095
88.3636,155.435
84.2642,126.978
82.9807,138.29
86.7993,149.112
84.127,124.472
86.6126,151.087
88.2495,165.635
85.2493,149.205
88.3805,148.001
87.242,150.668
86.5948,147.05
84.7948,148.18
84.9448,130.355
95.489,159.067
83.5781,125.96
85.8247,154.721
86.6421,148.312
85.0323,147.212
87.8571,151.078
86.0076,146.266
86.0785,137.787
84.6628,140.966
86.4591,151.587
86.2387,145.995
85.0111,144.408
85.7978,149.373
85.9741,143.682
88.2138,159.409
84.3264,151.322
85.0946,142.745
84.0922,143.886
83.9311,139.14
86.9427,142.016
83.5893,141.465
87.0273,155.32
86.3436,151.205
85.0148,140.177
84.9242,136.678
91.175,166.912
88.676,155.716
85.8424,152.157
82.1362,135.491
95.5022,174.861
82.138,124.495
83.9577,140.341
84.9238,147.15
84.3835,141.697
85.4515,149.797
85.217,136.284
86.8002,171.197
86.6362,137.59
86.26,158.604
88.5455,151.292
87.0895,159.352
89.1246,157.482
90.371,161.994
88.1812,150.307
88.1084,151.88
83.4849,118.063
86.2302,148.922
85.7053,137.974
84.4358,140.726
85.4933,139.961
88.2874,151.895
89.1045,151.382
82.6357,125.657
85.9195,137.91
83.341,124.004
84.5459,146.397
84.7885,143.192
83.3939,136.735
82.5626,140.546
87.1401,145.862
88.0656,146.168
85.2901,148.686
82.6736,137.494
85.5545,143.67
88.573,152.167
84.6075,142.585
86.951,160.653
86.9969,157.53
87.8669,141.47
87.6687,150.408
87.2879,150.982
90.6419,172.152
88.9507,158.867
92.3141,152.249
94.6737,163.379
84.5517,135.551
88.1691,155.285
84.3068,138.328
83.9069,130.057
83.8923,140.868
89.7658,166.483
87.0401,135.344
86.0746,143.554
85.4518,153.98
85.6788,141.06
86.3299,151.389
84.3878,148.864
84.9201,146.528
87.9611,153.056
82.8048,138.131
89.3742,164.608
84.9554,143.625
84.7335,142.786
84.0387,137.616
83.6759,133.959
90.0925,161.902
86.7633,154.657
88.3923,157.394
83.7173,132.536
85.2506,141.884
87.5573,154.346
86.5925,150.829
85.4747,149.89
83.6954,135.213
86.4593,146.736
84.95,137.435
84.2715,139.282
85.3525,157.517
83.0581,140.474
83.0335,138.921
84.0453,147.245
84.7355,141.064
85.1093,138.673
83.977,129.655
85.1166,142.745
88.4883,152.588
88.6188,159.662
85.5035,159.054
88.7683,146.394
85.9258,149.511
85.8057,133.077
86.1262,149.446
89.2424,163.437
85.6844,151.278
86.548,145.35
88.0794,162.225
86.4401,153.969
89.2808,168.049
87.4375,137.991
87.4281,155.899
86.8308,154.034
84.4439,141.78
89.2808,165.006
92.7268,165.781
91.1348,169.123
87.7182,150.338
85.2979,151.419
87.6628,143.94
85.7085,147.688
84.5946,154.895
86.946,155.226
84.1794,129.226
84.6658,151.981
82.9011,133.454
87.5622,169.075
82.5309,135.593
83.5501,142.657
85.9154,141.608
84.6824,141.939
84.199,143.823
88.8329,167.572
87.8927,145.71
90.4577,158.72
83.1722,128.43
88.4586,154.131
86.6276,151.491
88.406,158.599
85.3488,133.865
87.5954,153.942
85.8535,139.45
85.7683,152.036
87.0849,154.679
90.2757,157.378
85.7969,148.751
88.5243,149.077
85.347,141.439
83.0585,145.035
85.7905,131.205
84.5593,148.486
87.0267,139.831
86.1642,152.067
83.335,137.724
81.8464,132.663
86.7674,151.205
88.2232,150.323
84.3549,143.357
86.2403,161.144
83.9316,121.881
88.6144,158.086
85.2431,134.353
87.0708,143.799
85.699,141.455
83.8714,131.998
86.7641,140.672
87.4021,165.486
82.1015,134.173
87.153,145.149
86.5527,147.834
88.0689,162.079
85.413,136.557
86.6065,139.927
86.3723,149.087
88.9262,160.097
89.5688,162.747
90.4818,153.276
85.8268,149.188
85.8657,160.999
84.208,149.614
88.5042,165.122
90.3863,155.268
90.5622,153.043
81.5944,130.601
83.0598,133.164
82.3382,135.906
85.8316,144.711
85.1101,141.219
84.8272,147.553
84.5526,143.361
86.5546,139.24
82.913,136.633
83.0342,136.833
85.4386,150.315
88.0613,156.864
82.7581,131.076
87.4418,155.457
85.6833,138.798
85.0949,144.176
87.4276,167
86.2764,158.863
91.1781,162.048
86.7564,138.46
91.383,171.195
86.1051,157.34
87.6259,151.711
85.9637,147.362
83.9576,129.613
83.5415,128.743
84.1993,135.334
85.3548,138.372
83.7982,137.033
88.7259,153.403
89.3195,149.305
85.8773,153.042
83.0862,126.44
86.3995,149.444
89.6135,154.814
87.2999,148.863
84.0361,137.353
88.8622,150.415
87.4824,166.932
86.0745,145.618
84.6845,149.752
91.5891,169.085
84.6102,142.248
84.6434,126.083
88.8229,148.605
86.8178,157.648
83.2979,149.61
88.1581,156.21
85.2721,155.727
87.7975,154.804
87.8385,152.362
89.1739,152.337
91.8401,159.953
91.0064,162.081
83.424,142.843
84.0598,128.003
87.686,153.577
87.156,145.365
82.1341,127.384
90.0296,151.613
84.1576,148.137
87.8169,155.955
85.3583,129.153
85.5649,143.208
83.7331,140.626
82.7972,131.371
83.8521,134.34
86.4879,150.902
85.1355,151.757
88.4235,160.039
84.9492,146.135
84.5736,145.586
91.4924,160.02
84.9813,146.568
86.4877,155.193
85.8169,150.724
87.5206,150.621
88.2609,156.757
86.3206,147.666
89.4339,145.218
91.0022,161.121
89.0912,160.289
93.1828,167.507
89.5199,141.765
86.2104,145.239
86.7345,144.842
86.374,151.723
86.2963,142.656
86.0445,158.608
84.7724,140.041
87.0396,144.91
87.7541,160.799
86.0112,144.176
87.607,153.217
86.5706,139.792
90.2653,168.845
86.9418,143.718
92.0701,155.382
85.1508,145.267
82.6792,132.022
85.8452,147.204
84.4583,137.051
84.6398,144.195
88.2358,140.854
86.3675,143.699
85.7532,145.291
89.2953,157.045
87.6227,151.309
87.6277,148.662
88.0607,147.013
89.5763,166.061
89.1803,159.673
92.0933,164.838
94.0076,152.577
81.6163,127.795
84.9916,142.188
86.8973,146.702
83.3803,140.887
85.0454,140.57
84.7398,134.793
85.1423,142.8
85.7493,141.215
85.3049,147.784
82.7242,123.606
88.7142,167.402
88.587,160.553
84.3762,147.5
89.708,161.738
84.6654,131.507
84.6883,143.339
84.5423,146.089
85.779,158.294
83.2187,129.195
84.9612,149.59
86.8404,163.057
84.4944,135.038
85.7569,141.936
83.9407,143.047
83.9469,143.261
86.2101,148.262
85.5808,143.412
85.2513,144.049
89.6265,153.557
91.0444,157.121
83.0527,133.576
86.056,141.521
86.5973,147.626
85.996,145.811
84.2888,140.18
87.3698,147.213
84.3071,141.572
87.2319,153.739
87.4017,149.551
89.7709,159.338
83.5904,140.754
85.2193,148.44
86.6245,158.117
86.2578,145.013
85.9961,141.975
89.2043,151.573
87.5062,154.218
86.9901,140.905
85.7602,142.81
87.6465,141.326
86.6272,139.883
82.2257,119.348
90.6291,155.097
85.728,140.708
87.0531,141.111
88.041,148.39
86.8338,150.893
88.6615,158.109
87.3573,151.714
89.9048,152.689
83.5762,137.897
82.3843,121.417
83.1136,124.401
83.353,138.291
86.907,148.045
85.0149,149.22
83.4756,138.394
83.4362,140.898
86.0265,158.032
86.1906,158.456
88.185,147.197
87.8862,153.927
92.2641,175.506
82.5152,138.325
84.9022,129.537
92.4194,156.93
85.7355,141.111
83.0864,126.061
87.2157,152.602
85.2507,149.966
85.078,148.612
85.4992,147.771
87.1344,147.347
86.3449,157.77
83.7539,140.399
90.5595,163.583
85.2374,146.753
84.8284,144.017
87.2684,168.22
90.2911,151.887
82.2236,125.911
85.0365,141.019
85.0359,148.747
87.9999,156.325
85.1951,133.511
88.5842,152.599
88.0462,157.582
84.0682,134.281
87.3692,152.32
87.2641,143.302
86.3677,140.296
84.6546,143.234
83.2353,136.191
85.2954,149.057
89.309,152.255
85.8483,133.216
89.5846,154.536
84.9004,151.091
87.6008,152.242
91.3183,160.914
86.039,149.842
86.5799,141.864
88.2857,155.494
87.7764,149.758
88.8584,160.392
89.1343,161.57
89.3445,159.399
89.1344,154.608
86.5416,138.832
89.7149,160.916
84.1481,135.198
86.0739,151.139
85.3076,139.708
85.7328,138.379
87.1343,144.763
84.49,140.11
86.6927,142.262
86.8282,152.459
88.8393,161.197
88.0012,138.177
88.9396,158.781
88.1532,146.436
87.0137,143.623
88.7655,155.879
84.468,139.302
84.5173,142.701
82.621,133.884
85.0308,132.941
87.5334,153.38
84.7242,144.764
87.7117,155.787
86.0622,148.132
85.7528,147.633
89.3062,166.199
89.4405,156.485
87.2777,148.626
88.0042,149.362
89.8486,171.677
89.6775,160.295
92.0361,155.846
85.1317,141.452
82.5749,132.498
85.9136,126.941
86.2133,140.92
82.0802,125.501
84.6065,145.264
81.0988,118.848
87.5464,151.513
87.3948,145.878
82.4731,127.396
84.02,134.135
86.8731,155.358
84.6256,128.979
85.6684,139.5
89.1355,167.575
86.0415,132.001
85.2507,143.822
89.1206,149.667
89.6849,155.611
85.5462,160.908
87.6294,148.385
83.1418,134.997
89.8133,157.82
84.8175,136.772
86.2007,139.855
86.4245,153.448
87.1731,148.257
85.9229,142.841
86.7653,154.747
87.422,157.521
84.1476,135.217
86.4867,152.486
85.2491,136.88
86.3863,147.06
88.0851,147.157
85.171,147.177
87.806,147.094
84.5702,129.572
86.8943,147.149
85.8508,144.758
85.4961,141.268
86.8242,151.75
84.5344,136.582
88.521,148.689
85.3662,145.545
84.8632,130.597
88.1233,154.591
84.4207,150.015
87.6373,141.929
85.9655,159.484
85.1709,149.734
86.6634,147.452
85.6167,144.83
88.0597,151.287
87.0704,167.27
86.8773,150.955
87.8719,158.838
87.8766,149.223
88.1199,156.468
93.3936,164.932
84.0581,130.533
84.6821,145.897
83.6883,135.165
86.7189,148.348
87.5753,148.269
86.4229,147.455
83.1606,141.724
84.0901,132.248
89.3071,154.584
87.6761,155.032
90.5915,170.943
82.7617,128.436
88.0806,140.826
87.6385,141.068
85.1611,153.319
90.9186,161.499
86.3242,141.936
85.5358,146.138
87.6804,154.407
88.7853,152.768
84.9383,140.213
84.6913,140.321
87.1022,143.744
88.6164,159.806
88.755,161.557
85.4364,148.16
88.8641,170.207
88.2571,161.955
90.4454,159.157
90.971,162.88
82.907,121.689
83.9945,142.983
84.6023,148.737
86.9133,143.242
87.0226,149.704
86.4715,156.414
86.3179,157.316
86.2004,144.045
86.4752,144.301
86.6406,157.322
81.6034,117.557
87.1681,147.528
89.1708,170.407
84.6078,142.028
85.5969,158.071
89.7629,157.578
83.9286,128.825
84.0224,138.91
86.0809,155.893
85.4413,152.996
84.3048,148.522
89.1587,160.042
93.729,159.228
86.9518,152.633
88.2296,145.092
86.6145,141.439
88.7782,145.995
89.2618,154.332
88.0796,156.821
88.5191,158.419
85.7717,150.419
87.3061,155.498
85.9113,152.56
84.5487,146.054
84.4327,133.752
87.5211,155.184
85.8708,133.062
90.9319,162.881
84.5774,146.469
88.2613,155.951
89.6052,151.404
91.8809,168.486
90.1016,149.055
87.4238,146.302
83.5097,144.119
83.8402,120.942
83.7696,130.692
85.4028,151.491
83.8617,130.358
85.6528,144.65
86.0163,141.406
84.9735,136.345
85.3662,130.366
85.1284,146.641
88.2124,144.602
88.6191,149.052
87.6021,136.115
87.0556,161.146
91.8956,157.98
89.8064,166.909
82.176,120.619
82.42,126.033
84.3279,119.248
85.5992,144.646
87.2804,152.56
85.966,155.111
86.4453,153.106
81.8415,117.151
84.8772,146.918
87.1922,145.729
84.0455,148.637
88.6939,153.972
86.8296,132.507
88.8115,164.977
83.3042,133.955
85.5235,148.322
83.8975,134.727
88.174,148.085
86.5504,141.452
85.4752,145.237
84.4561,152.301
85.1636,143.601
89.0098,151.43
85.6077,151.473
87.632,162.381
87.6628,154.255
85.4119,141.401
89.7843,174.577
86.5351,163.296
89.4214,155.442
82.7275,132.267
81.8203,124.492
89.5218,165.334
86.2683,156.621
86.3628,144.619
87.0303,157.158
86.3327,137.452
85.5405,143.023
85.4276,121.724
83.3363,145.044
84.3418,137.181
82.9817,139.934
85.9059,155.587
82.7627,142.569
88.2937,157.717
85.2591,137.873
84.1009,137.856
90.9937,163.545
84.1842,142.853
85.8005,142.592
86.8855,151.926
85.0705,146.153
85.6154,145.962
88.6424,149.937
89.1112,157.738
89.0791,156.153
88.2902,153.647
91.4239,162.036
86.2878,143.298
92.8509,158.497
81.9856,114.475
85.2343,138.039
85.876,136.183
85.1309,153.099
86.6184,157.824
89.9472,155.335
85.3294,140.823
83.8619,129.186
84.8334,133.905
83.9168,138.436
83.2592,136.068
84.4854,145.355
85.7859,152.832
85.3792,137.699
86.5029,146.517
84.4732,142.606
84.7259,134.832
84.5209,148.402
85.0392,144.938
86.6257,137.785
85.3796,154.601
86.5425,133.045
86.4431,131.4
85.6925,140.641
86.2971,160.872
85.3457,146.851
85.6061,152.287
86.2237,151.812
87.6891,145.328
89.0221,156.693
84.1466,131.606
85.864,132.624
83.5399,134.502
86.6828,141.235
86.8551,152.405
89.8425,160.779
82.8829,138.264
85.6957,148.747
85.9397,141.766
83.4376,132.502
85.1842,133.092
83.4442,128.695
85.3019,157.645
82.2895,123.676
84.9878,140.054
83.7967,130.821
82.9988,139.802
87.4141,156.506
83.6318,131.634
86.9848,145.438
87.6666,154.18
87.4883,148.811
86.1568,129.617
89.2011,155.948
89.6762,158.261
89.5421,153.477
89.3468,179.474
89.31,162.723
93.095,163.615
92.8151,164.446
82.6751,128.92
84.6796,135.579
86.8005,151.555
86.3866,148.506
87.5832,150.788
85.6067,149.896
86.0236,157.754
84.0999,122.733
84.3091,137.778
82.687,128.571
84.5874,138.669
85.9323,133.783
85.0993,151.374
84.4284,133.27
85.8942,154.496
85.3891,133.125
87.5799,148.054
87.0789,161.722
90.5045,159.937
86.7997,146.492
89.1828,170.259
86.9315,152.074
88.2606,167.13
85.5221,144.899
88.5981,166.148
89.9063,156.649
88.158,156.311
87.8978,157.751
88.376,154.87
91.4679,163.622
84.2648,133.999
83.8722,129.947
84.0445,133.431
86.7545,139.917
87.9254,143.761
84.3985,145.012
86.6961,147.338
85.1689,142.407
84.6395,147.215
89.5334,155.839
87.6785,151.51
87.6467,150.762
91.9477,164.329
84.944,132.92
86.0822,160.421
93.7764,160.338
84.9246,142.869
84.4238,139.758
85.0633,149.497
86.1439,137.032
85.1374,143.806
88.7863,155.543
87.538,149.316
84.1341,149.549
84.9206,153.963
85.3892,153.438
85.1792,140.309
86.6936,147.439
85.5921,148.457
88.3166,154.33
84.0643,141.046
83.6546,141.812
85.4723,152.73
87.1752,152.666
87.223,147.412
85.9632,135.636
86.2065,137.043
91.8259,158.396
88.1987,152.681
85.1296,138.347
89.9429,159.77
85.4164,149.199
89.6877,162.081
87.7294,142.171
84.9508,137.636
85.1639,137.4
85.5753,141.671
87.727,154.237
86.349,145.047
87.6244,144.578
84.2404,141.332
88.3914,144.958
87.2018,151.208
85.6689,136.945
86.152,153.673
85.5243,144.36
88.006,155.788
87.8941,150.895
93.1502,169.976
89.7928,155.753
85.0349,136.076
85.7066,149.426
85.1937,154.415
86.6639,150.101
88.5412,157.324
89.0485,151.31
83.316,132.181
84.6444,139.683
85.0631,136.71
83.7719,141.148
85.3425,141.503
84.4902,134.136
88.0001,149.982
85.7537,147.352
87.945,156.79
87.2484,159.646
83.3872,130.228
86.8404,161.415
89.4503,154.947
88.4442,154.105
88.9457,162.389
86.2303,156.707
87.5491,152.214
84.3699,155.325
86.7905,149.081
86.8582,141.674
87.048,144.309
86.5597,147.962
89.7239,158.194
89.3077,158.254
81.9773,129.533
87.6481,159.564
86.3666,151.86
84.9955,150.547
84.7493,135.849
88.3851,147.456
88.7641,148.565
81.4744,124.843
87.5758,156.513
84.0737,139.152
83.1009,139.731
87.6525,134.394
84.0416,137.142
86.3463,137.921
85.5389,137.587
84.2783,144.98
87.5039,156.281
83.909,144.137
85.8571,137.646
88.756,153.445
85.5852,141.724
87.0126,155.004
85.5789,144.714
85.7384,155.258
88.8975,152.846
87.0945,148.47
87.2388,146.888
87.2902,142.927
88.2548,149.082
88.5366,150.903
87.0233,161.062
85.097,152.155
85.555,150.764
86.2335,125.254
86.645,151.489
89.6572,144.162
83.9045,129.135
83.6919,149.621
83.5914,136.183
84.0768,137.484
85.4754,143.666
86.7225,148.295
84.4263,133.187
88.0233,156.606
83.7618,149.304
89.0982,155.93
83.9194,131.796
84.0042,125.288
87.8131,151.316
85.8544,150.571
84.9959,142.574
89.6277,147.772
86.91,147.834
87.5493,159.963
86.1762,145.741
86.5808,138.76
89.0408,159.747
90.7614,158.524
90.3615,160.29
90.7812,158.468
84.6134,139.759
85.4632,132.56
85.864,144.704
85.3173,133.238
85.7667,149.936
85.5976,146.399
88.0919,146.149
89.484,145.979
88.0103,163.419
89.5783,160.009
SD
90.1199,146.995
90.1634,161.349
92.737,166.463
89.1616,165.57
92.313,172.635
98.7753,173.82
88.8761,156.168
90.4461,158.961
89.3181,145.532
91.0648,162.185
92.6406,166.106
88.7011,156.281
91.6604,156.511
89.3213,158.067
92.2077,164.372
94.1943,177.468
90.4796,159.875
89.9521,149.41
90.0554,155.406
90.365,161.493
91.6432,171.687
91.4123,169.15
89.2871,156.566
91.294,155.073
93.8361,161.796
93.7773,180.959
92.5103,161.626
93.1306,160.715
94.5311,158.295
103.999,170.893
90.4412,158.723
89.512,148.639
88.1354,160.543
91.4116,155.217
92.1396,164.536
93.1286,152.56
89.4074,151.369
91.305,155.659
93.472,157.306
90.5813,154.972
90.9475,151.403
92.4872,154.854
95.2719,168.53
91.4732,154.654
91.067,151.283
93.7076,165.175
90.2512,153.601
95.1153,168.012
92.2943,160.115
90.1197,151.76
93.809,160.028
96.541,169.988
92.2244,160.626
90.721,155.37
94.5952,165.082
93.1442,166.797
94.8823,187.124
94.8576,158.15
100.384,183.366
92.899,158.442
87.6908,148.372
90.1978,154.072
89.397,152.803
90.7522,156.479
91.7201,170.699
90.1531,158.049
94.4456,176.099
91.6073,171.135
92.9751,175.208
91.3836,161.066
90.3841,167.188
88.2182,147.794
96.7246,180.712
91.6463,165.513
89.4185,148.227
91.6251,159.793
91.4719,170.366
90.4444,159.645
94.8113,165.66
91.1515,152.091
88.9875,153.953
89.9004,162.039
90.8515,163.106
91.2739,157.175
92.7918,168.622
92.8191,168.985
94.7393,168.86
93.2051,158.209
94.8009,165.95
95.8471,164.193
86.2642,144.242
87.9712,139.351
90.4285,160.77
88.8974,153.416
87.9486,152.992
90.2131,156.402
88.8079,153.953
93.2396,153.837
89.3156,149.96
90.1227,149.291
89.2575,150.245
93.6183,163.903
89.5678,153.278
90.5172,159.441
90.063,162.66
88.9183,152.353
88.4823,145.662
92.0356,161.74
90.5459,153.79
91.3337,173.508
89.3742,149.971
92.5756,154.782
96.8175,175.667
89.6749,151.358
91.4359,164.296
93.5093,169.021
94.143,172.084
93.9606,158.062
95.6046,172.068
99.3663,171.041
85.2518,146.435
89.2053,155.942
88.1016,144.597
88.7621,146.135
91.1858,141.856
89.7986,158.979
90.0705,152.579
88.7672,144.096
93.4559,158.883
89.2067,158.516
90.8331,154.052
89.6529,166.211
93.3807,164.973
94.7649,160.561
91.7127,169.23
87.0629,144.235
94.4381,184.037
89.7778,172.27
88.8987,148.076
94.6155,151.856
90.2914,158.762
93.401,164.265
91.7061,162.694
89.1774,142.075
90.1031,149.842
95.2652,178.612
92.7169,156.601
92.1788,157.613
93.8667,169.624
97.0188,171.647
93.2881,155.546
93.2446,177.812
91.2667,152.449
92.1715,162.598
92.0604,153.01
101.559,184.537
90.4203,153.25
89.5861,161.387
88.7274,167.099
89.3858,151.377
89.151,156.887
88.22,148.189
91.0419,152.586
90.2455,160.657
90.3227,153.898
90.9002,162.026
91.464,152.264
89.4304,153.221
90.7125,158.466
90.6707,151.172
89.8239,154.588
90.195,147.838
89.2883,155.753
90.6401,155.793
91.428,159.497
95.7696,164.539
94.0338,162.3
100.416,182.009
95.6541,176.883
97.1838,171.186
85.875,141.522
90.1278,144.86
93.7754,163.171
90.7712,170.145
89.1308,161.602
92.4487,162.005
91.2726,157.001
93.6612,159.885
88.8504,155.999
91.2838,171.096
91.7547,166.752
89.0402,153.322
89.9526,160.997
88.3425,141.456
89.1553,156.326
93.8443,163.133
87.0254,145.363
89.236,153.762
90.2669,150.589
89.7187,169.01
91.888,162.732
92.3298,149.835
92.5836,167.392
96.1943,181.136
91.6096,157.256
94.184,166.11
95.5512,174.476
95.7594,171.429
95.5305,172.336
96.8499,186.617
88.1297,142.702
91.088,156.8
87.4822,155.963
89.8598,156.983
93.6753,161.886
91.3175,167.028
92.1767,158.546
92.7839,151.958
90.0838,154.151
94.1067,167.633
93.1695,169.095
92.9299,161.86
89.5994,148.145
96.6716,173.661
94.3804,162.315
89.8562,149.606
88.6869,159.103
90.3891,155.803
91.223,155.59
88.701,155.712
90.591,159.605
92.575,164.894
91.0921,158.356
89.0121,153.553
89.2094,158.215
91.4629,151.644
90.9051,152.97
89.2194,150.66
90.9921,153.87
95.4104,174.968
86.9081,154.006
89.0972,153.45
90.9487,159.188
90.279,152.911
89.7573,148.68
88.2123,155.195
90.1071,156.798
92.2661,159.283
91.5305,157.367
92.8973,159.02
91.7119,165.587
92.0279,157.829
91.2864,171.28
90.7833,157.128
91.6162,170.056
89.641,152.066
90.2257,157.486
90.6245,160.468
90.0787,146.672
94.3415,167.745
90.5001,153.906
95.4758,183.602
97.9487,177.557
93.0966,164.634
91.4877,159.344
92.212,158.095
95.3759,183.212
96.0848,163.409
100.052,170.789
92.6869,162.736
90.312,151.485
87.991,146.959
91.1259,164.266
89.8509,158.123
91.2665,156.392
91.8767,177.028
91.0849,152.947
93.1173,158.775
90.881,163.922
91.8106,158.375
93.8232,169.359
87.3733,151.223
89.7937,158.933
92.1863,169.152
94.2413,167.101
95.0668,171.284
91.446,168.754
91.5836,161.11
91.7028,179.266
90.497,154.15
91.1733,157.643
89.9343,163.292
92.2514,158.736
91.0829,163.162
93.7708,170.783
92.9066,164.54
93.8478,158.439
93.947,155.233
93.4417,168.582
99.4401,158.918
88.098,145.902
89.6786,148.567
90.1816,152.72
89.7083,151.513
92.2892,167.246
92.4653,170.138
87.1906,146.401
89.0086,144.849
87.5375,148.005
87.9263,156.802
89.4251,152.204
88.9585,159.412
90.6235,150.234
90.2219,151.705
93.6756,167.466
93.9026,162.297
92.1266,161.252
90.6722,147.103
91.0227,164.842
90.323,158.978
89.9852,153.676
93.5593,166.65
92.315,163.962
90.4052,151.777
91.8443,164.866
94.5007,171.655
93.1231,161.556
91.6831,169.384
93.7272,171.372
96.8327,174.158
87.7365,149.407
88.5205,151.078
88.0634,151.035
92.3854,148.92
90.858,154.208
92.2624,171.076
89.1875,151.732
92.9297,151.49
89.8152,168.783
91.7214,160.167
91.7942,149.523
89.509,146.39
93.6321,167.034
89.507,150.374
92.4155,173.371
92.14,160.222
92.4647,153.07
92.8027,167.178
94.9659,172.28
89.2783,154.869
89.3879,156.368
93.0631,165.001
88.7575,155.194
89.7188,147.576
94.7823,160.683
92.6043,158.082
92.3042,150.825
93.143,161.152
96.1911,168.713
100.642,167.276
90.2218,159.702
89.4589,147.836
91.5755,152.23
91.9176,161.89
90.0805,155.415
94.2441,153.462
98.0445,187.363
91.311,149.805
91.7756,161.215
91.1902,158.598
89.6101,151.119
88.9014,160.143
88.7276,157.385
89.9468,154.589
87.9665,152.416
91.1492,160.328
90.1098,151.425
90.2579,157.177
90.0391,161.457
91.7412,160.518
90.5562,167.231
93.5281,167.914
93.2099,158.938
93.2107,160.897
91.436,163.724
94.5387,161.838
95.3493,169.168
94.147,170.388
95.0975,171.133
93.8287,177.415
89.6584,157.604
87.0148,137.413
88.6673,153.653
91.3849,168.056
91.4715,155.447
92.3826,155.776
92.3989,159.119
93.911,178.333
91.2137,157.187
93.9428,166.583
90.6695,162.422
91.6091,160.33
95.3212,180.239
94.509,163.33
90.8153,156.544
94.316,167.199
90.0674,157.289
93.8922,172.779
91.9405,155.154
97.0962,175.373
93.8794,166.309
93.8997,172.091
93.536,154.106
90.5803,163.944
92.3112,155.715
92.4522,163.218
91.0391,160.278
89.7602,163.641
96.747,179.592
98.3931,188.6
91.7624,145.236
91.0045,161.648
91.2588,153.757
88.9791,146.745
91.2266,153.751
89.0501,165.078
90.2171,156.146
88.9793,153.449
93.6467,168.521
90.5438,159.533
94.5699,166.858
89.5769,152.878
90.8136,160.138
93.4549,150.002
93.2805,158.248
93.3098,169.971
92.5166,164.769
93.9391,176.303
94.09,154.252
91.595,165.808
95.5668,176.943
91.5643,152.584
90.0903,157.348
91.5821,159.281
92.3358,160.509
91.2396,166.238
90.7495,154.56
96.0685,173.65
94.5053,173.574
97.3857,169.108
88.5544,151.144
90.7022,152.498
92.4169,175.458
92.3268,152.145
92.9448,163.547
94.0001,164.642
93.0856,159.004
94.4563,156.797
90.826,159.231
89.9763,162.565
95.5015,166.238
92.2477,152.85
91.1414,148.057
90.3884,148.762
91.5748,160.427
96.1743,172.192
92.8183,162.134
93.1737,150.448
91.07,161.661
89.9413,152.735
88.0905,146.567
90.2473,149.278
93.6173,158.849
89.6777,156.967
100.261,169.52
91.9317,163.558
91.765,156.08
97.159,170.002
94.7927,172.565
93.9997,167.278
92.8885,153.724
94.2818,176.467
88.1057,158.523
94.2596,165.945
89.7615,151.898
90.0532,149.252
92.3896,160.899
92.1079,164.007
89.392,157.413
88.1126,154.941
93.0364,157.959
89.7224,160.226
89.774,152.023
90.5305,149.275
90.6725,170.731
93.1035,160.127
93.59,163.955
91.612,167.048
91.6883,157.645
90.9769,148.479
91.6756,161.296
87.0095,150.474
90.2322,161.284
91.2842,165.097
90.8098,147.587
96.4688,162.029
89.7444,151.468
91.0563,155.413
94.8989,160.661
95.4633,174.595
92.4793,159.776
89.1217,159.848
92.2482,163.724
88.0472,152.654
87.2716,149.587
89.4654,154.1
90.613,151.906
87.6448,146.426
90.3005,154.909
90.4331,150.361
88.3285,145.915
91.5978,155.987
92.9758,151.526
91.8147,161.862
95.8013,169.535
94.522,158.101
89.4655,145.309
93.3535,172.83
90.7303,153.639
92.0814,155.802
93.845,173.719
91.17,157.85
90.683,155.374
90.3145,154.892
91.6094,152.243
93.916,165.019
90.7695,154.976
94.2057,155.913
96.2692,168.389
96.1904,171.23
87.2544,147.43
87.8903,157.745
90.5792,157.216
88.926,148.511
91.3735,157.326
95.0735,173.021
89.9379,155.788
90.391,167.126
89.451,144.974
92.0179,154.471
95.0748,180.432
95.0441,166.226
93.4199,176.325
88.5419,156.626
88.9049,159.284
91.1657,149.715
90.6394,158.682
88.8961,155.012
91.0242,142.119
94.9,171.62
90.5018,160.312
92.249,156.611
90.5854,150.649
94.6991,165.323
93.3819,162.231
92.7973,166.045
91.6943,166.319
95.2138,176.948
95.2632,164.454
94.4615,156.465
88.2673,155.884
90.3377,160.512
88.1387,142.705
91.3331,162.444
90.9544,156.277
90.189,162.033
88.763,165.576
91.9325,157.813
92.528,175.524
92.6617,157.343
90.6431,162.195
93.1262,163.565
95.4537,166.412
90.1624,172.651
90.7001,155.614
88.9727,164.024
88.0395,156.346
88.0683,144.283
88.7898,146.423
92.4444,164.344
88.7086,150.631
102.75,181.652
87.3292,147.194
88.8238,166.764
90.5394,171.172
90.9604,154.246
93.2735,171.987
92.6591,153.292
96.6024,166.503
98.9814,164.121
89.0297,151.741
86.7938,141.409
89.6384,150.867
90.74,147.999
89.146,162.286
89.6562,160.237
89.6536,153.478
92.2081,167.476
89.5953,156.545
90.7043,154.861
94.9072,162.449
92.2739,165.389
91.2253,148.11
91.2444,155.216
90.596,138.566
93.3712,157.779
94.1469,170.485
88.9742,156.752
90.0193,151.677
91.2958,174.986
93.0143,165.388
93.5815,173.922
90.7251,151.197
93.3661,175.474
94.175,166.025
94.8981,173.386
93.5821,183.096
93.7049,156.688
93.5163,160.256
98.3291,183.861
88.1755,146.16
89.3815,156.51
88.5006,163.454
87.6619,147.607
91.0797,156.798
91.2189,153.522
89.3211,149.386
90.0123,151.858
91.2406,175.904
89.4931,145.585
91.3557,158.444
90.392,159.628
92.4126,150.086
86.3466,145.917
88.2269,143.241
95.9031,167.146
89.3814,153.465
92.5976,164.076
91.6227,159.714
92.4914,157.551
89.63,164.681
90.2133,161.299
91.1238,156.81
99.7458,177.886
93.2084,157.627
94.5276,161.68
93.5757,160.422
96.875,175.892
95.7144,164.782
96.8867,178.221
91.6788,152.905
91.2784,162.195
91.0427,157.961
95.4972,158.626
95.1345,174.752
96.3134,165.652
88.5728,147.724
88.0331,149.523
89.9648,166.779
90.1785,160.226
90.8259,165.448
88.4407,147.515
89.5331,146.756
92.1031,165.728
91.3522,161.612
90.4918,147.588
91.9927,157.707
89.8344,157.842
89.9705,159.084
90.6386,157.274
90.5269,157.843
88.9697,153.776
91.0305,159.674
89.9521,145.933
91.9426,170.612
95.5787,171.234
94.4069,176.982
95.5271,179.989
99.4335,176.145
95.8212,178.897
90.0755,156.733
91.1279,162.868
91.1204,153.152
90.1848,149.96
92.9404,171.965
94.0254,153.087
94.8845,160.498
89.3295,152.315
89.6036,157.663
92.1772,168.692
95.9478,169.769
93.9517,170.759
92.0123,169.96
94.4803,171.958
88.672,150.206
90.5906,159.755
88.5585,146.534
89.4108,155.262
90.1958,162.209
90.026,141.694
89.8419,153.329
92.8314,162.05
90.9457,152.189
93.419,170.226
92.5617,170.041
91.6672,155.462
91.5882,163.683
93.3027,164.09
93.9504,162.468
97.1883,183.634
87.877,151.038
87.5223,146.44
91.3591,162.077
89.9889,162.857
89.8115,159.975
91.9666,159.818
92.8977,157.632
92.7463,160.635
91.6773,170.43
90.8267,166.109
88.2717,156.206
90.9193,168.149
93.6416,177.623
92.9633,161.3
90.8412,162.544
89.2964,149.918
88.9075,152.133
96.8644,183.698
89.9661,159.885
91.0125,159.208
91.0247,175.136
94.704,167.882
91.7577,163.799
92.2447,160.273
90.6672,151.819
92.0132,168.776
93.3365,156.735
92.2728,162.541
92.3295,153.685
93.0203,162.756
88.1297,158.591
89.86,154.127
89.4732,148.436
90.9384,147.692
90.9435,155.225
88.3549,151.549
89.5881,154.268
89.5999,149.712
94.1595,167.237
89.0747,162.807
98.0074,183.104
93.7309,162.108
89.7411,150.628
89.896,145.185
99.4756,169.53
90.1289,152.838
89.1638,155.797
97.6567,184.098
91.2048,142.776
93.5558,163.005
91.1703,154.538
91.8825,152.404
93.049,156.807
93.3682,162.367
93.7014,152.75
93.3319,174.106
91.949,160.601
94.1507,157.454
94.4786,173.152
96.125,163.81
89.6371,153.497
90.9355,165.285
87.7336,154.153
91.8839,154.365
89.1207,157.057
90.3349,163.663
91.7339,156.29
88.2582,149.197
90.3927,161.702
88.9549,157.044
88.9043,150.723
91.177,159.099
94.4228,149.854
93.2191,157.308
90.926,159.311
93.2046,160.605
93.9908,175.954
90.2347,157.867
89.7402,154.365
90.4886,164.487
93.0747,163.525
91.5302,167.767
89.4826,160.451
90.9201,157.568
92.3643,157.172
96.2135,169.989
93.0384,167.636
92.1367,157.033
93.9502,172.96
97.6375,164.088
89.3474,146.769
91.1073,155.111
88.3796,158.52
91.1007,159.949
92.4918,162.403
87.8708,150.561
94.53,176.597
92.6824,168.495
92.0988,166.253
92.6314,159.9
92.5856,165.314
92.8577,157.28
96.4733,156.353
86.8055,148.774
89.0856,164.678
95.7168,165.727
95.1835,175.122
92.8082,161.58
91.3811,152.999
89.2203,143.511
94.0036,163.414
93.1663,160.95
93.6585,167.548
90.2729,155.184
92.0091,162.666
94.5626,167.019
94.4625,185.009
93.5923,169.773
93.6352,166.169
94.1103,165.522
88.1929,136.824
90.7885,154.092
91.7437,153.647
90.1604,153.748
91.3107,150.733
92.3752,161.883
89.2028,156.753
90.8037,160.731
88.2764,150.336
87.6942,145.505
89.3723,147.258
87.2868,153.183
91.6017,160.006
89.7192,157.37
89.7682,155.854
88.535,153.88
91.8128,155.007
90.0988,153.593
93.6574,166.016
89.72,153.035
92.808,163.909
92.1819,154.92
93,162.093
95.8965,165.007
90.4269,148.035
92.1238,162.959
91.7396,157.452
91.5157,160.31
96.3791,173.061
99.0951,176.543
89.9439,159.009
91.6986,155.233
90.3095,157.072
93.2722,168.698
93.682,153.808
97.603,176.7
89.263,157.421
88.456,152.933
90.9413,158.64
89.9648,150.754
93.4931,171.534
89.2778,153.382
88.6623,154.888
94.3762,178.501
95.0219,173.586
92.5255,163.561
93.0741,158.516
93.8735,171.492
94.2924,167.35
93.1281,161.919
91.11,164.371
95.2592,171.511
94.5367,158.985
91.339,153.124
93.471,157.047
92.6662,170.599
91.0964,161.24
94.8307,162.361
94.8339,164.312
97.5481,166.942
89.6318,155.316
90.1426,151.368
91.2313,160.109
89.0877,149.802
90.2317,149.273
92.852,163.436
89.7935,158.269
87.4912,153.865
88.8365,151.193
88.9675,150.814
90.4118,160.713
90.7861,156.135
88.6311,149.495
90.4041,147.01
89.7487,157.833
90.9551,160.804
88.8564,140.92
94.596,177.709
89.4189,158.688
91.7683,168.971
92.8941,170.687
94.0931,162.208
94.6902,174.17
94.0462,167.684
91.1004,152.83
92.5423,163.698
93.6129,169.378
92.0174,154.853
95.4275,171.149
98.0012,169.987
89.4252,148.367
88.1753,150.222
87.7035,150.966
92.0778,155.264
89.3505,153.159
91.4233,155.363
93.0353,165.206
94.1442,184.211
94.2393,151.62
88.8969,148.599
93.7682,176.725
95.6772,156.55
95.0648,175.775
93.3602,163.304
89.2549,154.97
88.9192,149.661
91.2867,159.338
89.7685,155.981
92.1861,162.864
91.8695,156.968
92.0097,150.068
89.0234,159.353
90.2644,150.5
92.7564,158.304
91.0391,165.976
94.2702,164.324
92.2764,171.273
92.5027,163.421
92.9925,154.458
93.3678,164.672
89.223,152.661
87.1156,148.248
88.7818,149.692
87.8577,148.674
89.0458,156.219
90.5933,155.189
93.3463,154.091
88.9011,168.404
93.4964,167.978
88.9151,171.555
93.3991,160.441
88.7299,141.123
91.0467,150.528
91.6081,169.303
92.1558,151.107
89.4537,166.742
90.6511,171.013
93.5076,167.521
92.8765,158.739
95.4494,166.758
89.3234,149.972
91.837,152.523
90.0173,160.523
96.8462,177.855
94.3154,170.922
90.8949,165.099
95.25,165.077
93.0858,171.519
98.4339,186.824
93.6926,161.358
88.9945,150.002
89.2873,157.161
89.8248,161.461
91.978,146.726
92.0001,166.34
93.9608,172.504
93.3491,165.977
94.0755,172.009
95.0684,162.99
95.7159,163.528
WO
79.7525,137.501
81.9028,144.099
82.3702,134.908
81.2366,140.65
81.9694,142.765
83.2384,140.758
78.9116,130.107
79.2328,122.654
78.3605,113.224
80.6118,135.49
80.0113,137.419
79.6685,129.789
83.1782,137.12
83.8737,156.467
82.3598,137.01
83.8946,146.224
83.2199,145.059
83.9453,141.09
83.5142,148.463
83.9959,147.305
81.3726,131.267
83.9734,145.289
81.547,134.408
82.086,143.381
81.6178,140.696
80.8255,131.728
81.2917,140.644
85.6725,154.804
82.1115,142.216
83.3457,151.259
80.0466,142.925
81.4609,143.173
82.0725,137.463
83.1743,144.019
84.3942,141.237
84.5957,140.072
79.2733,133.8
81.5946,138.627
81.5441,135.609
79.7454,139.159
80.4875,142.45
79.8144,128.055
82.2491,139.744
83.2136,137.787
81.5877,134.003
82.499,137.285
81.9781,141.591
83.3188,142.428
82.3218,147.305
83.898,144.209
82.6204,143.191
81.028,137.528
83.5542,140.795
82.9776,140.31
82.4044,138.142
81.6055,139.89
81.315,127.73
84.3948,152.948
85.6998,142.595
88.4151,149.972
80.9066,142.856
78.8956,133.19
78.0476,128.53
83.5921,136.579
80.4451,143.39
82.4267,142.737
82.6683,135.556
81.2431,137.983
82.1011,146.033
85.1307,143.591
83.2593,144.629
83.0008,146.322
83.3836,146.463
83.2914,140.277
78.2592,123.708
81.439,143.71
80.967,140.442
82.1239,141.994
81.7582,147.185
79.2948,128.734
81.2264,125.137
83.0603,139.921
80.1193,136.547
82.7721,146.225
80.0286,136.1
82.2667,134.154
81.5641,139.963
81.818,132.16
83.4405,130.075
84.1964,146.147
80.3574,133.358
81.6557,142.884
80.5079,142.568
82.0146,143.51
78.4389,122.254
78.7745,123.404
82.363,137.617
81.905,135.967
83.5165,139.545
84.4568,149.837
83.1484,142.392
81.2853,136.438
82.2877,145.482
77.992,137.468
78.8217,128.02
81.656,130.826
81.2442,141.023
83.1045,142.024
80.4809,127.011
84.6594,143.971
81.6693,132.359
83.1152,141.903
83.9085,143.566
84.4521,138.954
85.6099,156.226
81.9381,142.92
84.6104,144.844
83.8978,139.229
85.6207,148.421
90.6125,156.291
80.4867,146.487
80.8543,137.861
78.7125,129.223
82.8273,149.218
85.7122,135.147
83.6182,131.426
80.4862,146.986
79.043,130.514
79.6212,142.221
80.326,139.314
80.7242,144.167
79.9432,134.673
82.2778,142.182
80.9568,135.873
82.7368,144.406
82.5217,149.047
83.5281,150.355
79.3078,126.255
81.063,141.527
81.5105,151.767
80.829,136.735
82.4408,135.869
82.4855,141.103
81.2513,139.906
82.2181,144.981
82.0266,140.492
81.6625,136.15
79.7301,133.665
81.5359,136.107
84.7792,141.869
82.9579,152.636
79.8743,134.43
83.257,145.275
80.4986,138.013
81.9957,132.606
79.0727,133.51
82.9231,142.971
82.0464,137.207
80.2185,135.723
82.8469,137.391
83.2436,139.229
79.1012,128.852
83.7696,150.677
76.5592,123.804
84.3521,138.069
77.1373,122.79
80.5466,136.733
79.8844,132.031
81.4884,147.577
82.575,145.955
80.4186,136.947
80.8395,140.123
80.4823,134.632
81.7349,132.835
83.823,143.065
80.8602,129.922
86.5014,155.582
84.845,142.52
83.4563,146.927
85.4881,136.374
81.0783,139.447
81.5774,146.015
81.1802,136.591
79.8691,134.905
82.0279,143.564
80.4553,135.671
84.3377,143.205
80.4796,138.597
81.2213,137.854
83.6289,150.741
82.0467,142.429
81.0482,132.449
80.6484,127.208
82.0275,138.214
81.7553,135.519
84.2943,142.927
80.5497,132.797
82.6169,133.284
83.9193,135.424
80.4386,130.629
84.8802,145.78
80.7139,146.415
80.4943,139.114
80.6675,136.713
81.502,140.361
80.6262,138.418
81.8496,143.851
82.5575,134.96
82.9655,134.095
89.8878,149.244
81.1309,138.711
77.7982,123.337
79.0124,131.297
80.3002,141.603
83.4224,145.196
79.4771,146.089
78.4945,128.761
79.9268,132.419
81.5084,144.393
82.3144,137.736
82.5991,136.317
81.9466,154.606
83.3896,150.246
82.7365,136.769
80.4433,136.805
81.042,129.33
82.2213,140.016
80.7777,143.677
81.9941,142.111
79.7896,132.383
79.7496,132.982
83.0582,146.814
84.3388,149.675
81.1697,129.044
82.5924,146.373
82.5022,148.165
83.5191,141.648
84.6289,145.061
86.5011,148.855
86.2573,151.016
80.0237,136.49
81.2417,138.736
83.2103,142.574
80.1852,141.493
78.8822,134.233
82.6273,151.609
84.9772,150.687
77.9899,135.86
82.7691,144.157
79.9854,136.989
79.1782,133.911
78.275,118.405
82.388,148.234
80.9239,137.378
78.9333,139.735
79.8213,130.671
82.04,154.298
79.3877,131.683
79.9264,128.788
78.7904,124.214
80.0339,134.756
81.2504,140.147
83.4812,152.999
82.2419,148.925
83.1225,148.013
81.0657,138.938
83.034,134.064
82.109,133.827
81.1905,127.167
84.7193,141.026
79.3151,122.257
81.8051,142.03
81.4009,143.257
81.12,134.321
80.0476,126.851
84.4409,144.727
82.7597,143.252
87.0387,158.757
80.9354,130.579
83.6469,139.966
84.1355,143.824
79.9836,133.493
82.6911,140.69
80.0234,128.806
82.3817,139.868
79.397,131.464
81.9833,136.34
82.2825,136.941
80.1138,139.162
85.8182,140.679
79.2264,136.8
81.9232,136.662
79.9198,132.486
80.52,136.75
88.0752,141.477
83.4303,137.837
82.7083,138.162
84.2459,142.681
84.2098,151.269
86.8879,156.156
79.9862,140.634
81.2842,137.405
82.2708,141.334
82.9065,134.599
82.8793,145.854
85.0412,139.385
78.5594,121.07
80.5809,131.381
79.0806,128.219
80.9797,131.591
82.2595,141.87
80.7458,129.563
80.4209,136.826
81.7936,144.542
79.472,134.146
78.1334,128.984
80.7212,133.188
80.6197,129.757
81.0273,130.775
82.8612,146.998
81.1327,129.762
81.6106,150.943
78.9609,135.738
82.3952,139.377
81.4921,147.384
82.0347,140.587
80.6554,132.554
82.419,146.627
83.9237,142.257
83.7124,140.846
78.6877,141.099
79.3118,125.329
79.6445,128.305
82.9367,132.675
81.1125,129.585
77.6343,124.145
82.2807,136.349
78.793,125.146
80.7911,143.252
78.991,136.782
83.1653,136.315
83.2895,143.639
79.1833,136.337
79.7497,133.496
80.7324,135.196
81.5343,142.337
82.6308,150.567
81.5557,132.693
84.1461,146.275
81.7319,143.434
83.3285,144.412
83.6289,144.98
82.2662,152.34
85.2586,137.734
84.8772,148.43
86.0184,157.699
82.6264,140.155
83.7682,146.341
85.1256,148.601
87.7861,144.778
80.0188,136.561
82.072,141.386
80.9883,143.139
78.518,128.546
84.2816,144.174
83.3543,150.372
83.2882,139.126
81.013,129.874
79.9572,135.348
80.4425,138.403
81.2699,134.197
80.7002,144.194
79.7469,134.014
81.7661,137.429
81.1213,141.93
81.2271,143.429
81.4384,134.6
79.8427,131.875
83.2417,146.519
81.1167,141.037
81.7372,133.052
81.4897,133.17
81.0613,144.273
80.7608,129.357
82.342,151.023
80.404,135.007
82.8924,142.797
83.0301,142.006
83.794,140.205
85.7055,141.028
80.7108,136.66
80.1284,141.941
82.3294,140.265
79.6865,134.883
81.4223,139.836
82.7911,137.417
79.3481,137.311
79.9361,138.956
81.884,143.413
82.7438,140.942
83.2967,138.712
82.5468,145.414
82.2911,140.421
79.3148,129.791
78.3288,126.908
85.3251,157.458
82.8594,150.97
81.5889,131.892
80.7013,148.034
80.7031,137.447
82.8244,142.735
78.9545,125.387
81.4027,143.83
83.3526,147.105
81.0324,144.46
81.4179,140.869
86.524,142.802
82.2805,142.049
83.1046,141.996
86.3497,149.31
80.6403,140.571
82.9809,149.829
83.6123,144.188
84.0216,130.796
83.9781,141.787
82.1797,142.569
79.1553,120.64
78.3348,132.274
80.6971,138.172
91.2777,144.211
80.7268,146.032
81.4082,139.137
81.0521,140.551
80.58,136.78
82.367,144.074
82.1807,138.872
82.2744,139.151
85.2427,156.075
82.1776,136.661
79.5202,133.387
85.3664,146.857
82.1571,139.607
81.0315,129.757
81.4491,150.178
84.8405,136.612
82.2739,136.435
81.067,140.182
82.235,148.561
81.9191,144.073
85.4187,150.874
80.6728,130.526
80.147,137.806
79.5434,141.938
80.5477,139.951
79.5894,136.972
80.0851,130.393
79.6968,126.435
77.6721,118.905
83.1393,148.772
82.6677,145.592
86.8595,158.586
83.3562,145.192
82.2165,138.395
81.9117,135.714
80.7387,144.982
81.5166,151.59
81.7702,145.838
81.8569,135.093
82.2089,130.497
85.2802,148.255
79.8851,129.458
84.8597,144.622
85.3338,145.215
80.4979,138.703
81.2649,145.221
83.4485,144.622
82.7783,144.986
82.4589,147.884
83.5556,138.698
86.5516,152.874
78.7225,125.381
82.4776,144.351
79.7111,128.296
84.5713,154.697
82.3751,148.722
82.7307,134.566
78.538,120.355
82.8611,132.852
80.5288,146.772
78.8601,125.1
79.5063,135.466
81.9815,148.687
82.4805,145.558
82.2978,148.555
84.021,138.829
84.7365,155.264
81.2909,130.485
84.8687,136.492
79.6901,135.358
79.1544,128.309
81.8036,147.798
82.0375,145.092
86.5173,147.098
80.6367,137.88
81.1869,137.668
85.3635,141.067
79.6622,134.598
84.1497,145.103
85.8217,142.855
86.0974,138.65
79.0526,122.126
82.7809,142.821
81.024,134.67
81.4215,133.166
81.6153,141.231
79.0891,133.233
84.703,141.857
81.0266,142.552
82.6142,142.104
82.945,149.701
80.3927,142.928
82.0696,144.91
82.6926,141.669
83.5121,142.674
81.7642,138.64
80.9083,138.118
80.0135,118.729
82.562,143.18
80.1051,137.177
80.4593,137.116
80.4979,136.028
82.8899,155.887
80.9247,133.065
80.7004,129.053
80.7633,135.656
82.8542,145.373
85.3738,144.416
83.5324,134.413
82.1848,136.087
83.3892,144.899
79.5573,125.533
79.0566,123.075
80.3374,141.931
82.6742,143.717
81.9096,148.167
77.2872,122.716
82.3187,139.361
81.4518,140.969
80.5175,132.858
81.7259,143.218
83.2439,141.923
83.1845,138.171
85.1786,148.335
80.6344,148.192
80.4526,125.253
89.5324,141.541
81.0766,135.603
81.8076,141.728
80.7319,141.811
83.8489,150.307
80.8619,132.544
81.3435,145.137
81.6729,145.303
81.0424,137.285
82.1108,133.705
84.967,141.172
83.8887,144.525
81.7366,142.062
83.9258,135.977
85.054,155.019
81.0761,142.284
80.4661,136.517
79.1472,131.66
81.2248,134.166
81.3717,135.874
83.2818,142.38
79.9715,143.857
80.7596,138.377
80.8372,138.299
84.4496,141.721
82.7291,140.363
81.5827,138.946
80.1312,136.912
80.4102,132.503
80.3206,130.601
82.2914,146.173
83.028,143.272
82.7884,145.53
81.8747,147.172
87.5711,158.873
87.4722,155.026
78.7127,124.869
85.8674,144.26
81.501,146.096
79.8209,135.049
80.9082,138.546
79.791,132.057
81.178,141.994
81.5852,129.033
84.5648,146.972
79.0573,121.293
78.8032,128.33
80.2924,147.292
80.1483,128.816
83.5778,146.025
81.1745,135.598
80.9936,137.498
81.7353,135.972
83.3319,142.519
80.4992,134.005
82.1323,131.097
83.2817,133.745
86.542,144.109
85.925,153.869
78.2912,124.875
79.3346,141.221
78.4322,123.682
79.2483,133.796
81.0483,145.742
82.8115,145.088
80.5673,135.463
79.378,121.562
78.6348,130.298
81.3213,135.786
83.799,131.558
80.9004,132.25
82.0474,142.645
83.6296,139.291
85.8382,146.581
93.7833,147.97
81.182,139.224
79.8006,129.311
80.5892,133.222
78.6607,132.355
81.1368,134.841
84.7871,145.55
78.399,127.16
80.7226,136.162
81.0494,139.935
80.8881,137.099
81.461,140.106
78.13,121.474
80.8426,140.826
82.2155,139.439
78.4743,131.842
79.3583,128.767
81.0388,141.43
80.945,132.465
80.7573,136.574
82.1996,139.588
81.2046,141.022
82.1842,132.886
82.245,138.223
81.0912,138.001
82.3607,136.005
84.8306,145.254
83.3252,135.635
83.5244,140.332
85.4311,157.492
84.2833,136.044
79.8383,126.942
78.9159,122.938
81.6774,135.661
82.2154,145.476
84.0952,144.627
81.0602,131.245
83.5642,148.034
78.5438,126.959
80.6217,133.324
81.9402,135.304
79.0702,126.967
83.083,139.656
80.6685,134.632
84.1722,139.483
79.556,129.621
79.9291,129.401
79.4031,129.875
80.6432,155.267
81.4547,127.351
81.6306,139.475
82.0491,131.983
80.5962,145.884
80.9032,139.694
80.8737,133.019
81.9019,137.54
82.3416,146.851
83.6926,135.925
87.382,139.406
83.2511,132.332
89.6176,140.996
79.3648,138.13
79.6633,129.808
81.0718,140.434
81.7935,134.916
82.3805,133.628
80.5753,136.653
83.5203,143.155
80.713,136.018
86.8999,159.452
79.858,134.502
78.4567,123.451
81.6273,138.187
81.0108,133.286
80.4813,147.795
82.1726,147.887
84.4258,144.951
80.9867,135.887
84.3391,141.797
82.7885,133.291
82.1761,145.381
82.1496,137.981
82.5722,141.239
80.8518,144.298
78.7782,128.747
81.0403,137.293
81.3039,140.915
82.7156,147.439
82.1218,128.548
82.3764,147.49
81.6404,137.433
80.1965,134.067
80.9825,130.913
81.7525,143.835
82.4806,142.244
82.19,139.422
82.343,147.876
79.5618,136.394
80.3534,130.374
79.5463,127.301
82.0471,143.764
79.9045,125.691
78.6759,134.62
82.6466,154.964
79.8648,131.091
80.8571,136.378
81.1376,152.402
82.7295,139.187
79.7484,122.798
79.7963,136.632
83.244,151.327
81.233,142.627
81.1234,136.161
80.3308,132.633
80.7911,142.219
81.828,141.848
84.0918,143.76
85.49,152.458
84.8853,145.775
81.1792,140.525
83.9294,160.61
79.1626,128.875
82.4759,142.514
80.205,129.034
83.0208,140.981
83.4331,140.847
79.513,137.435
80.8089,141.854
81.2862,145.579
80.3251,144.333
82.6725,139.542
82.2959,149.574
79.6769,136.385
80.9154,132.754
82.094,137.095
81.2226,138.628
82.4064,139.223
82.3042,136.105
79.6313,127.556
80.8768,134.801
79.6436,131.061
79.9917,134.323
83.4982,152.542
86.0157,146.432
80.7442,143.385
79.4573,139.66
84.1894,144.46
81.856,143.665
84.8186,136.901
81.2932,133.928
84.2316,145.309
78.5662,124.292
79.3312,118.149
80.9164,134.416
79.5799,137.313
81.0011,145.218
82.5102,133.853
81.7758,149.511
80.4001,128.991
80.8033,136.453
81.6461,140.173
80.6671,137.92
82.3815,148.849
83.5114,142.627
78.3847,122.442
79.2577,134.734
80.4246,126.779
88.8613,164.498
80.2835,135.963
81.6623,142.567
80.1648,129.522
80.6742,144.922
83.5516,154.373
83.0546,142.054
81.9297,128.414
82.7574,133.981
83.3412,156.037
85.3341,153.096
85.9625,140.063
84.4059,134.52
85.1562,154.628
80.1172,140.105
82.3791,151.638
81.7552,139.474
80.928,134.154
83.0834,138.197
79.5073,124.717
79.117,127.332
78.8524,126.69
80.2744,145.194
82.4954,142.192
81.5101,133.506
83.0062,147.027
81.0423,134.718
81.4195,139.602
81.8401,135.319
81.5149,140.039
80.6736,136.143
80.949,138.056
80.9395,139.923
82.2078,142.82
80.3743,127.672
81.7337,136.922
82.1853,139.783
81.6484,143.861
82.7141,146.206
84.9653,149.795
83.3431,152.394
86.7855,151.514
88.1536,139.699
86.5786,151.971
79.5176,135.089
80.1105,146.927
81.275,133.927
80.5084,136.127
81.876,135.211
84.5753,136.912
79.7643,129.291
80.6605,144.052
80.7456,133.984
79.6374,139.774
79.7434,131.093
79.2519,129.269
82.3812,137.898
79.4771,133.976
81.7717,139.935
79.1387,129.906
81.58,151.015
80.6572,127.733
81.1699,139.449
84.7774,146.98
82.1496,150.586
83.9825,147.085
78.4716,118.165
79.9488,136.227
81.219,143.273
81.5501,134.932
82.769,149.421
83.2541,147.164
84.2772,142.865
83.7693,137.836
79.7449,125.043
81.3216,143.052
79.851,136.807
81.4583,136.171
84.9701,154.136
79.5583,136.729
81.2947,146.073
83.6906,151.565
83.1974,161.389
79.4506,128.248
84.8541,149.141
83.3274,136.867
83.0347,145.982
80.636,139.352
83.9452,145.192
84.122,141.472
80.5435,132.753
82.4861,139.738
82.9423,139.349
84.1193,153.132
78.9617,127.553
80.2935,135.976
80.8855,128.664
80.9825,138.377
80.2808,128.539
83.9096,137.705
81.6694,140.19
85.5852,138.339
82.5844,141.081
86.4036,136.129
79.8053,136.7
81.9275,146.116
82.7441,147.156
82.3241,140.015
81.5205,132.565
82.975,133.351
79.9308,132.277
80.3752,143.761
83.9369,139.546
79.8628,136.012
84.9537,139.512
82.1059,139.964
82.6581,140.773
79.7288,141.464
84.2248,141.819
79.2264,145.824
80.0072,134.388
80.2768,140.944
85.3986,146.334
81.1495,129.63
82.0225,136.605
81.7529,139.466
81.0658,131.228
82.6291,148.454
83.1465,141.084
84.6265,153.69
83.31,144.246
81.1133,138.048
83.6621,147.751
85.9492,138.4
83.1239,141.901
80.2133,130.784
80.1025,125.745
80.235,136.351
78.8196,125.958
84.6657,153.921
81.3059,141.458
82.2114,143.477
82.5694,152.956
81.1136,140.939
85.4931,156.914
80.6862,133.693
82.3502,142.385
80.9938,131.479
80.3731,133.245
81.9793,142.498
84.1312,147.159
79.4816,128.89
81.6058,142.415
85.281,147.787
82.1139,133.69
80.9067,150.071
80.1374,123.357
82.6555,143.727
80.368,130.486
80.7681,140.197
81.8814,136.482
83.9643,147.581
86.6787,138.504
90.3597,145.356
79.9072,142.374
79.2851,134.975
79.565,131.443
80.5015,138.25
79.2212,130.555
78.7337,130.066
80.5547,144.362
81.359,143.963
80.2889,133.803
80.1297,141.003
82.5548,137.025
79.7221,129.585
83.3411,137.69
80.9439,134.341
79.6676,120.432
80.5605,129.826
81.9007,137.57
81.0308,144.929
82.0732,142.354
82.6756,154.48
82.9329,138.081
84.199,143.99
83.3465,150.294
82.6349,141.828
84.309,146.095
84.2775,150.978
85.832,139.355
87.0755,147.476
84.8873,149.218
84.6545,140.421
78.6375,128.977
81.8232,133.828
81.4054,140.518
81.3186,144.104
82.5505,145.744
83.2348,141.544
82.3415,143.366
82.7418,153.764
84.8666,144.249
85.4998,148.948
OPT
84.4803,90.8959
84.0729,79.859
83.4201,84.9114
87.4283,81.026
85.3653,91.2916
86.1232,86.3953
89.1325,92.8652
86.1951,85.4714
85.0232,86.2217
85.1479,75.7961
86.0178,82.5956
86.2538,81.0059
84.2323,86.2839
85.4354,83.9902
87.5174,83.765
87.2136,85.7466
85.5049,78.893
85.2173,85.5825
86.5633,84.0968
87.1944,92.8853
85.6179,87.4409
86.7743,79.8622
86.402,92.6006
85.8353,78.028
85.84,85.5036
87.6927,79.2836
86.5379,91.0334
88.2382,88.1735
86.4375,80.0599
86.4588,82.7082
84.0666,81.3096
86.1406,86.7793
86.8563,81.6919
85.9283,82.2481
84.8914,91.9968
86.2831,84.7421
87.496,95.1123
87.4368,83.0449
85.1002,88.6718
86.5585,87.5281
86.0319,90.9296
86.9129,77.8822
88.2494,82.8887
86.2163,89.2547
83.3945,82.883
85.6833,81.4005
85.4563,75.914
87.228,86.7334
87.4107,94.8366
84.1431,93.1312
84.6817,84.3914
86.474,86.9075
87.5039,89.4233
85.5635,89.9941
84.6261,89.7445
86.6662,84.1717
86.5701,79.0253
87.8803,82.8137
87.3743,87.5673
88.352,84.5143
86.1885,89.1306
86.752,87.5503
84.8518,89.1292
85.8757,93.4874
87.4884,78.6956
86.3937,76.5749
84.2667,86.402
85.7615,83.6179
86.7589,86.0023
86.0568,92.1547
85.0708,92.5898
86.8246,87.1839
85.0912,88.8839
85.0919,87.1692
85.8854,76.7865
87.2786,95.3103
86.7909,86.7403
86.0689,92.5991
86.6583,81.9423
84.8423,90.8535
87.7708,89.7645
87.128,87.6601
84.416,89.0195
85.6406,86.9246
85.1971,84.4294
87.1453,90.2143
87.7624,85.5967
86.0918,76.7094
88.0194,84.5292
86.9517,86.4383
85.1482,83.613
85.0872,89.6308
85.7845,91.6918
85.293,88.5308
85.6701,82.6123
86.282,88.5956
87.2669,80.6069
87.212,80.8089
85.9488,86.6145
85.0289,94.1962
87.3231,85.9042
85.3068,80.8979
86.1166,86.0496
86.7374,81.7954
85.8754,80.5656
86.8853,85.6654
85.4558,87.9823
85.7811,92.4957
85.76,79.2071
86.3062,95.7464
86.212,81.4946
88.8625,84.4065
83.8453,88.3643
87.9835,87.1945
86.2613,89.9833
87.3933,85.512
86.2436,92.9588
85.3255,91.9413
87.2229,90.9548
87.392,89.4943
83.3766,90.0004
85.3983,84.9665
85.7638,87.738
86.2854,93.7961
84.4112,89.3716
86.1164,81.7953
89.8747,81.6819
84.8183,91.5571
85.7137,82.5293
85.257,98.6077
85.8578,96.9159
86.3474,86.4997
87.542,88.6685
86.0999,82.4821
83.6698,85.1248
84.8357,83.312
84.234,86.4833
86.7809,88.6265
84.1526,79.7817
84.07,80.3688
86.5598,77.97
86.6064,90.2572
85.8082,94.7068
87.6034,91.593
83.8749,82.4935
87.0249,91.2864
86.5262,87.0806
86.2995,80.6865
86.5804,85.6464
87.1296,87.7846
85.4,82.4989
84.9537,79.547
85.3132,90.0257
86.8986,88.5277
86.9597,88.2169
87.4648,90.2564
86.2868,88.279
86.6872,86.5877
86.1949,92.564
85.8957,96.2841
86.441,88.3199
86.0461,85.781
85.3237,80.3935
86.7617,86.5226
85.3119,87.298
86.9617,89.1391
85.0022,95.5979
86.5503,87.3177
86.3335,83.998
85.8249,81.3357
86.8183,84.0212
87.2321,76.4534
85.3489,90.307
86.0784,86.3164
85.5302,83.3712
84.2072,90.3538
84.7217,87.1851
87.341,82.099
86.857,83.824
85.4152,93.996
85.8431,95.4517
87.1878,87.215
86.6393,85.5391
86.7504,81.6257
87.7686,89.6702
87.3023,82.9486
83.1452,89.0438
86.0326,87.3007
84.4164,86.6639
83.8001,89.8261
88.736,84.9749
86.37,88.1373
87.3077,78.775
86.6233,86.8814
84.9308,83.7199
85.5202,89.1707
85.4106,81.0687
86.4076,87.6185
87.464,85.0241
87.0773,82.2393
85.5119,92.4754
84.7034,98.2466
87.3976,87.9189
87.6347,87.5575
85.549,74.2021
84.2606,86.9693
86.3316,87.5711
85.0889,85.7067
85.6539,88.9366
87.661,85.8241
84.2666,78.1272
83.8798,85.8659
87.1617,91.1996
86.1271,83.6657
86.2877,84.0387
86.1414,88.0809
83.14,84.537
84.6433,96.0099
86.1983,84.7655
84.697,90.7241
84.9486,89.2228
86.0194,88.342
86.9286,89.5674
85.1407,74.651
85.4859,92.7505
86.2692,94.8162
84.1953,91.6396
85.1678,89.3367
84.6221,85.0701
86.3597,85.582
86.4036,82.1148
84.712,78.9507
86.8118,81.5744
87.263,80.1109
87.0004,85.6366
85.4255,88.7399
84.9228,89.6644
84.9969,81.6907
84.6419,101.658
86.8312,86.7233
84.9583,87.2489
86.3234,82.0085
85.6009,79.6082
88.9213,83.2331
89.7073,87.3736
87.6539,76.6783
85.871,96.1877
85.5698,83.9287
86.2043,79.5928
84.6174,88.4764
85.4264,87.5295
85.7459,86.6229
85.6875,87.3183
87.2717,80.5455
86.3787,85.2294
85.9514,76.3939
86.9854,78.215
84.5477,85.0071
84.1629,91.9729
86.957,82.0343
85.0089,79.3462
86.4874,80.4468
87.4391,79.4966
84.8651,89.1457
85.5291,86.2216
84.7237,91.0362
87.0252,85.2678
87.1138,88.1283
85.0655,80.0433
87.141,83.4715
84.7136,86.9425
87.0323,89.7071
85.1497,94.2912
85.8757,85.2631
86.371,84.2788
85.4694,84.7969
86.5195,85.109
85.0932,81.004
85.3065,84.0369
87.5386,84.5002
87.0412,85.4009
86.5939,81.2801
87.8786,78.2331
86.512,89.3253
87.0467,83.0546
83.8387,94.5154
86.4955,83.0062
87.1513,87.1257
85.162,90.7663
84.7724,87.0853
87.4634,83.1232
88.8729,91.1814
85.4913,85.3648
86.1138,98.8844
86.409,90.6741
85.1215,80.8599
87.0875,98.1423
87.2496,88.6558
86.6383,86.772
87.7439,82.158
85.3417,89.0061
84.4812,94.3235
84.7731,95.6647
85.2216,89.1151
85.0141,82.377
85.4103,81.5752
86.2717,87.909
88.3202,77.9958
86.1545,88.8942
86.054,93.0606
84.3277,81.6059
86.0354,86.1655
88.9238,78.4377
86.5445,87.0019
83.962,82.9743
85.5844,83.1183
84.4816,86.9097
85.6783,89.3501
85.8487,85.6952
84.4265,87.5408
86.7406,95.8253
84.4491,92.4366
86.1661,86.7061
86.2278,82.8762
87.1507,95.895
87.4957,91.9355
88.21,92.2514
86.7924,82.962
85.0434,86.9259
87.7179,84.6604
84.809,84.1302
86.1439,91.5266
86.386,91.6613
85.0701,88.2692
85.9321,90.7023
87.2509,85.3499
85.0647,86.6241
85.6149,88.7769
86.6071,82.3238
84.4216,82.2246
86.1221,92.4044
86.7718,81.2935
86.8481,87.6895
85.9854,77.7695
87.5738,85.5556
85.1061,85.6783
86.6255,77.9255
84.4236,87.7601
85.9972,85.2039
85.644,102.172
85.0961,85.9069
86.9638,75.8655
88.8747,76.995
84.4756,92.0147
87.4569,91.0858
84.4582,93.2945
87.0588,84.7582
85.2506,90.8994
86.9715,94.0137
87.2122,87.9636
84.4029,78.9043
85.1426,86.3558
84.7002,84.4413
85.967,94.5919
85.8707,80.366
85.8815,85.9928
86.1267,81.7508
85.1928,86.1233
85.1087,82.6709
87.7085,97.3877
87.8023,89.5007
86.3848,85.6956
86.9287,78.001
84.9923,78.4049
87.6754,88.2129
84.0131,83.1587
86.137,82.4995
87.6354,83.1505
87.9277,79.589
86.539,89.0188
87.6383,84.0652
87.1303,88.016
84.8069,78.0642
84.6042,88.8639
85.0953,82.4765
86.6262,75.4906
84.9998,91.9376
86.0713,82.9852
87.5879,88.1924
87.3857,78.7759
86.2999,84.2873
86.1864,84.2599
86.7599,94.1165
86.7627,78.8739
86.4419,82.8369
88.8629,84.8922
87.2758,84.3064
84.4069,80.2983
83.3432,92.6076
83.7939,95.4162
85.796,85.0853
85.4986,84.5638
83.7662,85.7136
87.6162,86.3326
85.9657,86.4462
87.0818,91.7911
84.7277,98.7536
85.9015,86.9105
86.3975,91.0091
84.7485,93.9151
87.9618,85.5084
87.4488,89.8099
85.5806,79.0469
86.2708,84.4581
85.2191,84.7088
85.3853,82.3463
86.4827,78.2275
87.9969,83.6064
87.0206,88.6935
87.996,86.6492
86.9712,79.8395
84.3644,88.7253
86.9494,88.7743
86.4499,93.2586
84.2223,89.1882
84.5622,80.3466
87.9831,83.545
86.0403,80.3313
87.0915,90.3181
85.7796,86.1944
86.4643,84.877
85.7416,84.1767
86.4407,83.2854
86.8154,86.9909
84.3512,78.7614
85.1032,82.5186
85.8878,80.1684
87.9464,83.6091
84.6041,95.6726
86.542,90.5675
84.9316,85.908
85.685,81.669
86.5659,81.9491
85.1131,87.8449
86.0005,92.8327
83.2898,92.674
87.1363,85.5046
86.3402,91.3663
87.7143,89.3321
88.1522,83.7159
84.5638,90.6292
85.4853,82.9393
86.1698,81.134
86.7025,105.908
86.6191,88.237
85.9533,83.5095
88.4781,84.7785
85.7383,91.1075
85.5387,91.3902
86.9577,88.9303
85.3666,89.5402
84.8757,89.3316
87.6581,87.6862
86.1698,82.2236
85.069,94.9052
87.2368,89.9913
85.5356,90.7082
85.743,82.9365
85.4444,80.2617
85.2803,83.1596
88.9226,77.5376
87.7619,88.6271
85.9456,81.2705
85.8795,83.3257
86.5381,83.2556
85.7405,81.6531
85.439,86.9199
84.0968,88.6318
87.5643,88.6231
85.9775,89.7691
86.1078,89.7235
85.8405,88.5119
86.6428,81.3325
86.7071,82.2395
85.7826,83.9449
89.2565,92.386
84.7768,102.03
85.8285,81.5547
85.7533,85.6928
86.2025,86.8494
85.1742,89.0847
85.045,81.6469
85.511,88.0653
85.0989,90.666
84.0849,77.0245
85.1484,78.8254
87.1502,80.4635
86.7538,83.8511
85.6676,91.3421
85.697,85.7309
86.33,81.1423
86.2329,81.6221
83.3677,93.6306
87.5661,97.1813
86.6328,86.4069
85.0832,78.4114
86.3114,83.9335
87.0362,81.2579
86.6374,88.6896
87.2101,84.7302
85.1634,91.0576
83.9422,87.0327
84.3046,84.8637
84.9599,90.1766
87.1355,89.8994
85.6164,89.6494
87.2435,91.0389
86.8664,88.6481
86.0545,84.0607
83.7368,85.5717
85.9674,86.4337
84.0505,90.2259
85.0977,83.4028
86.3088,84.0837
84.784,86.0742
84.5796,81.8253
84.7392,92.5275
87.3032,77.624
84.4287,77.4959
88.3279,84.6116
85.7256,89.9096
85.5187,94.7253
85.1624,92.5025
87.8887,88.4933
86.3081,84.6007
86.5989,84.5233
88.0093,88.7734
87.3606,88.0364
88.3751,87.435
86.3363,86.4232
87.2821,89.2569
85.3073,86.3042
85.1759,90.4074
85.1817,89.9435
85.6657,78.8512
85.0413,84.9342
84.0013,78.7817
83.7775,90.2856
86.2107,86.4831
83.6132,80.1808
85.0152,90.4111
85.9438,86.6161
85.3657,90.7491
85.6445,92.4568
85.6838,84.5441
84.3485,88.4045
86.9206,85.0651
87.4992,81.7635
86.7075,77.5231
87.2386,86.0459
87.1905,88.9571
86.7558,85.1473
84.332,81.7618
86.3446,84.8554
87.4708,87.8981
87.6256,82.2995
86.3562,76.9054
85.3144,81.5917
87.2829,84.3754
85.3047,87.5357
86.322,87.5355
85.2542,81.6703
85.4386,82.6014
86.5468,88.7049
84.3826,92.1021
85.7667,81.4792
87.4003,82.8083
86.3931,88.5998
83.8446,87.989
86.338,88.4432
85.7397,80.6263
86.4928,87.0813
86.5302,87.5683
84.9404,91.5357
86.7674,79.5405
85.1511,82.2698
86.7507,94.7415
87.4855,83.2009
86.5298,95.387
87.3639,93.569
85.9442,87.2783
87.3548,85.4678
85.7765,80.0899
84.4981,96.7194
85.4973,87.7811
84.74,88.6963
84.6638,94.1807
87.1682,86.0184
86.549,89.0539
87.5441,80.953
86.5881,86.8095
86.5492,90.1505
87.6807,85.3855
85.5191,88.1869
85.4477,93.2545
87.4919,86.4195
84.4366,86.4538
84.3532,82.8912
86.1125,83.4208
85.2139,89.7366
85.9552,83.0851
85.9979,88.4009
86.4747,86.6585
87.3632,89.5963
86.1398,77.9742
85.5182,87.3119
86.2597,86.0011
84.6506,94.7664
87.2304,86.8729
85.5597,88.8249
84.788,85.3911
88.3025,85.4304
85.606,78.9201
84.1516,77.6488
84.9463,86.9829
86.0997,94.7146
85.2882,79.1555
85.574,92.4959
88.8651,81.4783
86.6621,85.1367
85.5123,78.007
85.3906,83.7856
86.9261,85.5266
86.1695,84.6394
85.7384,90.2924
87.0073,82.0042
86.4186,91.9177
85.0396,83.2258
86.303,78.4091
86.5819,85.7127
89.119,80.5083
86.8056,86.8011
86.2487,88.6202
88.3488,87.862
87.3409,82.0168
86.4734,83.668
85.8096,93.7269
86.1053,82.3066
86.8018,79.2836
85.8315,86.8621
84.5942,91.9289
85.7826,82.7141
87.8305,81.1425
87.0544,83.8293
85.6841,75.6795
86.5572,88.5644
84.9607,93.5923
85.0607,89.5132
85.9787,83.1087
88.3593,77.0956
85.3819,87.5077
86.6574,87.223
86.2834,85.356
86.0647,91.5905
87.6207,85.3659
86.2794,83.4183
85.5079,89.1483
84.9115,86.161
85.0356,84.9047
86.0003,88.707
87.2324,84.974
86.7899,87.378
86.7831,87.0246
85.441,79.213
84.1972,88.2919
83.8084,84.8264
85.9387,78.7344
83.8854,86.0891
84.7323,92.0925
87.8401,79.4245
85.5437,91.9406
86.8239,86.4996
86.6685,90.8173
86.8057,96.0644
85.5844,91.77
85.2651,84.112
87.4312,84.2058
87.1533,85.143
85.1073,86.6987
85.6685,83.1765
85.1106,87.2195
87.0726,79.8633
85.9079,80.1446
85.7987,80.669
83.6034,80.3156
84.7326,84.9642
85.5064,78.4164
86.2608,83.8671
86.6231,94.4465
87.2385,83.1512
87.6364,84.284
85.4367,94.3923
85.1411,83.0003
87.4263,85.4144
85.0765,88.4826
85.5092,91.4394
86.2845,97.3443
85.6435,91.7669
85.4565,92.2655
85.6286,80.5418
85.6766,84.751
85.36,86.8736
86.6466,73.6579
83.3273,82.6046
86.4102,88.2485
87.9806,79.8535
87.9326,83.5723
85.3074,90.5273
85.1431,91.3639
88.4633,84.9435
86.4917,82.9409
86.6106,91.163
87.1575,84.4726
83.8634,89.6633
84.5561,82.8628
86.0476,84.196
86.2929,87.2628
85.7716,78.5872
84.3224,88.1174
84.0984,88.4062
86.2642,81.6366
85.991,90.2295
85.0358,82.4828
85.4987,87.6429
86.2642,84.567
87.0439,83.8686
84.9362,85.7387
88.0366,81.3126
86.284,85.1853
85.7769,85.5735
85.0834,92.0222
86.8663,89.5685
86.5988,80.6507
86.2716,83.0627
84.6162,78.5722
86.5413,83.397
85.479,84.2585
86.4307,85.3737
86.3825,84.8789
86.3046,88.72
87.7276,82.2676
84.4571,90.1726
87.1167,85.663
83.9375,88.6119
86.7331,90.2391
86.7349,92.0049
86.3791,93.9091
87.9082,85.5984
89.1719,88.0255
84.9795,85.8649
83.9632,85.0829
87.5159,87.453
85.539,87.0115
87.2039,96.7992
87.6853,89.3118
86.5629,78.6258
84.5488,82.4603
84.906,77.7136
86.7408,97.9871
85.5057,81.7784
84.8757,86.9078
86.6588,87.0066
85.8111,92.0992
86.9403,87.596
85.0714,90.1658
87.0004,89.4972
85.2515,81.2134
86.1993,82.7806
88.5214,87.4651
84.9977,86.3612
85.402,79.7897
87.191,81.1807
86.1626,84.3439
85.3234,73.9246
86.188,88.1225
87.5678,82.2327
85.9609,99.9312
84.2016,82.2243
85.108,83.6864
86.7487,89.7258
85.2034,89.1754
87.3102,82.6068
81.9183,83.4307
86.9692,85.4342
86.4246,85.7808
88.5681,76.2925
85.9959,79.0987
84.972,87.0104
86.6779,85.5341
84.1434,83.3613
86.0538,77.1091
86.2715,87.407
86.1002,92.6323
88.0673,83.6448
85.5637,83.7388
85.406,88.8012
86.6307,91.5382
85.9189,86.5613
86.0014,82.0327
85.814,96.1028
84.7838,87.3106
84.2766,86.7221
84.1582,81.6488
86.3653,86.4357
85.3032,90.2675
86.9006,90.4712
84.2281,82.7101
86.529,82.1534
86.2162,86.1602
86.0448,87.9746
86.2111,87.4364
88.1147,88.178
85.0484,89.1033
84.2281,89.4676
85.3402,83.8759
82.5319,86.4929
84.7438,86.746
84.1343,84.5883
84.011,80.1472
85.8929,76.5645
85.1558,84.1642
85.1484,88.8972
85.0993,81.8874
85.2649,90.4636
87.1523,83.3547
86.3104,85.5075
86.2838,81.536
85.0213,94.654
85.69,87.6055
87.5918,79.3138
85.4773,89.1558
84.6032,84.3419
85.0293,84.9337
87.3627,83.9353
86.7247,87.5347
87.5288,84.2472
85.0951,90.4516
86.3666,80.52
86.6659,92.621
85.7041,83.1777
86.2092,91.99
84.7259,80.0765
85.5113,83.7235
86.5927,93.3798
85.018,81.3071
87.4546,79.9757
84.903,87.9536
86.7375,82.298
86.0101,83.4962
86.6851,90.8051
85.3123,81.5706
87.9948,97.0388
85.4978,82.8005
84.1815,80.9736
87.1199,101.934
87.1772,90.1557
86.0007,81.0358
87.2082,90.0039
87.0436,90.1668
86.2248,81.1175
83.9918,97.0451
85.7558,81.4917
86.153,101.205
85.8771,85.0973
84.7218,81.6244
85.1903,89.9958
86.34,93.1606
86.2717,82.3175
86.3724,81.1823
86.9545,93.5553
86.9419,91.5166
86.0445,85.2234
83.5153,83.5802
85.3249,91.2632
84.5141,81.6486
87.2417,84.5377
86.9405,81.434
84.7485,87.9585
85.2559,93.265
83.9367,85.8884
84.6208,88.5491
84.7159,85.4501
84.223,84.7715
86.6195,87.5734
85.2421,82.8254
87.3347,80.2431
87.5075,82.041
83.6826,89.0303
86.1247,81.5193
88.1562,88.9443
85.681,88.1179
83.5287,92.2441
85.6498,81.8685
84.7281,92.0349
85.7134,80.9544
87.4126,95.9102
86.9982,89.9615
86.845,79.6307
88.2451,82.889
86.783,83.1392
85.3637,83.1897
85.6347,86.2131
87.1135,83.2199
85.5414,81.2834
88.0907,100.423
86.9949,84.5272
84.9394,82.9972
84.3851,83.7669
86.5844,81.6146
86.4711,92.68
86.451,88.9793
86.7589,92.2945
86.8607,83.168
85.5319,89.4513
85.9973,95.5546
83.8208,84.3347
86.3794,79.0395
85.1642,82.6818
86.4011,88.4046
86.845,87.0273
85.7291,89.8414
83.8974,86.8565
86.4461,88.7524
86.4641,78.4328
85.5088,88.4159
85.9055,80.9646
86.8408,84.5878
87.9732,86.2141
84.4745,81.5964
84.9586,88.5836
86.1833,84.1239
85.4706,80.1944
84.461,93.8225
86.5543,90.3512
87.0922,86.3022
85.2866,75.9791
85.7078,84.4729
85.5247,80.8716
85.0483,86.7306
86.2146,90.4507
85.7724,77.8765
85.6595,83.194
86.3925,75.4971
85.5751,82.392
86.385,80.9969
85.8222,79.5063
86.2916,87.4501
87.3063,85.1732
86.2375,91.7045
87.2475,87.9046
84.4843,85.4614
85.2933,82.375
86.0049,88.3046
85.0727,85.1526
85.6879,90.7101
86.4351,87.4379
85.6216,88.1471
86.3208,80.8738
85.3903,85.7692
84.9676,98.3545
85.8813,93.1507
85.795,82.6766
84.5717,83.9095
86.1808,90.5606
88.2624,88.733
86.5287,83.6066
85.8241,85.3853
85.3554,87.0796
85.5861,89.2601
86.2347,88.5429
87.1965,82.8134
85.412,87.8687
85.8074,86.7046
86.3569,89.5065
86.432,81.9703
84.7322,90.3486
85.4786,91.3038
88.7853,94.0015
87.1769,80.9749
86.9283,88.5646
85.4872,85.2456
86.4804,85.7736
86.3736,84.6247
86.7439,87.0878
85.9608,92.5352
85.5879,85.9964
86.9078,95.4026
86.2433,83.0951
86.243,91.9732
86.0799,99.7983
