Greedy
50.6344,120.513
50.6248,120.513
50.63,120.513
50.6256,120.513
50.625,120.513
50.6276,120.513
50.625,120.513
50.6252,120.513
50.6248,120.513
50.6248,120.513
51.1732,120.513
51.2014,120.513
50.629,120.513
50.6298,120.513
50.7878,120.513
50.6252,120.513
50.6276,120.513
50.626,120.513
50.625,120.513
50.9508,120.513
50.6252,120.513
50.6278,120.513
50.6268,120.513
50.6274,120.513
50.625,120.513
50.627,120.513
50.6292,120.513
50.7138,120.513
50.6282,120.513
50.6292,120.513
SD
61.8914,185.963
62.2952,176.937
67.1766,191.491
60.9858,190.929
62.9358,186.037
66.3852,189.493
64.2984,169.711
61.504,186.94
64.5204,189.69
63.4114,185.634
61.3682,205.673
63.499,164.703
63.2026,232.202
62.822,200.416
64.357,179.503
61.3366,174.813
61.757,178.212
62.4648,189.665
62.5798,178.055
61.0012,179.651
61.5842,180.971
61.9486,180.824
60.6918,162.71
64.1126,193.03
64.5322,166.447
60.822,173.109
63.727,187.709
62.574,212.238
63.0658,202.469
64.0414,202.285
WO
53.2228,330.808
52.4286,321.399
53.4492,326.99
53.2722,325.991
54.1564,316.704
52.7582,321.215
51.2776,318.185
55.781,337.881
54.5774,318.98
53.5694,304.502
55.9002,332.449
52.7804,311.282
53.3474,329.342
53.6702,316.893
53.9456,323.989
54.0194,312.581
54.797,304.458
51.1834,321.857
56.4594,338.853
51.4944,323.035
52.994,329.581
54.0182,328.503
55.9298,319.64
54.7704,326.997
55.2772,342.989
52.0044,328.495
53.615,337.474
56.0512,316.81
53.2602,317.699
53.8312,311.705
