Greedy
49.2904,87.4561
52.465,81.4775
50.4746,88.8765
51.0104,76.9287
50.436,102.624
51.3962,89.0209
51.1174,91.9724
52.5876,91.5554
53.0072,87.3013
50.4752,90.7168
51.2374,87.385
49.885,89.0921
49.9594,90.4357
50.6168,81.2074
50.3054,82.1721
49.8054,94.4807
52.1232,101.883
53.1132,84.8898
51.525,83.6899
51.4094,89.9914
50.0228,78.7817
49.1198,91.7013
51.3872,104.373
51.8332,82.7636
51.6916,84.8675
48.9942,90.8812
51.786,92.9422
48.4298,101.006
50.0934,89.6895
51.4954,83.7729
51.908,84.1132
51.0428,85.698
50.1022,93.5073
50.3344,87.4357
50.4288,81.2001
50.9508,97.0408
48.5158,87.939
50.6824,85.4594
49.578,86.1047
50.8148,71.2579
51.333,81.0393
49.5142,94.3802
50.4252,79.5553
49.5674,82.6416
51.0808,82.2959
50.7304,88.3895
51.8556,86.739
52.5636,87.8863
50.3348,81.1808
49.768,91.9684
50.7138,95.7428
51.6532,83.5084
49.4626,65.6679
49.8922,93.7953
54.8188,86.4804
51.0456,91.6357
51.0908,88.8035
50.7998,82.0169
50.9206,95.5679
50.8458,97.4149
52.0126,90.3505
51.941,84.3153
49.0514,77.1392
51.4378,80.1651
51.2024,94.8965
49.2732,77.2001
50.5934,83.2738
52.7634,84.4835
49.183,99.3333
49.189,90.5029
48.4734,85.5539
49.1194,91.0878
50.714,76.7562
49.6606,77.8353
51.0598,86.3873
51.9314,84.4713
49.7664,99.8247
51.4486,73.0063
51.8566,86.5289
51.2994,76.8856
51.7202,80.7271
49.5426,94.6144
51.898,89.0663
49.7222,80.7363
50.4556,96.3226
49.5808,92.2124
50.1148,89.4481
52.6918,83.6576
51.8486,85.8259
51.318,89.1518
47.891,90.9178
51.1554,89.7733
49.8654,88.8385
50.1096,87.9281
50.3322,90.823
48.866,106.602
50.0894,87.2909
49.3486,93.2857
51.5926,84.8406
50.1466,76.9519
54.2654,92.2714
51.0878,86.507
49.8026,90.4256
52.3074,81.9464
48.5788,94.7023
50.5774,94.2981
49.4258,86.6131
49.4272,95.6001
48.9416,90.5098
50.1232,95.3975
48.9062,88.3725
48.9622,90.8754
51.2592,96.5234
48.3952,93.4193
51.7322,92.3796
49.3408,85.8241
48.8922,93.0766
51.3998,75.1994
48.9642,86.2188
50.9002,100.091
49.1012,81.6625
52.2556,90.9899
49.5796,97.5332
48.0082,103.606
51.432,91.1697
50.2968,77.9887
51.975,104.83
50.4464,97.1114
50.3656,105.481
49.5662,83.0561
48.1442,84.0312
50.3086,83.3016
50.8864,98.6945
51.7828,93.0665
50.8048,84.3353
50.8338,80.957
51.1724,80.816
51.243,82.0487
52.7458,76.8206
51.453,82.2116
52.6992,88.0267
49.7822,86.66
50.708,95.4617
55.5068,96.8068
48.436,99.9839
50.135,90.682
49.5624,84.2156
47.7546,90.9012
49.7868,86.558
49.7,83.3647
48.7864,77.9033
51.6734,82.4537
52.1142,88.472
50.0446,77.6775
49.4008,94.3687
50.7112,104.253
52.4526,100.043
50.394,79.6195
50.3376,81.4773
50.1542,94.3932
51.6804,80.2143
50.2452,82.2116
49.9542,91.8721
50.4712,102.699
51.0272,84.2634
50.3114,86.5143
50.3524,84.1747
50.2538,90.5099
51.0214,93.3512
49.6998,93.2076
48.2018,90.9715
51.4402,82.1704
50.252,97.2465
50.2458,94.0975
51.4856,89.7307
49.3306,87.9554
49.1118,96.7672
49.6852,90.9942
50.4046,96.4795
50.6094,83.8785
50.1562,101.986
49.3412,81.5053
49.3222,89.8128
50.7916,83.728
49.354,81.7588
53.1468,95.7808
50.079,89.0784
50.773,81.9911
52.7378,78.9131
51.2228,98.8995
51.5606,101.778
48.8274,83.47
49.554,90.9168
48.604,89.0091
48.0082,84.4343
49.1586,76.5414
48.161,110.505
50.088,86.285
51.265,95.1004
49.7086,88.9695
47.8846,89.9475
50.7244,80.154
49.1854,87.0445
52.036,77.0482
51.961,83.569
50.5586,80.6289
50.6888,92.4538
51.0936,89.9562
50.5542,100.471
53.603,95.2541
50.7116,99.4324
49.7624,88.9702
52.887,87.388
51.6692,80.0938
50.5352,92.3117
51.582,98.0982
50.8722,88.075
50.331,75.3718
50.1062,78.2202
52.0074,100.658
50.2426,101.622
53.0022,89.8266
50.0556,91.3076
50.7862,85.804
52.9882,107.982
50.3682,77.9919
50.0992,94.235
50.9686,88.9714
48.5998,87.9879
49.8648,81.4082
52.759,93.9303
50.5626,97.4961
49.5346,87.158
50.2772,81.0277
52.9448,92.7901
49.9578,92.2373
50.6612,79.9308
51.1256,89.061
51.5552,75.4806
50.6074,82.0569
48.064,95.0331
49.8392,75.1659
49.9168,93.9285
52.5574,95.9314
50.5468,82.5793
50.2658,91.564
49.3106,86.6214
51.2354,85.4692
51.6072,83.8532
51.5456,81.0043
48.8104,88.6874
46.9428,85.2032
49.6846,94.3746
50.5982,73.1299
49.59,74.9632
50.8382,95.1888
50.2606,91.964
51.6908,83.1835
52.2186,86.0167
49.0052,89.4398
53.085,96.4423
51.6796,88.7046
51.4376,95.9264
50.7046,83.8696
49.879,81.807
48.7574,89.0232
49.4212,83.9195
49.7678,98.5962
50.7918,105.183
49.175,86.3279
51.4476,80.3205
51.878,92.0348
51.2926,86.9328
49.2906,80.6476
52.2478,108.496
50.8046,94.0672
49.3738,83.7507
51.278,79.3089
50.6352,82.9236
51.4472,86.1667
49.0198,92.6286
51.9714,71.7346
51.4918,90.3883
52.4116,84.8145
49.4678,98.0456
49.991,77.1688
49.5178,100.66
51.2558,75.8551
51.2956,85.2754
49.203,83.3495
49.4812,104.084
47.2362,81.4094
50.6708,104.806
48.6674,95.5091
49.3216,79.2473
48.4378,95.8038
49.2754,85.9628
49.0994,93.2453
51.1134,97.0353
51.7668,95.3631
50.8788,80.0644
50.8324,79.2093
53.5828,86.4503
51.5282,78.2109
50.6156,91.1906
50.1184,91.7465
49.8812,83.5503
51.4872,90.904
49.7704,82.5704
49.3286,96.3308
49.9504,86.1591
50.5976,83.0091
52.9688,90.631
51.2046,86.1546
49.8618,92.7335
53.3126,85.5496
50.3252,88.8746
50.831,91.2777
50.5906,92.7033
50.1434,84.5724
50.3864,78.5599
49.6446,94.9575
51.1848,88.4901
50.6108,91.3708
49.115,77.9458
51.3842,84.4229
49.2396,88.8289
50.4588,91.8868
49.9426,96.0066
51.3388,80.2791
52.0484,67.0733
49.549,101.051
48.9514,86.9982
51.8588,86.5502
50.0122,102.592
50.7228,84.4864
49.2042,85.651
50.5388,85.7477
49.2804,95.9124
51.687,93.0266
50.7348,94.8113
50.1354,81.0948
50.8744,79.3694
50.6208,105.081
48.18,89.3286
49.2404,90.3615
51.0654,80.0254
50.5174,85.8779
49.7486,91.0006
50.2904,93.0213
50.369,83.4458
51.5174,98.1038
50.5714,98.244
50.1364,107.864
51.6946,79.0728
50.0088,87.7187
52.8398,87.2549
49.3,94.3515
48.6408,83.1422
48.0368,100.685
51.6676,87.478
54.1162,106.908
50.4264,94.9391
50.4532,87.6164
51.6238,104.17
52.912,88.8443
47.6118,94.2932
50.1572,90.2035
51.8174,92.8244
49.3898,84.9378
51.3586,90.0595
47.2666,98.0661
47.7902,96.1143
51.8684,87.9999
51.2072,88.9923
49.8324,77.5255
51.2338,91.9162
48.633,89.6905
49.5092,97.4607
52.5858,100.278
52.0542,82.1317
51.6924,87.447
50.9648,93.5794
50.763,97.6313
51.1296,82.8202
51.0934,83.6568
48.6632,87.6885
51.4056,87.6519
48.2654,91.1978
48.3002,83.6117
50.5542,75.1738
51.5172,82.8277
50.392,92.576
50.398,78.4224
50.9402,92.5706
49.4626,85.334
49.2708,80.0126
50.1272,82.92
50.1288,90.8565
50.1154,85.6367
48.9886,85.4576
49.419,82.1596
49.037,80.3738
50.3874,92.8958
49.8736,92.863
51.7024,96.0309
48.7912,92.6469
49.9846,89.1108
50.7604,99.8254
50.6112,94.9807
49.7622,110.298
49.89,93.5124
49.071,91.9799
52.2894,87.6805
50.9394,83.8508
50.0682,83.9282
50.4848,85.6065
51.4164,88.3067
49.7332,98.7953
48.8352,88.875
51.5642,84.7045
49.1256,86.3375
50.4686,89.248
51.1254,93.9035
51.2458,93.0882
49.1652,94.8855
51.3178,94.5726
51.2608,82.7054
48.4736,93.4818
52.1154,94.4258
50.4766,93.2655
50.3488,87.1931
51.8424,76.2752
53.0938,92.6855
50.4598,91.9783
50.5998,102.731
47.2436,86.4347
50.955,86.467
50.225,95.0729
52.254,86.6473
49.8312,102.415
50.6316,99.59
50.7328,91.1127
51.2258,89.1454
49.4486,82.6479
52.1996,82.8146
51.4928,99.3344
50.3774,97.1604
50.6918,100.916
51.408,83.3089
49.5326,76.787
51.2976,105.547
50.3012,86.0318
48.6542,89.739
50.1352,88.9301
52.1224,85.0352
49.2698,81.0847
51.5972,80.1862
51.3628,98.1612
51.7562,97.5427
50.8008,83.0791
50.3962,76.7358
48.7584,90.8366
50.3262,75.1371
51.915,87.7928
51.633,92.11
50.7412,94.153
50.774,93.4112
48.9782,88.1613
50.4892,84.8054
48.448,82.6657
52.4724,105.088
50.7316,77.3435
49.0814,90.3952
49.0938,86.6592
50.0238,93.5068
49.8378,106.909
49.958,94.7528
49.8884,83.25
51.4918,98.2875
50.3508,88.5143
50.389,96.2866
49.9272,94.8615
52.918,69.7448
49.0274,90.1484
49.3522,75.8547
51.7284,88.3239
50.1938,85.757
49.6698,93.3042
51.7878,87.0154
52.0578,100.766
48.2702,87.1758
50.2006,82.3458
50.7122,80.7535
50.0262,81.5287
48.5832,87.8588
49.022,100.657
50.7248,93.0124
54.2204,87.0226
51.942,75.2299
50.4742,75.317
49.1582,96.3418
50.5774,103.978
50.8302,78.2906
47.7642,76.3451
49.4654,90.1809
47.9466,93.161
51.108,90.153
52.0972,87.4994
50.8672,90.472
49.8724,93.7638
50.1006,72.173
51.702,80.2156
50.109,85.55
50.3062,94.2542
51.3418,84.1861
49.5998,87.378
50.9672,93.6803
52.1926,82.0522
51.3154,93.348
49.9614,72.9086
49.9104,85.2468
49.8812,79.9213
50.179,87.4126
52.065,83.538
49.4002,88.2788
52.5404,92.0508
51.4796,92.8715
53.15,86.6987
49.517,90.8827
50.7118,80.8799
49.6216,81.6453
49.7592,81.5801
51.0326,91.9848
48.1036,78.8026
49.6894,90.8031
50.1172,83.6873
48.3038,81.777
49.715,82.813
52.981,87.4838
50.4742,88.018
53.1568,88.5765
50.0578,88.6486
51.9812,75.4797
49.1782,105.135
49.7606,101.081
51.317,78.2616
49.9728,76.0555
53.6888,100.57
51.5898,68.32
49.5488,87.678
49.854,89.195
50.9316,92.3357
49.2698,73.4275
50.9494,72.0612
50.8194,89.8712
48.825,79.3617
49.0426,90.3169
49.2116,80.0214
50.0212,75.1895
51.2842,82.535
49.6914,90.8867
50.958,89.9699
49.8318,89.2195
48.9058,96.2178
48.5224,83.879
50.7556,86.6149
48.7568,89.7361
49.8294,86.2742
50.86,83.3034
54.4716,87.0453
49.5466,81.0245
49.9536,80.7958
51.652,91.4438
50.6084,86.6976
51.0456,85.2794
50.7458,93.5031
50.9462,93.6811
52.768,102.511
51.0348,95.7682
49.4484,93.222
51.206,89.3732
48.794,94.0965
49.4074,89.4084
50.525,81.7225
52.163,98.4326
52.688,91.9551
49.862,89.7372
49.9034,92.1366
51.5424,79.2548
51.1874,87.0145
49.2566,86.465
50.3864,74.9577
52.847,91.9076
49.6286,101.718
48.3534,90.1955
48.8874,90.4401
47.2846,89.1805
49.6968,87.1748
51.4422,77.111
50.1448,89.5833
51.4232,93.8884
51.864,107.34
48.687,91.5437
52.7662,91.9117
49.8882,75.8584
49.574,81.8983
48.5138,82.8099
50.1832,81.017
48.2266,86.2882
49.9466,93.8112
49.6836,104.282
48.7088,89.9197
50.042,79.2943
49.858,83.8719
48.4162,98.6143
50.3324,83.8065
50.5068,91.8555
50.5064,75.0383
51.3148,112.785
50.3794,81.129
48.9384,81.0269
50.2238,86.4665
50.6984,86.0532
50.0922,104.339
47.8894,95.3371
49.837,85.8449
49.6688,85.5734
51.1328,87.4335
52.0918,92.5979
48.8636,89.0673
50.0658,90.4895
49.2336,90.0566
50.1458,92.8485
52.0982,92.1999
49.6628,93.3026
52.9654,99.919
49.6932,92.5796
49.9088,87.5521
50.5642,78.9077
50.3904,93.209
49.9694,92.7918
49.4078,96.0619
50.2596,89.1012
52.2594,82.3067
52.4376,75.9929
49.7172,96.8903
49.4806,88.1084
51.6464,83.0081
49.8882,91.0964
51.5774,90.2081
47.5756,92.8547
51.1184,81.235
50.5514,101.291
51.546,95.0023
51.129,85.6112
50.5326,98.9415
52.8408,83.0596
51.6976,85.755
50.0908,96.3223
50.8108,102.954
52.0696,86.0337
51.2122,88.0279
49.7976,90.1338
50.4182,80.2164
50.627,92.4573
50.8354,89.032
53.2052,91.4086
47.7002,89.4562
51.9672,93.1115
50.1832,107.232
50.4904,110.214
49.6174,73.543
50.0932,84.9705
50.608,78.125
50.2446,88.2757
50.134,86.8269
48.5084,79.1609
54.007,83.3185
51.0408,77.2654
50.023,96.6881
50.8594,83.6255
53.4516,85.4889
52.035,103.919
51.2006,101.888
50.6936,77.4359
52.5254,92.7658
51.6794,94.2616
51.3294,94.7771
49.5558,94.5022
50.0832,82.9894
51.5676,87.3143
48.7866,97.1
51.1686,96.7376
49.7626,102.525
51.1892,93.5123
48.7894,100.235
52.0196,103.28
49.4852,82.34
49.47,85.3357
50.8024,100.982
49.412,91.0043
51.0972,95.8241
50.8804,90.9619
52.4196,85.6286
52.7638,93.9293
50.4594,76.3069
49.3992,92.3008
50.2646,86.9652
50.4842,83.5273
49.1562,86.5645
52.8572,84.1903
50.555,93.9222
51.5212,87.7937
54.212,109.94
51.9004,80.7936
52.038,93.0289
49.919,85.3123
50.792,87.9915
50.209,83.0799
50.6896,90.5875
52.3502,87.5908
50.6938,93.4933
50.9016,104.477
50.222,86.2514
49.1486,82.1609
50.1468,88.6457
50.5046,91.8803
49.6144,78.8181
49.0254,92.2605
50.983,89.0362
51.8374,82.2768
49.6732,89.8733
47.9984,88.2232
52.7106,93.7738
49.2644,99.8428
51.11,73.4373
51.5986,94.5431
49.3416,90.4828
48.8252,95.4442
51.412,90.3153
50.371,85.1952
51.926,80.9828
49.014,92.5269
49.246,77.9007
49.9362,93.297
50.9054,95.5039
50.564,85.3266
49.314,86.7948
53.102,103.069
51.6602,86.9679
47.597,95.6491
48.6246,78.444
49.0528,87.5775
50.7174,85.5944
51.1604,97.1068
47.8776,78.035
51.6066,78.124
51.284,83.1127
51.9428,96.9881
52.958,91.9069
50.2436,95.9718
50.5114,87.3375
49.7488,102.848
50.9622,95.7038
49.0154,86.3282
49.839,83.3988
50.257,85.2024
49.17,82.6057
50.3084,85.8397
52.6456,92.2295
49.7246,77.7171
49.2266,90.6873
49.9738,78.4913
52.8082,78.9142
49.5464,84.0674
49.5624,105.239
52.4858,87.9097
51.0832,89.3143
51.0764,78.2017
50.1968,80.6693
49.8358,85.904
53.2008,107.521
50.3858,89.566
50.7792,93.2973
50.0258,99.9471
50.4546,86.6849
51.497,75.1793
50.7558,90.1735
50.413,92.2329
51.403,98.3329
49.9092,83.4893
52.9484,77.0135
50.2574,95.7116
48.6284,80.1078
47.8772,85.1731
47.6186,91.0527
49.0302,95.533
49.249,93.3552
51.7872,73.5763
50.0468,80.879
48.879,78.8093
49.459,85.4961
54.4598,70.2742
49.6586,71.6689
48.4734,90.642
50.5948,91.9334
50.2232,85.8777
49.4106,81.0012
50.3858,89.545
47.8006,85.0927
49.3776,84.945
50.499,94.9203
50.7644,93.5111
51.308,96.2928
49.1768,98.4744
50.4082,96.0688
49.4016,102.478
51.9742,86.0302
51.4274,89.0158
52.24,75.2093
48.0596,86.9596
49.507,96.4396
50.176,98.248
50.868,105.905
51.9228,90.3914
51.195,92.5244
50.1146,91.0335
51.362,76.3347
49.706,81.557
52.3772,92.8442
50.784,82.1112
49.7188,75.2877
52.6288,69.2481
49.7432,101.518
51.7734,83.0867
51.091,79.696
49.2814,80.3037
50.4242,81.1197
50.9842,83.0393
47.5288,99.9243
51.448,80.7271
48.8822,91.2756
50.1444,107.591
49.7976,92.7249
49.2712,99.0882
49.69,96.2585
49.4804,84.5836
48.4928,87.0734
50.416,97.2303
49.095,87.7347
49.129,81.0429
48.8664,80.7682
51.5376,95.5672
50.915,94.1202
50.1914,90.3016
49.1998,96.1862
52.3472,99.6334
51.5008,83.8826
48.759,90.5048
50.0162,91.9694
53.0788,99.6139
49.5652,91.887
51.3022,102.267
49.5602,71.678
49.877,82.2404
50.7248,95.3072
51.445,85.6707
50.6402,103.077
52.0698,91.3913
50.4074,88.7948
52.3476,90.7687
53.1718,89.0146
51.3034,93.2999
50.343,90.7551
51.192,109.382
50.0024,89.6409
51.0112,96.0675
51.1498,81.1031
51.8188,81.7485
49.5294,88.0066
50.9626,78.9156
49.5004,90.0913
49.4666,103.115
51.3802,73.3945
53.3926,97.1867
50.5026,98.5502
52.7556,74.953
49.8214,108.631
49.437,105.568
51.4694,92.394
52.9722,100.247
48.8204,101.918
49.9836,73.2135
47.779,102.539
52.7738,82.2853
49.9398,81.0172
49.1654,91.6352
49.784,80.3561
50.3016,95.7567
53.1612,84.9507
51.3974,81.6875
50.4926,98.6621
50.0466,86.5457
50.7226,79.6638
49.0468,85.2256
48.5818,81.0821
50.6364,87.3772
49.5684,96.6337
47.1876,86.8193
49.0566,88.1988
50.3692,98.3921
51.9088,83.3332
49.7878,85.8854
50.2458,85.2785
48.9866,88.6836
49.1858,87.1614
48.029,91.983
51.0994,91.774
49.9534,82.757
49.6748,97.9739
53.0712,79.6148
52.9074,85.414
52.724,91.2479
53.2284,98.0973
50.4812,81.2877
50.836,87.4329
47.9414,82.7452
50.9542,87.8936
49.6924,94.5646
50.8784,92.8255
54.2596,98.1834
51.036,100.58
50.406,105.442
51.661,100.171
50.346,94.651
50.2342,81.5431
49.8284,83.0266
50.8504,83.8245
52.2172,92.5526
51.1816,79.6315
49.1114,79.1725
49.5494,90.2208
53.2016,87.5972
50.7972,89.5444
50.694,84.6142
49.9754,89.272
50.1418,84.2748
49.5798,91.1251
51.0952,78.0113
51.3952,90.598
49.2204,82.0526
49.4392,86.043
51.2064,89.9657
48.5934,89.5765
49.404,85.3006
51.6446,103.55
50.3922,88.2032
50.413,87.2231
49.4806,86.5469
51.2218,83.2459
51.7046,92.2881
48.9402,97.597
49.9384,83.8223
50.1672,85.708
49.3916,87.6967
49.7648,85.1068
50.7468,83.4679
49.1974,93.8647
50.2338,83.2598
48.6312,80.9974
48.7702,82.5632
51.2588,82.777
52.3446,81.6829
51.004,83.2959
49.1322,90.6067
51.5774,92.642
49.8146,85.4801
50.613,84.8827
51.9064,86.7865
50.376,87.9347
50.024,99.8113
49.6832,97.5956
50.9144,99.7894
48.5914,89.685
51.6162,85.2159
49.9018,88.7927
49.2866,87.5776
50.8588,90.2789
49.7972,81.4684
50.0174,76.7748
51.0744,97.0199
49.3884,77.157
50.8018,80.1809
49.83,82.4142
52.7636,76.2104
52.2456,75.9077
49.26,77.3482
53.0592,82.9019
51.8358,86.023
SD
51.3068,89.8425
50.3432,79.8297
48.7342,96.0867
48.9568,91.9567
49.5686,76.9169
49.3028,85.7157
49.09,95.8346
48.9332,89.6181
48.6126,84.5601
49.7548,90.9285
49.7044,92.4402
48.943,86.6935
49.915,84.3929
47.9314,88.8497
50.9864,94.5627
49.1786,93.9491
53.5732,103.375
52.0058,94.4394
50.9334,90.6636
50.8418,85.3376
51.843,88.5929
49.4842,86.7283
49.847,85.2368
50.5048,83.917
49.9954,87.1874
53.2952,100.446
50.2122,86.265
50.6422,87.1985
49.7576,92.6655
48.5692,81.2739
48.6392,81.7128
49.9078,86.6959
48.933,88.4309
49.4916,94.2902
49.4852,82.3706
50.6458,92.7523
52.7966,98.9887
49.4626,91.9707
49.3116,99.1771
50.2988,87.2757
53.5852,93.4215
49.3588,86.2916
53.1948,86.7131
49.603,80.768
48.9622,95.2956
48.5644,85.6853
50.3152,94.6905
48.3602,88.7868
49.171,81.999
49.883,91.6672
48.867,80.556
50.7676,90.1288
48.5644,86.0086
50.442,90.1989
50.001,79.3453
50.014,91.5731
48.576,94.3094
49.8646,80.3055
52.0826,82.6339
51.9278,87.3786
49.7098,80.4421
47.2712,90.5941
49.439,81.9319
48.8878,89.7363
51.7876,94.1469
51.0042,89.6787
49.4446,88.498
49.6182,94.9584
51.1404,95.4481
48.807,94.2346
49.6694,90.5891
51.4632,87.6865
50.9692,92.4049
49.1858,96.375
50.0812,86.7368
49.4326,90.4857
49.4662,95.6039
50.1586,95.5059
48.8424,85.2965
51.11,92.5508
52.6382,99.0524
49.0836,89.6089
50.8838,105.704
49.5468,85.0984
50.7584,89.3803
49.619,81.1536
53.2802,89.467
47.691,81.7434
51.2602,83.0997
51.9478,92.9769
50.6458,88.2713
49.3056,85.2067
50.3102,97.0039
50.1418,82.5277
49.0938,74.7182
52.8734,94.3335
50.6482,86.0499
49.6014,94.1196
50.8934,90.6763
48.1838,90.4292
52.2688,91.3843
50.2628,85.5423
50.7036,104.668
49.2408,80.6172
50.3934,92.9343
49.2448,94.9893
49.2796,83.1656
49.9014,78.2019
50.6172,83.7785
52.404,106.602
49.121,87.2866
50.3354,92.958
50.0874,88.1371
49.464,86.0072
51.028,78.8956
48.8006,92.3017
50.269,90.8253
52.0126,84.7828
49.9706,94.0982
51.038,98.1311
49.0022,91.4886
48.4714,86.7741
49.9422,95.3272
49.6998,86.9732
48.6418,95.5214
48.4238,88.2443
49.5958,90.7775
49.2952,84.163
51.9382,101.58
48.581,92.9342
49.8604,83.0808
50.3684,89.8312
49.3262,82.1252
49.8488,92.6859
49.9302,77.2582
50.2642,89.9071
49.1806,83.4827
50.4024,79.1542
48.0798,76.1363
48.2004,81.3449
48.7178,82.71
47.781,76.9245
50.2844,99.472
51.022,90.7162
49.668,80.7582
49.0796,89.9207
50.7376,78.6753
52.5888,99.0394
48.9286,83.1633
49.8438,87.2236
51.36,95.5384
49.3356,90.4933
50.4636,86.5818
48.5204,77.6666
50.1592,85.0847
49.4216,87.6032
48.7178,89.4302
48.4182,95.0807
50.1542,94.1255
49.984,77.9749
49.706,89.8937
49.8514,91.7154
51.1366,86.7411
49.3148,88.1698
48.105,84.4382
51.2084,97.416
49.3566,82.7673
50.2712,88.4536
52.7616,94.9518
50.3714,86.3575
50.7584,95.1993
50.2624,81.9019
49.0074,82.3574
49.0318,86.1875
50.551,84.5421
49.5682,91.7707
48.4324,93.9751
49.867,85.1769
51.1086,84.7733
47.6924,80.637
49.7386,82.6207
51.8144,97.9317
52.4184,96.2788
52.4124,103.975
49.917,89.1122
50.0742,93.9591
49.6346,85.3399
47.8504,88.4801
50.6612,79.313
51.8464,107.452
51.928,93.8022
49.6548,96.5139
49.5994,92.5065
50.2636,90.8415
50.4062,97.2607
48.8188,91.4487
49.4898,89.8823
47.7082,84.3914
51.276,90.5239
50.2528,87.0147
49.2978,82.4256
51.2312,93.4279
51.358,80.7684
48.7306,76.667
52.7836,99.9352
49.464,81.9657
50.092,84.0415
49.9724,79.4299
49.4096,81.7898
49.992,91.6013
52.2518,94.3109
50.4956,92.7528
48.4852,94.0455
49.3978,85.9772
49.6108,83.2279
51.2726,73.8387
47.7438,85.1953
49.2758,80.0817
49.3842,98.3753
52.3592,84.2522
50.349,97.5438
50.8658,89.519
50.4672,94.1677
49.3616,97.3497
53.4566,101.515
51.4352,93.6459
48.5258,86.565
50.1436,85.4927
51.856,85.9337
49.0976,75.6892
49.9868,88.11
50.237,98.6671
48.2478,84.7085
48.4034,87.6506
51.9426,92.0384
51.3352,95.3023
50.061,96.9897
50.3494,80.2671
50.393,101.742
50.756,93.6314
50.5302,79.7965
49.364,81.8012
49.4376,85.8242
48.3236,86.23
50.8752,81.4005
48.9768,82.0162
51.3394,82.5015
46.8524,84.8453
50.0398,86.211
51.1108,84.6143
51.4,93.7178
49.2112,78.6713
49.8688,89.2534
53.4916,97.0877
50.0506,84.7419
49.8172,95.3536
52.0058,95.3547
50.6738,87.1575
49.0744,82.6863
48.5776,89.7406
49.4366,88.5566
48.5424,81.1002
50.0624,93.1943
50.0078,83.1
49.6088,83.7397
50.9862,90.6018
53.9874,94.378
50.4798,85.2932
48.608,73.8286
49.6702,83.37
50.4668,82.0557
49.4218,90.3596
53.2286,84.5962
48.7032,90.8792
49.664,99.7445
50.8592,81.9596
49.4072,96.1777
48.5968,82.7915
49.8372,82.1392
47.431,81.8559
49.7862,82.7767
51.027,95.0588
49.6954,82.7591
50.0906,81.1276
52.7038,95.32
49.6588,80.2702
52.782,90.8762
50.0176,92.7971
48.3272,84.4014
51.7834,97.3241
50.8018,95.6568
47.9992,92.8742
50.843,89.5205
51.5856,80.257
50.3696,88.5087
49.9824,93.4878
49.9278,88.5647
52.4056,77.4286
52.072,91.0757
49.8596,84.8046
51.433,90.5589
51.2844,87.8979
50.187,91.3467
51.7734,90.6306
49.7146,84.4739
50.9882,84.2673
49.52,89.1949
49.3392,82.3402
48.4278,89.1276
51.5178,87.8182
48.8972,80.7207
50.2274,83.5837
51.9094,91.3912
50.401,99.9204
52.0386,99.4037
51.5206,87.0488
49.4464,90.4918
51.4142,84.324
48.783,80.5308
53.3542,93.3656
49.3526,74.2178
53.4086,96.7617
51.2078,85.4215
47.2186,76.4225
48.4984,79.0962
50.948,99.296
49.845,81.2209
49.6486,81.4813
49.947,82.7852
51.9732,85.9683
50.6014,93.4663
50.595,89.496
49.8796,87.5101
47.7,85.3367
48.3102,78.5432
49.601,87.2144
50.5116,94.6211
49.52,85.7336
50.0808,93.4881
50.03,79.666
48.97,95.8162
48.244,85.4834
51.7004,92.7756
49.8508,105.004
49.6424,92.7524
48.644,73.7486
47.8696,95.0918
50.2638,95.8911
50.0422,91.8415
49.008,89.2043
48.71,90.5005
49.5118,81.5534
50.3982,90.9265
52.2994,91.1282
49.4336,88.4738
48.2726,85.6332
50.7036,81.8255
50.9674,84.5287
50.6558,81.7312
49.0732,83.5024
48.173,82.051
51.6146,94.7805
50.8186,92.4067
49.1364,78.0475
50.1164,81.9836
49.8094,80.4903
50.9084,91.2485
50.0102,84.5585
50.8282,95.7396
49.1096,84.8561
49.3342,77.7781
52.8814,98.9458
47.8848,84.1117
50.025,84.9609
54.5902,103.694
48.7052,83.6867
49.7526,87.3583
53.0094,93.4218
48.5046,73.6972
48.8256,84.1979
49.2144,84.8279
47.1698,89.6116
49.3964,92.7715
48.5816,94.4616
48.949,100.056
48.6846,88.6832
50.1114,89.771
47.8388,83.7618
49.4024,82.5453
50.8802,88.9664
49.5606,72.1819
49.2132,83.5037
49.398,91.7304
51.4476,96.3254
48.8618,92.6714
50.8092,95.4035
50.728,87.8581
50.3466,92.4124
49.6618,87.5578
52.4126,88.2024
49.3234,92.9552
49.7688,88.5934
49.6352,86.4542
49.2378,89.0758
49.0642,78.4483
49.3784,88.9065
49.6178,79.0305
48.774,78.8099
48.1066,88.9301
50.116,104.479
49.2914,81.4519
48.8428,69.2551
50.4504,82.6678
48.447,78.4731
47.3162,94.3035
51.0032,81.6113
49.4766,87.8953
49.5398,96.6309
49.2144,74.7268
48.6654,91.9476
48.6546,88.3088
48.4888,88.0638
50.7456,86.0046
49.1142,88.1777
50.1504,82.2552
48.6436,76.7286
49.8096,100.759
52.1182,97.3703
51.0092,92.3058
49.6474,87.1118
51.4842,91.9227
49.9686,90.786
50.3482,83.0697
47.8416,82.0005
49.04,101.826
50.6718,88.333
50.9736,93.7174
50.5484,92.1063
49.8784,78.6829
49.8978,102.114
51.8134,92.7962
50.8978,87.7759
50.0074,80.9081
49.7822,75.3712
52.0924,87.8619
53.4172,86.9131
50.5986,91.2125
48.5508,91.1092
50.4046,90.7715
50.4754,92.6464
52.9898,99.1232
50.33,90.1484
49.9998,91.9465
50.229,102.051
50.496,97.1394
49.715,84.4103
49.4888,92.0872
48.5362,77.2631
49.6142,96.9292
49.7372,86.8806
51.935,92.2245
50.438,90.2773
50.0416,98.3416
51.8736,93.9269
49.879,81.3671
51.2744,84.7057
49.2864,90.391
50.273,85.1676
51.2912,94.0927
49.5354,76.8972
48.6664,84.7532
51.7522,89.2532
47.8242,81.1537
50.4264,89.2837
49.2458,84.4326
49.1644,82.9936
50.186,82.3986
48.0994,84.0139
50.5508,86.6008
51.1316,86.348
48.2884,86.5021
49.929,91.3763
50.3646,87.0383
51.7978,93.9766
49.6468,102.527
49.913,87.6576
49.7976,88.2582
49.3114,105.933
50.8744,85.3374
49.3266,81.7615
47.4148,92.4203
48.8238,85.7653
50.1194,95.1608
50.643,95.5252
50.8372,93.8856
48.0196,85.5536
49.431,84.7787
50.708,90.1222
51.216,86.355
49.9478,92.4093
50.0866,97.0804
51.347,94.4952
49.0898,90.0012
49.9206,94.9621
51.048,81.45
50.5836,84.4693
48.1562,89.5228
49.82,89.5366
48.8648,95.0424
52.233,91.9447
49.1918,79.2688
47.7896,91.0964
48.1816,92.2139
49.9464,75.6725
50.4256,82.0927
50.7354,83.73
49.9594,98.2988
50.0572,92.2822
52.1018,101.262
48.9154,91.429
48.7462,97.3758
49.5468,89.3468
50.186,84.2712
51.8246,89.8515
51.775,94.6817
52.4346,98.5664
49.9212,92.4949
48.8102,84.2656
51.9888,102.613
49.429,91.6082
49.4224,85.8963
49.6738,83.2592
49.0216,80.1227
48.0772,82.1447
49.7552,97.8782
49.0356,88.9792
49.6548,80.6875
49.8032,82.6776
49.623,82.6626
52.3222,89.6653
49.0738,88.062
50.2628,95.2475
51.188,90.7203
48.3494,83.1388
49.006,82.7741
48.1698,82.059
49.4814,92.8829
50.519,87.9975
51.1494,100.383
49.0154,75.4146
51.076,81.2244
49.7834,87.9597
52.896,100.038
47.4744,82.2854
51.3308,90.8777
49.9688,88.3672
48.3734,86.5749
51.3402,84.5412
49.9716,82.5504
48.7754,87.1683
50.887,84.638
49.556,90.6533
49.5764,82.7635
48.868,77.1045
50.2282,92.3348
51.1628,92.1543
50.354,85.7587
48.4676,97.9076
50.4324,83.7149
51.9062,85.5817
51.1764,92.0898
50.7976,87.0788
51.155,83.7644
50.5284,84.8577
52.3272,94.723
47.7288,86.0853
49.6872,85.5051
50.745,87.0071
49.722,80.4704
48.9242,76.79
49.4956,90.4547
48.756,89.5968
48.4544,82.5083
49.4516,93.4462
52.0274,96.1741
50.0012,95.6573
52.217,78.331
51.747,91.014
49.6396,83.7678
49.441,83.3058
49.7068,88.6162
50.5894,89.2378
50.3908,91.7945
50.1526,81.1999
51.352,88.0944
48.4174,89.9371
48.6858,78.9208
49.8122,84.3615
49.563,86.7351
48.7684,86.9974
49.9004,97.1422
48.8022,78.3946
48.8316,94.475
46.9268,82.2306
50.0556,86.8123
50.4228,86.5823
49.8254,78.1553
51.6094,89.9106
49.7856,85.4013
49.7336,90.7496
49.7392,92.4672
51.1022,86.3566
51.2122,89.1482
54.4648,101.4
48.3344,96.1594
51.0466,89.9695
48.53,82.5671
51.2588,93.9369
48.6272,92.8013
50.9764,86.6702
50.3142,99.685
50.5876,87.1812
50.5684,84.1722
50.4956,86.8602
48.9952,85.2743
51.8238,96.9072
49.3612,73.2107
49.4618,96.1376
49.015,90.947
53.7398,106.113
50.1458,98.4779
50.2174,93.2866
51.5326,91.8768
50.8856,93.0355
53.0778,97.5137
48.8994,86.2507
49.7852,84.7126
49.962,88.4329
52.6168,91.4807
50.1032,96.3672
49.281,87.4122
48.087,81.8801
48.472,83.778
49.4426,86.7932
48.5984,84.7112
50.5976,93.7115
49.132,82.9795
49.8892,85.4491
49.8148,95.6816
50.369,77.5558
49.3302,83.8245
49.9522,92.89
48.792,87.5073
49.8728,89.7013
49.4316,92.5432
49.9434,95.5566
49.2296,94.2275
50.075,79.7679
49.4738,85.0073
48.857,78.5116
51.8534,98.5998
50.9724,92.5539
49.3512,85.1761
49.6198,89.7809
48.7492,86.9081
49.1184,88.6789
51.021,109.416
52.046,82.841
50.3388,81.6285
50.4074,99.417
48.9966,84.2357
51.1052,87.3444
51.73,79.2591
51.5886,95.5749
48.3928,85.4104
48.8114,96.0844
50.7558,84.9265
49.6952,87.3224
50.3422,97.6516
49.6304,99.2896
49.6312,83.5769
47.6132,85.5388
51.0976,90.6257
50.2432,93.4507
50.4484,95.1435
50.4298,88.5197
50.3846,80.2144
50.2282,89.1409
52.01,101.456
49.8734,90.0976
48.9134,91.7981
50.855,81.8256
46.8504,82.5809
51.9512,93.0369
48.536,90.5417
51.9412,97.8738
49.1522,88.7226
50.0112,86.0452
48.5228,81.9236
50.434,84.5823
53.346,100.634
51.3524,87.5179
50.518,87.7423
48.8632,86.8829
49.3338,84.8407
50.905,80.0354
50.203,93.1371
48.489,77.9807
50.574,84.5138
52.232,110.236
48.3254,88.3075
49.9862,80.5925
50.3926,91.5997
51.0196,90.07
48.8664,91.6118
48.2994,82.8308
50.2012,87.0202
49.0396,89.935
50.034,87.863
51.4526,95.9148
49.8056,102.039
49.247,93.1669
49.2428,93.9713
47.9226,87.52
49.3482,95.8254
49.2352,84.751
48.2056,86.7176
50.869,90.1469
49.6106,97.3371
49.8058,82.168
51.4376,87.5546
49.73,86.6093
53.0332,106.093
50.1562,88.5598
49.8394,83.3724
50.2062,95.5333
48.656,78.6974
51.901,96.4342
50.641,79.0728
50.4042,87.8236
48.7902,89.5625
49.8672,81.7905
49.3008,84.7058
51.0794,91.6196
49.355,84.1333
51.3478,96.4603
50.977,96.6778
52.7244,99.5642
48.7768,91.1435
51.3958,77.4268
48.318,81.7911
48.7326,91.8703
51.7442,71.1811
49.9838,99.0073
48.6368,91.4522
50.367,88.858
51.9514,95.2052
50.0808,83.93
48.6236,80.6873
51.4146,88.6449
51.576,90.2442
50.8936,88.6271
50.1364,102.124
50.0352,90.8247
49.247,83.3907
49.8054,86.2609
49.2408,80.7711
51.0394,90.9946
50.6846,92.1794
50.292,91.0531
49.0626,92.8852
50.002,96.8772
51.3962,81.8899
47.6988,90.1758
50.8976,90.4303
51.9982,95.1143
48.7436,79.3664
51.2942,84.0344
50.3444,84.6554
49.1278,90.4261
49.383,83.4991
50.8092,97.464
51.6266,91.7992
50.2252,89.9431
48.8776,92.8791
51.1406,93.1641
51.0708,88.3463
50.363,91.4429
47.7746,82.3253
49.9144,82.7512
47.7774,70.8506
48.6086,77.4741
49.5048,82.0689
52.7302,93.2679
49.0512,86.4239
51.6466,92.1308
50.433,86.9902
50.0626,77.6602
50.0222,87.535
50.3412,101.135
49.74,96.9225
50.5592,87.9546
48.9682,91.8219
50.7422,94.9966
50.375,94.4406
49.0348,92.1755
49.6246,89.1168
51.4118,89.9816
50.3042,88.8741
50.349,95.7396
48.9258,80.0055
50.843,103.225
50.4724,85.7027
49.4494,77.8233
51.1356,88.2433
49.5942,80.765
49.0348,91.6399
46.8756,76.2312
48.5476,76.3623
49.6294,85.481
51.1012,107.279
52.0612,95.0513
48.0046,85.8641
55.3436,99.476
48.8494,97.347
49.8912,81.1502
47.8262,80.8098
52.7308,98.5807
52.0324,100.129
50.311,90.6492
49.9148,89.9911
52.1814,86.9195
49.3444,92.6518
50.9336,87.413
50.1966,95.1864
49.807,85.8158
48.3182,81.8779
50.2882,93.0752
51.7734,86.6869
50.51,86.2973
51.2624,84.6372
51.3522,83.9952
47.6834,83.3376
48.439,91.9401
49.7978,96.8467
48.6408,86.712
49.3204,96.1372
48.053,78.4583
50.1882,89.3632
47.9714,92.3213
50.8688,79.4645
51.0576,83.6026
52.5296,96.6805
51.2854,87.4091
50.4068,83.3203
49.9504,89.1682
49.7804,85.9008
50.4586,83.2229
51.2024,87.3804
50.6022,88.9611
48.8582,77.2859
47.5076,92.687
50.3946,92.8317
50.5182,86.9611
49.369,88.3102
47.3696,92.604
51.089,83.0636
51.0296,89.9713
52.211,86.8759
49.6332,89.6415
48.9954,78.8285
49.3372,73.8294
47.991,87.7591
51.0976,81.506
53.243,88.9574
50.4026,109.936
50.5376,90.5552
48.3586,79.8585
48.7652,95.2834
49.4672,92.9001
51.8672,90.4275
49.0508,78.3818
50.3562,78.8444
49.6116,88.6986
49.9888,100.032
49.8052,92.5465
50.0824,94.8752
48.0188,87.371
50.2894,91.7025
50.4276,95.7791
46.4544,80.0323
47.2736,92.1983
49.9604,85.0386
50.9248,99.0625
49.5066,87.811
49.138,87.9522
49.7388,87.6725
50.1332,88.2396
49.689,81.8331
50.246,87.816
50.5026,89.9707
50.224,87.0541
49.7812,91.0804
50.0768,102.271
49.4606,82.5303
50.1328,93.6917
50.6486,84.2206
48.013,90.2781
50.799,90.267
49.5942,87.7265
51.0406,79.731
50.6294,89.7493
52.0408,95.4138
47.5074,90.7807
50.6428,82.1133
51.221,86.7142
49.6208,89.8416
50.755,97.5527
48.8828,82.7928
48.8256,94.3035
48.2924,86.7968
49.442,90.1526
51.3184,97.4048
49.2946,87.4819
48.4874,92.3869
48.6874,81.1794
48.6884,96.3683
52.5054,102.568
49.7636,90.7702
49.7972,83.9531
49.9566,88.4999
49.2898,90.9433
46.9558,80.068
52.5692,96.1235
49.495,95.213
50.291,86.6745
52.6744,97.2583
49.4382,83.0214
49.164,85.7343
51.3778,93.2603
51.6888,83.5271
49.587,95.2872
51.0352,89.9946
49.73,92.9319
47.7168,95.1389
49.9748,91.9885
50.3952,89.308
51.1754,86.3571
48.8846,85.5149
53.0302,94.183
52.2884,93.359
49.3366,85.0337
46.89,84.6224
51.0226,88.295
52.0104,91.7825
51.254,95.8343
50.2774,84.1438
50.9258,84.0994
50.2914,79.0756
50.5812,87.6576
50.2648,91.8587
49.6192,95.9505
48.6932,87.3301
51.4438,92.2554
50.0446,87.2644
49.1288,93.6092
50.2142,86.7144
51.4156,97.859
49.7818,81.1799
51.2672,89.6444
48.7162,92.8189
49.0162,82.1675
50.78,87.3179
50.5594,83.5577
49.7188,98.0011
48.7374,84.5523
49.7324,94.1154
51.1308,84.9168
51.4152,92.1233
50.093,94.2209
50.0026,85.6622
50.525,86.469
47.567,85.7066
48.9314,77.0484
49.0618,105.945
49.6508,91.8507
49.7886,98.1049
49.2086,81.4009
49.7428,89.4949
49.847,80.0994
49.725,83.8302
49.5812,102.962
52.0134,93.2526
50.23,92.1753
49.5634,97.147
51.171,104.202
48.1318,79.2683
50.7514,84.1002
50.6206,103.133
50.0916,96.6877
WO
78.6264,34.2497
81.6618,32.9229
72.0266,33.2533
71.4788,32.8834
73.5566,35.9404
75.016,36.8962
72.1274,31.6543
70.4208,31.7109
74.7884,31.6553
71.426,36.5789
74.4438,32.2284
83.9676,35.3348
88.1954,30.2058
75.5326,25.5527
72.9018,27.1763
78.5898,33.212
74.1818,33.6997
74.4014,32.6874
66.0432,36.687
78.2516,34.3439
73.0356,27.7883
68.3248,29.7672
77.311,32.3446
79.74,31.8932
71.7578,27.4793
77.9536,28.4117
74.6214,35.3574
80.5344,35.6593
79.3772,30.7784
74.5762,33.7348
80.8856,35.5691
77.5066,35.7396
71.8674,33.9907
81.4118,35.2409
72.957,32.8782
71.4738,26.5665
74.8016,34.2346
75.746,33.9198
72.8928,29.5488
81.375,33.2546
74.0212,27.7877
77.7022,31.1451
79.8304,33.3768
81.7322,33.1279
74.4892,31.1536
77.19,34.5091
65.1904,30.4788
71.2708,29.4353
67.825,29.6257
76.784,34.4376
67.718,29.425
72.1004,32.3222
66.4612,27.9085
80.5048,29.485
76.6542,33.1724
75.6386,26.7893
75.975,35.3444
73.5536,36.1818
76.3508,38.6629
72.3536,30.5461
76.858,29.6202
77.0582,33.1693
77.0142,39.6443
75.026,31.8469
72.5822,35.1119
76.6646,30.0919
78.546,35.9045
77.4836,30.8143
73.2428,35.4152
86.3998,34.1328
78.8124,33.7709
74.7008,28.018
79.2534,31.9099
71.0688,31.3292
83.803,35.1408
80.8684,40.2284
74.7316,34.6698
77.678,28.0118
77.381,30.1794
81.873,31.4517
75.1788,32.6777
76.2448,31.8528
70.6472,33.8845
76.769,32.6902
73.468,25.678
78.9446,31.505
69.2668,33.0456
69.3662,27.9314
70.2612,33.1791
66.3292,27.5845
81.625,29.8885
80.531,35.2316
81.9076,31.996
77.0284,38.7612
73.648,38.8166
83.1228,39.4632
75.746,31.0892
80.2072,36.1117
73.552,30.9652
90.2934,32.5015
75.9912,26.4558
74.314,35.829
80.4774,37.7889
76.37,32.3618
80.9718,33.8769
72.4628,29.4653
68.4498,33.9324
71.4924,26.9471
72.4454,31.1809
81.1406,30.9208
75.1376,31.1368
77.4032,40.3459
78.1568,28.2352
73.7432,31.1915
74.2858,31.5559
78.1998,35.5404
76.3386,31.817
77.531,31.8754
73.7514,35.1382
80.9292,42.019
74.828,39.4858
80.6158,35.7293
82.272,35.9437
76.2978,32.3434
75.0898,33.7211
76.0722,38.2814
73.4146,33.5388
79.9676,44.8196
73.4556,29.9945
80.532,31.2406
70.9218,30.6733
70.065,28.5437
81.2712,41.9612
73.7422,29.9165
74.6916,32.5767
77.0106,31.5255
75.5658,30.5499
77.215,33.767
89.775,33.0711
81.1874,34.3199
72.2262,28.3493
75.4448,38.9857
80.4722,31.3548
81.6236,33.3414
84.5124,34.691
72.3224,28.4672
75.7216,34.6626
80.266,34.5309
76.2672,29.0982
75.7392,27.6645
82.2398,37.2641
79.3676,35.7009
74.727,34.9081
70.7282,29.9839
69.2944,29.0246
78.657,36.5405
73.5438,34.155
78.4094,27.7295
74.2626,31.7684
77.0032,31.4561
76.0368,32.6303
83.6594,37.4197
73.3052,39.0725
74.6692,31.0156
77.4368,39.1886
72.656,30.7653
75.9702,33.8091
78.7044,32.9267
74.021,31.4064
79.4368,34.7074
71.4266,29.8226
72.0622,31.4011
71.1626,27.7916
67.4264,27.8323
66.6488,31.1418
75.407,37.9288
73.7528,34.658
71.0264,32.3008
71.803,27.6647
73.3852,31.5355
71.656,29.0564
74.289,29.6063
82.6144,36.0039
81.4136,37.8555
79.7152,36.6863
78.1632,32.4144
77.0368,33.0972
78.3008,31.8124
81.926,37.0519
72.6568,32.0451
75.6608,31.8588
76.8258,34.146
81.6668,27.0405
77.4636,31.8849
78.4372,36.5457
83.9262,33.7724
77.0888,31.7499
70.041,30.7429
76.2324,34.2238
79.2438,29.5792
77.0688,37.0939
75.1416,33.9695
71.85,30.7165
77.008,30.5456
76.9812,30.3151
68.3296,30.6655
71.6994,29.9234
79.3278,26.9611
74.9216,32.499
73.04,31.2537
81.5104,37.2707
79.4918,31.4197
76.1864,36.27
83.6908,33.2744
76.8178,29.9055
76.764,37.0675
67.3322,35.4129
77.8964,33.8631
80.0792,41.2996
78.6106,45.0234
70.8184,34.5607
73.5026,30.1708
80.2058,37.8799
74.77,31.8171
75.0662,34.9487
75.4862,38.7955
76.4234,40.1856
72.2314,36.505
75.1914,33.8975
68.529,27.9441
81.4656,29.5672
71.1592,34.4864
74.2316,36.2788
77.3388,32.708
72.474,36.7966
83.3566,26.851
81.7536,29.0921
65.8364,24.5914
76.6444,34.1977
74.016,31.0913
72.2662,28.5895
85.4906,32.8637
79.966,34.6757
76.9872,35.564
73.706,30.8533
76.5672,35.158
76.336,31.4598
72.5854,31.1812
74.6278,31.8495
81.5024,46.6877
75.0344,33.6752
71.5532,30.4504
75.652,32.1371
76.3336,31.5261
82.0238,45.2575
74.0286,32.8528
72.7948,32.8182
79.8058,27.786
74.9986,35.8439
74.058,32.8325
75.368,37.6326
68.3178,29.6247
75.3226,30.9109
77.2282,26.7098
74.5726,34.123
78.549,30.2388
73.2212,30.1595
70.464,29.8811
69.3228,31.3821
71.7466,29.8384
83.774,36.2777
78.2578,40.4129
78.7962,30.2534
69.7332,34.3603
72.0132,25.5788
75.5992,32.8489
72.7624,30.0028
77.351,32.3358
75.4254,36.6777
76.9456,31.6266
68.9156,29.4039
71.4304,30.1866
80.0286,31.5197
71.9994,40.4886
77.2488,34.4227
71.1894,35.0282
79.0336,31.0816
77.2962,31.3848
80.2236,36.2814
78.496,36.6024
77.5072,30.8498
80.7408,30.3746
75.5574,40.2998
79.1554,28.7987
73.689,37.0252
76.5786,26.4364
90.0146,32.6062
76.7668,29.1745
72.9822,35.0806
78.9292,32.78
78.6764,40.1853
81.8644,43.6783
86.576,41.7697
74.992,35.3984
80.6774,31.9538
82.6652,31.9123
74.3854,40.8101
75.9054,37.3532
84.2714,30.4782
80.1174,36.9715
77.6748,26.9938
80.926,33.7839
76.9516,32.2341
81.087,32.3203
73.2798,28.7432
74.838,32.9496
76.774,32.707
78.022,33.6081
77.8638,34.7684
68.565,34.5403
70.0658,36.6592
80.739,26.011
81.1886,31.5407
74.7394,26.1945
70.0298,31.5986
75.793,39.5391
76.4846,39.7267
73.4338,34.122
73.973,30.1568
70.7374,29.3918
74.6204,34.789
81.6874,35.5248
76.3866,34.1821
92.5104,26.7417
71.456,28.5731
66.0066,32.738
78.3444,31.0578
78.5716,31.706
77.0482,37.8878
72.6706,32.2478
76.801,24.572
86.2338,31.3313
74.58,33.3812
76.325,28.6876
76.0826,34.5892
78.8598,26.4717
79.4774,37.1612
71.5806,32.9662
75.3074,36.9394
76.8594,31.7723
75.3114,27.5516
70.303,25.2322
76.637,32.4479
72.286,36.2014
75.6306,31.0265
77.1444,33.8158
68.3804,32.154
77.6466,34.9806
75.1148,32.6705
78.0894,29.1089
74.174,35.1973
77.2268,38.5648
87.3828,35.8367
79.1878,37.2179
68.6676,29.9863
74.6784,30.1398
78.7864,31.58
83.485,31.1752
78.7368,34.7839
78.8686,36.8969
72.6382,36.9598
79.1898,31.112
77.962,37.7551
67.6992,27.3002
77.881,28.0498
70.4912,34.2824
69.9248,30.9049
69.8486,29.6128
75.412,36.3695
81.5732,33.6342
80.4664,31.3055
74.4042,33.3673
82.2814,28.7725
83.5758,35.209
67.7134,30.5328
68.005,31.0056
76.5888,33.682
77.5702,30.3674
73.7022,28.045
77.7908,31.7871
75.0986,34.4998
82.3816,30.4577
78.3416,30.5838
78.5758,34.9018
74.496,31.0585
76.3156,33.7094
71.5104,34.2303
74.0452,37.052
75.2218,30.7543
76.9156,29.2256
73.892,29.388
75.6744,31.2592
78.7608,33.5725
76.4564,30.2298
70.3488,32.093
85.3384,32.7638
71.7568,30.062
78.127,33.5642
83.303,27.1035
71.7208,29.1901
78.6768,30.248
83.2376,34.9723
79.2516,29.8863
88.3538,35.2703
72.0366,29.9967
67.2152,29.956
81.5308,32.6547
81.1706,30.1812
74.1222,28.812
75.7704,27.2448
70.8612,32.7868
82.471,34.4753
80.5632,41.8498
80.5796,30.0498
70.7808,29.7245
79.5218,34.4018
77.1466,28.1534
77.189,32.2437
74.53,34.2486
78.2332,32.1812
71.5936,30.8415
72.6648,30.0284
81.7842,35.4271
74.0786,33.732
70.766,32.2529
79.529,30.5972
69.6284,29.1712
74.737,31.853
84.0834,27.1908
83.3088,33.9242
70.9738,35.4768
75.431,35.3616
73.9958,29.1097
74.4258,29.2392
77.3198,31.3171
72.0826,31.7812
78.8532,33.1412
69.2126,31.2479
71.6988,31.3047
75.631,29.2225
73.9598,38.8704
71.9132,29.6492
76.869,38.9324
81.8906,32.2755
84.7298,37.7395
82.485,41.8018
77.256,36.8907
69.8622,35.705
70.3456,28.5965
80.5626,30.5574
74.0722,37.8847
76.4716,38.3176
83.3992,32.8772
82.486,31.8088
80.4804,30.4386
75.3482,33.002
72.219,31.0094
74.4792,30.6453
72.7216,34.6179
84.4552,33.7177
78.0256,33.3286
77.6878,29.3865
73.4716,31.8333
80.672,31.7138
70.9298,32.3738
76.7218,34.4199
73.7462,34.7594
80.7634,33.0605
76.6528,26.6554
80.3258,32.6389
79.7028,34.2105
67.4314,36.4001
77.6656,36.303
76.1082,30.2367
81.6368,28.4
78.4894,36.3781
75.1684,34.477
70.4286,34.5961
74.629,34.5535
72.7078,31.8679
80.8124,29.418
75.2388,34.7827
73.7922,28.6325
71.3572,33.7435
80.049,34.8933
78.3598,31.9513
73.3736,26.1578
81.4872,34.5015
80.8288,36.101
72.7304,30.1118
79.5974,35.0593
72.3794,31.6893
74.8264,28.7228
81.22,31.4599
83.3622,38.2568
69.3418,33.0838
72.6384,30.597
74.851,32.559
73.2754,32.0497
72.9548,26.7591
76.2614,33.0462
76.5938,36.7446
79.7742,32.4157
79.8148,31.5254
69.7716,29.6826
79.2698,35.7679
75.9586,25.9376
71.2394,28.0586
75.2598,35.1245
80.1982,29.4116
77.8568,33.0911
78.3012,30.8497
83.7516,37.9205
74.3654,26.0099
72.459,31.8737
77.6912,30.1609
77.4078,34.9372
79.2738,32.3667
71.6528,30.0736
68.6496,27.9167
76.964,29.2183
73.2256,36.3295
72.2754,35.5188
71.0916,28.9794
73.1732,34.972
72.5948,31.8287
84.3454,37.4716
74.5226,36.7092
78.8408,34.0351
75.8652,28.9842
70.0356,27.8481
75.0734,35.7461
80.203,32.523
72.3908,31.9291
71.0098,27.5511
81.9294,34.7584
75.7606,29.6785
83.1146,36.7029
79.3748,28.6237
68.8768,34.8335
82.768,33.4792
80.272,33.7086
74.35,28.9983
68.0616,29.3007
77.4554,28.601
81.4918,31.4289
67.6014,30.9863
72.1752,28.1082
72.8058,31.8395
79.3142,31.0991
72.8696,28.262
78.2776,36.1986
74.6398,33.261
69.7302,30.3505
79.7266,33.3721
77.0624,33.0484
71.4448,32.4639
73.006,32.5138
73.682,29.2433
81.0726,27.8462
82.1022,35.5109
82.9486,43.9225
80.2454,32.0614
82.4382,34.2008
78.122,35.0488
70.8998,31.7058
72.2502,32.9193
64.5292,33.5054
76.6808,29.7463
74.7752,25.5957
75.6012,31.9447
75.8132,28.6568
69.7722,28.1587
76.4846,33.0085
67.9104,35.0901
72.443,29.6191
73.5304,33.5009
80.3292,31.166
72.0096,32.5026
77.7364,29.797
73.5452,31.9753
75.0244,25.8029
79.8628,29.4222
78.9684,38.6503
76.9472,32.291
75.9344,31.0387
80.3904,28.2415
77.145,30.3253
70.614,31.8364
73.129,25.3075
75.642,36.1732
71.925,31.3451
71.9064,27.7021
78.0272,31.7016
76.1722,26.4237
65.7986,24.8564
74.7124,26.2221
76.725,32.0318
81.412,39.7323
74.9558,28.2254
72.965,30.392
79.3172,31.3305
77.7422,34.082
75.598,36.1652
79.2262,32.7622
73.1574,34.3349
79.277,33.1424
78.069,36.3371
70.128,33.263
78.7526,33.2928
79.0562,36.2559
90.376,35.6435
78.7282,33.7891
72.0928,36.1793
70.2174,29.3264
76.0918,37.7852
74.5848,32.9747
77.3918,30.7012
66.2986,27.7943
69.9046,32.3359
84.714,38.8343
70.3834,39.4852
77.113,35.6511
77.0318,35.3868
78.0548,35.2594
69.6202,35.9978
73.6862,38.8534
70.0186,34.1878
77.4152,35.1096
73.5552,45.5788
78.081,36.5556
79.9268,37.366
75.2288,34.2878
77.8094,30.822
78.5932,36.7202
74.7426,34.6033
77.4618,31.115
81.1182,27.698
70.6304,26.1937
73.8392,33.1559
74.5812,33.5545
72.4956,32.4233
70.4572,28.0325
82.4412,29.7723
72.4872,32.6596
70.6104,24.4241
78.9156,35.032
79.0942,30.6856
83.0254,29.2799
73.9468,28.9751
73.397,42.2425
83.655,34.5876
71.8782,36.486
75.5718,40.1787
73.1462,38.7018
76.3688,38.5562
66.3144,38.8692
77.127,32.1643
73.4496,28.1247
72.7618,31.1387
76.1524,29.9345
69.8582,38.3851
76.7564,32.0807
72.8004,31.229
79.875,31.7694
80.241,35.5912
77.101,32.784
80.1542,38.9617
77.743,29.045
77.7958,30.6374
73.8778,36.2572
76.2798,31.8588
76.26,34.1438
75.5432,31.5801
71.8398,35.4701
74.3408,31.9843
69.5616,30.6502
77.1284,36.111
73.5542,37.2595
78.177,34.291
77.4432,38.2993
83.8738,42.8238
76.3034,30.8464
76.6354,31.4427
79.3416,29.9934
73.8296,39.5447
76.33,28.8168
75.4322,33.1404
70.4788,34.8137
75.6356,28.08
71.0364,33.0323
70.9364,33.9573
78.1188,30.9149
78.7862,34.8309
75.4794,33.3743
77.429,38.2202
78.8296,31.2115
74.0914,36.1613
74.322,33.5004
68.501,32.4284
81.1214,31.0902
75.2558,27.3028
74.9458,34.1692
75.0684,29.847
79.1422,40.0081
72.8214,33.9235
68.8946,26.1517
75.9024,31.4301
71.224,32.042
80.9624,29.3598
72.8602,35.5803
73.2534,29.0192
79.0562,31.9454
77.9652,37.1838
78.789,32.7779
83.9794,31.5492
73.1854,36.009
72.5312,34.8018
73.5578,33.4451
76.1,28.1585
70.2826,29.496
75.9292,35.1427
77.1224,30.7244
66.743,28.293
67.495,31.8072
75.673,31.8382
78.9186,32.9969
73.8438,30.1664
73.4394,33.3907
74.777,31.6354
77.3026,34.0784
78.6596,31.3476
72.7178,29.7402
75.502,32.2134
74.5408,27.2375
73.3732,33.8877
76.9956,33.9989
74.4094,28.9925
76.7854,32.9932
65.2158,37.969
83.0488,33.7728
73.5432,36.3164
80.7968,33.2256
79.9798,40.4483
78.0286,34.1762
73.4886,38.2125
78.424,33.5555
81.2368,35.2136
80.3612,32.3532
71.6482,30.3293
73.8688,33.4328
79.5762,34.7866
81.3084,35.2682
76.4742,32.0713
76.9074,30.7912
74.6788,32.6271
72.0366,36.8102
73.5756,32.3139
71.6496,26.353
72.715,33.6598
65.2588,32.5114
74.0498,28.9733
76.1144,27.6133
72.9142,32.671
79.112,29.4065
72.9562,29.5913
73.8214,30.0485
70.1444,27.9432
79.0908,38.419
78.5596,34.4276
76.6194,50.5013
87.4204,34.1832
73.0028,39.4532
76.6164,33.2788
85.776,42.7307
74.8992,39.3677
78.6416,38.6751
71.8456,33.4899
80.4298,31.3545
76.5494,37.2101
74.229,31.995
75.1022,33.3958
79.067,35.1949
76.4428,37.5525
78.167,33.9764
76.0254,30.6985
67.7498,25.5263
78.4086,32.4037
75.901,26.2342
77.2162,29.7921
82.4008,31.0932
66.2278,30.5584
71.95,40.1189
78.2154,31.8257
71.4148,34.4108
77.7836,27.9617
70.2442,34.8903
71.9418,30.9384
70.4438,32.2817
68.0712,26.4384
78.1842,32.5283
81.0174,27.1848
74.5686,30.2461
78.8152,37.8507
76.1836,39.7415
76.5648,33.0101
78.4716,35.7752
70.0478,36.0081
72.978,31.0526
69.5672,31.5376
84.7476,38.5727
71.729,26.5031
75.6382,31.6454
72.5682,28.8119
70.2194,34.2875
73.3708,29.6028
76.1176,36.3478
76.064,34.6514
72.5412,29.7553
81.5634,40.6607
79.2962,30.2236
74.945,34.4773
78.3046,31.5548
77.5668,29.7676
72.853,37.9682
79.0908,36.7649
82.239,34.0468
71.7828,33.6151
76.3,28.3101
75.8456,36.4895
76.8502,39.8682
74.872,36.2284
75.7426,36.3623
77.2056,34.76
71.4496,36.4174
77.6542,33.21
72.6416,34.0068
76.168,38.2352
73.2944,35.1442
82.746,29.6943
69.2748,35.7767
71.4564,32.7747
85.1978,29.3272
81.8814,39.4841
72.8366,32.9489
66.4734,34.4274
69.5574,30.332
79.8184,40.0126
77.1806,35.2352
79.282,35.0169
68.0822,25.6955
83.0424,32.0104
71.8628,26.8716
80.018,27.7277
74.0034,35.1091
76.2508,30.2707
80.0308,36.2174
69.64,27.6909
68.9494,26.5165
75.4958,30.8011
78.6878,32.3528
81.923,35.2716
80.1458,32.9541
73.1206,33.234
75.2172,32.2841
75.2882,31.244
74.0496,30.3745
70.559,34.3303
81.0392,28.0067
79.6612,34.2333
76.4454,32.7404
79.9922,29.173
76.5044,29.6416
72.6354,35.274
64.176,29.8463
72.1624,41.9845
75.3732,33.5599
71.9786,33.283
68.1232,32.9136
69.3712,33.2588
64.927,29.9834
70.727,28.8277
69.391,26.986
78.5646,31.4563
82.5596,34.1855
75.4972,33.6971
76.1956,30.6575
66.1384,27.4064
77.7254,25.7148
77.4886,33.005
79.8984,38.791
79.6716,32.6034
80.2904,38.3376
76.933,29.9584
80.182,34.9137
78.458,38.2938
77.2492,32.3088
69.469,37.2423
78.1434,33.2179
81.1262,31.5334
73.806,37.8117
73.5108,30.8754
72.2958,33.2732
71.076,36.4219
76.133,35.6782
75.566,31.7009
74.4324,29.6538
79.295,30.7165
75.2274,26.9518
76.263,39.867
71.7934,32.7334
73.739,34.4353
71.776,33.1773
72.5516,32.9675
68.4006,28.1025
73.522,31.9507
73.1418,38.6268
79.0884,31.3988
71.1466,28.0801
67.611,27.6584
74.1058,32.7739
85.2998,30.6571
74.7598,36.9819
67.1534,29.3408
74.5926,27.5042
77.8654,36.5324
77.3258,41.2533
72.8398,30.6472
73.175,30.5804
69.6076,31.2004
80.2416,28.7465
65.1232,28.9597
78.2352,37.4784
73.6092,37.2596
82.0128,29.0409
84.1318,37.147
69.6146,32.9618
68.6,32.1734
72.051,32.0759
75.4308,38.4789
74.2106,37.3021
69.8496,35.1665
80.0888,35.7764
72.4606,27.0794
73.9378,36.6091
70.5916,35.9863
75.0974,31.5513
73.1796,30.3475
67.998,29.1879
81.1446,36.0374
76.7446,35.8861
81.5082,30.4441
68.569,32.1155
72.7648,33.0486
74.1216,28.2867
77.7368,33.3819
72.0706,36.2679
79.0452,24.9345
77.9434,33.0079
72.4808,35.661
67.547,25.1463
77.1088,41.1516
81.4506,37.1783
69.5422,31.4979
74.4208,28.1997
78.4606,30.1969
77.3106,31.3744
70.0452,33.2886
75.248,32.3662
79.4938,32.6858
77.4164,29.7597
70.3064,31.8045
77.9356,34.1987
76.7642,40.388
74.3602,36.4337
69.397,30.8177
69.0298,29.8616
68.0494,33.4623
76.709,29.5469
68.786,28.9477
76.987,37.35
79.5126,33.4195
78.6084,31.2225
71.31,34.1205
68.6824,32.0287
82.8832,28.1442
78.0338,31.7945
70.2648,35.7997
72.544,27.4715
74.292,30.0635
OPT
41.7016,63.5888
43.6016,68.4486
42.9034,73.0908
42.9854,64.8825
42.5948,69.8196
42.702,72.6399
42.4854,62.9655
41.198,65.0656
42.843,68.4874
41.639,61.1882
43.1164,67.2008
43.3184,66.9593
42.571,55.7091
41.43,60.6277
43.2824,66.6039
44.1684,59.5258
41.7164,60.421
42.2408,62.7946
41.7334,60.4278
43.4622,64.0632
42.6156,68.8165
42.3376,71.0418
42.4942,69.6029
40.9464,63.9254
43.3166,66.4927
42.3884,70.7121
41.479,62.1067
42.4122,72.8775
42.3076,63.9234
42.2824,64.7894
41.657,65.946
42.11,59.6799
42.8076,69.9411
42.9196,68.5631
41.8154,68.8346
43.8606,65.962
43.1624,63.9808
43.8472,72.1566
42.2738,58.5406
41.5894,62.5431
43.934,65.2909
42.9602,62.4514
44.0506,67.3085
42.5552,57.7945
42.6376,60.0436
43.5216,67.7638
44.0832,64.2215
42.7312,61.4277
41.9906,56.8874
41.842,66.5994
42.6986,59.9956
42.4594,68.9683
42.2656,57.4555
43.256,63.7246
42.7568,69.0884
41.6872,69.2996
41.9306,63.6113
42.9968,71.1647
42.6708,62.6366
41.8508,60.7625
42.8614,62.9471
42.5776,69.1024
44.164,65.869
41.5826,61.0147
42.3562,61.0296
41.7824,60.3853
42.53,67.3446
43.9964,61.3663
43.8414,66.339
42.6558,66.7724
42.9588,65.2566
42.4758,58.0111
42.889,66.6664
41.482,68.1607
41.5898,57.0254
41.8408,63.3644
42.1946,65.4052
42.1394,61.2864
41.8188,63.9894
42.1108,65.2569
42.9906,68.8237
40.9248,61.1619
42.1322,60.2816
41.6368,62.3905
42.66,60.3439
42.2018,55.4612
41.48,59.3878
41.8694,64.4226
42.2804,60.3727
42.5876,61.8774
42.0202,62.5235
41.8278,60.5255
43.7174,60.2094
42.8916,66.3405
43.4286,61.9561
41.5962,69.0113
42.0114,60.2773
42.9896,71.0982
42.466,55.1826
41.243,66.8683
42.5032,58.6501
41.9684,69.5864
42.7004,66.9281
42.6592,63.9649
42.4004,61.0862
43.0352,73.3123
41.9702,66.7771
40.8664,62.8558
41.086,61.8943
43.4868,73.9295
41.7252,58.462
40.9436,70.9009
42.1048,70.4857
42.9984,61.7141
42.0738,63.1493
41.4684,63.5733
42.5868,70.1789
42.5188,67.2586
42.6012,61.655
42.0072,61.9574
42.0664,62.349
42.602,69.5359
42.937,66.1768
41.8494,54.3858
42.1388,63.8853
41.7108,73.994
42.739,66.1765
41.2054,61.0111
41.8482,73.2086
42.6548,65.9695
43.9814,69.7539
43.4404,62.6569
43.0866,67.5054
41.1326,63.6624
42.2024,65.2957
43.6086,65.7252
42.7368,69.3101
42.3642,62.1857
43.1962,63.7003
43.214,70.04
42.3086,64.7916
42.4336,60.68
42.5684,59.5281
42.613,59.8237
43.8932,60.639
44.0968,63.8242
42.5836,63.4618
42.9776,69.323
42.958,60.7909
42.5742,67.1321
41.9596,62.0758
42.4648,63.1747
43.7016,66.1058
42.4036,55.1218
41.9738,70.2506
40.7316,60.0571
41.6174,62.2925
41.65,65.9136
43.0756,56.7007
41.8552,58.2291
43.1636,70.0236
42.15,68.3249
42.9082,63.4543
44.0218,73.8325
42.2292,62.4696
42.526,67.6615
43.638,60.5284
43.5464,69.8583
42.5456,54.8653
42.2294,62.8633
41.9098,60.7721
41.9578,66.8789
42.1768,69.885
42.8264,66.5125
42.802,62.5137
42.7824,63.5444
41.6628,54.7576
42.4194,65.4719
42.499,61.1839
42.2604,65.7321
42.731,80.1726
43.3688,61.9004
42.3204,75.5285
43.2984,60.6662
41.7026,55.21
42.4038,68.1483
42.0992,55.9447
43.3632,67.0367
42.0642,58.2674
42.077,65.7531
42.605,64.1817
42.897,62.5736
42.0304,64.2249
40.8292,55.6349
42.3394,63.5559
42.3044,66.7811
41.2182,61.4264
42.3302,64.4295
42.738,62.7971
43.0172,62.0198
42.373,65.5238
41.1608,63.384
42.173,60.9003
41.9288,56.2777
42.3696,64.7578
42.0988,61.9608
42.1206,60.6011
41.0434,61.0247
43.0456,60.4956
42.1468,66.0404
42.126,66.3824
42.7658,72.7305
41.3572,57.7712
42.8226,63.4187
43.4842,66.4803
42.3246,71.0229
44.1232,69.0065
42.4292,66.0155
42.1434,65.2425
43.7638,56.6517
43.1562,70.3411
42.8764,66.7151
42.9126,67.4034
42.0856,72.0089
42.8086,59.8832
43.0546,65.2858
44.113,76.7491
42.9702,67.2551
43.248,63.1189
41.9852,55.1161
41.5278,67.8069
43.9434,57.7162
42.973,57.686
41.7064,74.4132
40.9606,60.065
42.517,67.9326
43.5414,70.2956
42.9596,52.1706
42.484,66.3117
42.9774,59.5739
43.5944,68.2802
43.0258,55.2379
43.1058,69.5246
42.6708,60.7504
41.835,69.8209
41.9938,65.0513
42.5552,59.7498
42.6894,63.4804
42.2544,58.6683
41.935,68.3762
43.3128,67.1512
42.3258,53.9389
43.571,67.5846
42.6786,66.3763
43.9656,65.9884
43.1752,58.8857
41.5198,58.2367
43.043,73.6852
41.3778,70.2523
43.9394,69.3528
42.4584,61.2434
41.2584,59.1446
44.3638,70.9413
41.9702,61.6592
44.0284,65.2563
42.8116,64.6259
44.1256,66.0092
45.0154,60.4478
43.2338,62.7626
42.9208,64.0145
41.8052,62.4297
44.1268,65.8337
41.9406,56.6349
42.1922,58.7132
42.3046,61.8078
42.8754,71.1186
43.3978,56.2285
42.1628,58.6987
43.2506,67.3854
42.6244,62.5986
43.3204,60.9453
42.686,66.5444
41.249,59.3537
44.8332,69.992
42.916,60.4686
41.9768,63.0627
44.027,63.2879
41.8428,66.0804
41.5872,55.1645
41.1502,58.9306
43.8836,63.1771
43.3608,59.0829
42.0628,69.7604
42.223,63.2728
41.8706,62.0073
41.5446,67.5585
40.9102,64.6167
42.2282,64.2374
42.2752,65.1944
44.5012,69.5856
43.0366,63.8438
42.4812,65.9745
41.9836,62.2195
41.8434,69.7315
41.055,55.954
41.8246,66.2264
42.7082,65.2413
41.689,58.7901
42.769,71.4646
42.8606,66.3448
42.8402,59.3197
42.517,61.4807
41.585,64.1059
42.841,58.3874
43.9374,70.5947
43.9466,68.2288
43.5388,70.2063
41.8846,63.4237
43.018,63.6289
43.0582,67.9011
42.2806,74.2083
44.1084,61.6607
43.0004,55.1929
42.2604,63.7383
41.661,65.0816
41.613,62.3517
43.5104,63.1852
43.7982,62.9176
43.038,66.9518
41.6188,64.0336
43.4902,69.463
42.8322,69.8906
42.0542,65.4461
42.8962,64.4632
42.9348,69.942
42.6496,62.7071
42.6674,80.1017
43.1068,63.4201
41.4982,68.9156
42.084,55.4406
42.4814,61.3698
42.3782,60.5745
42.8106,57.6161
41.2138,68.297
42.4912,68.436
43.18,70.7878
42.4278,61.6584
43.0488,60.0985
42.262,60.1873
43.3556,65.2264
42.1782,62.4161
41.7086,59.0841
43.0858,62.3373
41.8882,63.235
41.7622,57.1529
42.1936,65.8655
43.2906,70.3503
41.491,60.8007
42.007,65.5019
43.1594,66.1072
43.2056,76.2245
43.3166,62.8392
41.4724,63.8952
42.0168,62.7919
42.4224,64.4574
42.346,64.6795
43.3844,74.5971
42.64,63.4916
42.2262,71.9117
43.575,66.4128
43.0176,58.9512
43.028,64.1003
42.64,66.301
41.8548,62.5716
42.3916,62.4638
40.6828,64.6336
41.898,58.3499
42.3892,67.0807
42.3174,64.2227
42.6988,63.3029
43.133,67.1288
43.8622,72.0962
41.9966,58.5719
41.7918,59.5273
41.4174,66.0734
41.9588,63.264
41.8132,67.6725
41.9268,61.8961
41.9378,59.1012
43.059,73.1203
41.9454,65.4337
41.4768,68.5036
41.3746,61.854
43.7534,68.7491
43.8146,69.7623
43.2728,62.3515
42.4228,58.6241
43.5482,66.0074
42.7148,68.1486
41.0438,59.3308
42.2384,54.833
43.718,60.9106
41.7498,64.001
42.1742,64.4125
42.1558,68.7129
43.0336,71.1592
42.7698,64.8932
41.7662,60.1051
41.5522,63.4431
43.4206,64.446
44.7496,64.8882
42.2766,63.107
42.4174,66.9662
42.8504,61.0731
43.838,69.141
43.3796,60.1961
41.9502,58.5096
42.6134,59.8297
43.0146,63.1799
42.5528,62.9133
41.1508,61.37
42.3056,64.3604
42.9844,66.4186
42.6944,60.0518
43.0116,63.575
41.807,64.5514
43.2692,65.161
43.0212,64.4185
41.6498,61.26
41.6162,61.4675
42.6512,63.0571
43.7492,67.5483
43.809,59.6449
43.1228,66.3145
42.7152,57.2969
43.7582,64.0626
43.7484,65.7333
41.9938,60.6226
43.906,61.5751
43.2224,58.3023
42.3294,73.8852
41.5942,64.8497
43.818,70.6398
42.6344,58.5016
42.7146,64.8157
41.636,61.977
41.9142,58.4044
42.4914,66.8205
42.035,66.5529
43.052,69.6091
44.036,61.7439
40.9244,61.2371
42.958,62.8456
43.573,63.5718
42.6878,60.7406
44.1534,70.4846
42.3984,60.2973
42.2846,64.0105
42.1936,61.3371
42.7058,59.0793
42.444,65.0967
43.1042,61.3821
42.9158,62.2444
42.48,66.6813
42.6018,71.6227
42.9436,66.3152
42.2826,55.0561
41.9096,67.0894
43.5018,58.466
41.481,59.2144
42.4514,69.7393
42.3922,61.1282
42.8176,62.9339
42.4592,61.7832
42.6586,66.1706
42.6636,60.0382
42.6926,58.4795
43.2178,65.8603
43.5558,67.0936
42.475,65.7269
42.3532,63.9704
41.85,63.214
41.9362,60.7923
41.2754,62.3679
42.4088,71.7289
43.4236,61.3046
41.4508,57.9025
42.2508,63.7503
41.1288,58.6806
41.7432,63.5268
42.2794,71.668
43.59,62.6183
43.1906,56.9434
43.3376,59.9782
42.5066,62.9567
43.2092,62.4681
41.9696,65.7439
43.4784,78.1493
42.5628,69.2927
41.1562,66.5046
43.1402,63.8091
43.1146,61.2907
42.9488,74.821
42.8856,53.388
41.2582,63.6948
41.8886,70.4963
42.6006,58.0533
41.812,64.418
41.7764,66.2189
43.0402,62.8495
42.5738,62.6569
41.3294,60.9181
42.1658,69.1335
41.7974,66.4053
42.3324,69.7861
40.9664,60.1726
42.5392,62.9711
40.8842,61.3034
42.0504,63.3207
42.14,66.8441
44.0514,73.2849
40.9528,62.3562
43.3222,64.3107
41.954,64.3638
42.4728,57.4279
43.64,74.3333
40.8756,60.6619
42.7834,61.4472
44.9456,68.5693
43.335,69.2539
43.2898,70.0992
42.2978,68.7557
44.2426,68.0228
42.0208,58.1249
41.9786,66.3979
42.1502,63.6681
42.4956,67.4047
41.9296,62.3116
43.516,60.5828
42.6806,70.3521
42.2848,68.8341
41.87,66.7584
42.5306,58.7328
44.1306,67.7145
41.6578,59.8021
42.6866,64.8306
42.4112,54.0205
43.4024,76.5702
42.5582,69.0465
42.224,74.7642
42.0664,71.2725
42.8718,64.5107
43.127,69.3194
43.134,60.0663
42.7044,58.6374
42.9232,59.3019
41.9554,65.2972
43.5722,70.9635
43.7208,63.2898
43.597,75.2571
42.48,66.939
43.5442,69.9474
43.0216,68.3811
43.934,64.7139
41.7084,62.0006
41.4614,61.5354
42.0868,71.5523
42.6338,69.457
42.916,69.2513
42.4866,57.9718
43.2732,68.7995
43.1062,62.2549
42.5856,67.2735
42.0502,62.12
42.0322,61.986
41.9988,62.5823
44.4972,62.6521
43.1662,71.5992
43.4578,66.7797
42.9338,67.6814
42.9002,64.2804
42.6154,72.7529
42.1302,62.6372
41.4408,63.8356
42.3804,62.9576
41.241,58.5443
43.11,56.5185
41.8892,66.2341
42.312,70.8419
41.8596,56.1451
42.7346,66.5833
41.6064,67.6831
41.4114,63.7956
41.519,64.5788
45.0978,67.0014
42.0776,56.3178
41.7698,59.0166
44.1644,69.3279
41.5678,61.1009
41.866,62.179
42.2148,59.0893
42.5434,59.9293
44.2764,67.0372
42.838,67.6131
42.1054,60.6249
43.3188,69.7493
42.7162,70.2243
42.3462,61.2682
41.665,68.0076
42.9018,68.3063
41.6022,60.3106
42.5914,55.6629
42.9364,66.1932
43.1674,64.3761
41.4958,63.2921
42.9458,69.5174
41.976,58.7817
42.4664,55.4652
42.7136,61.6597
42.9194,67.8363
42.6048,69.7813
43.3816,58.6413
42.1248,64.8849
42.0084,62.0996
42.7054,64.7804
42.9876,65.2438
41.0272,62.3245
44.4854,64.727
42.3012,59.4415
42.4416,65.8213
42.977,61.4949
43.2886,62.0546
43.8658,63.7709
43.6374,67.5436
42.4014,65.4435
42.7766,77.2822
42.267,62.0229
43.85,68.4026
42.5668,60.257
41.5056,58.6053
41.9482,68.4596
42.9302,64.0119
42.6076,65.306
40.8454,59.3558
42.9772,66.3371
42.2554,61.9341
42.9814,58.3167
41.4248,56.9263
42.9258,73.1367
42.3278,64.8741
40.867,66.4831
44.3708,58.5066
42.6082,65.7539
43.3452,76.5915
42.4874,70.847
42.8606,68.6441
43.1106,66.74
43.5392,69.5554
41.9828,57.2382
44.1942,64.3781
41.9942,65.6532
42.3618,62.3033
42.919,62.8676
43.8072,68.1786
42.4394,68.1383
43.9338,61.0861
44.05,72.2738
44.4728,61.3795
42.4402,71.9003
42.2376,62.0479
41.8176,62.9226
43.1976,64.2244
40.7154,68.1117
41.8336,57.7196
43.9034,58.6757
42.2936,64.6734
41.6712,61.7316
42.9358,65.2062
42.1446,59.4769
41.3584,64.8677
42.8868,61.4054
41.9458,60.0692
43.9484,67.5078
41.8826,66.703
43.5682,61.3878
42.5722,74.2275
42.6622,65.9355
40.8604,58.0869
42.9804,73.4899
43.5978,66.7782
41.766,67.5445
41.537,61.5962
43.6922,71.5454
42.6438,67.8208
43.1578,65.6598
43.1308,59.9124
43.1654,60.5261
43.4604,67.3606
42.88,59.7655
42.764,64.2428
41.663,57.8822
42.7306,59.0037
41.9482,64.3523
42.6678,73.2994
42.5664,61.4937
43.2598,58.6783
41.1996,59.7226
41.9588,65.0236
42.9318,62.9379
43.4028,56.2416
42.8096,71.6295
42.5932,60.6684
42.1026,60.4599
41.84,67.4209
42.3602,64.173
42.7152,70.4202
44.321,61.2192
42.8968,76.9685
44.2598,75.5401
43.6072,58.1496
42.3368,59.9239
42.9714,67.9397
41.9348,63.2574
42.047,59.9019
43.0594,73.1228
42.878,62.9819
42.0336,61.1737
43.973,77.5204
42.4474,66.9943
42.075,64.1583
41.5448,64.9029
42.5174,59.626
42.2568,59.9435
43.136,59.7222
42.169,70.351
42.0378,69.865
41.9634,65.6891
42.168,64.1904
43.5936,71.8427
40.738,61.7996
42.0204,65.5641
41.3674,63.2135
44.5932,79.0332
43.3464,62.1994
42.5712,58.8034
42.4744,60.5462
41.5636,65.8617
42.43,61.263
42.408,68.5151
42.9888,63.4543
43.0084,62.6973
41.6654,65.5439
42.0316,61.1515
42.162,67.0383
43.2386,65.2863
42.885,63.3314
43.6606,66.1905
43.6988,70.1745
43.7696,68.3492
43.485,62.7239
42.059,70.582
42.0492,68.6195
43.3928,70.4279
43.1136,58.5634
42.0106,59.6989
41.6542,61.0642
43.3396,68.7149
42.3368,67.2314
43.4162,66.4183
41.9888,56.7786
42.815,62.6882
41.9848,72.3067
42.6502,68.6369
42.1458,61.2289
42.6594,69.1395
41.8288,69.8977
42.462,65.0552
40.961,65.8578
42.8778,65.7854
42.3076,67.0753
42.9082,63.8069
41.1076,66.2439
43.0244,61.7011
41.541,58.9919
42.9182,61.4913
43.1856,64.1522
42.621,62.3201
41.953,67.1178
42.5638,56.3826
43.9488,60.303
42.6154,61.4903
41.955,65.7547
42.9944,71.4919
42.6822,69.3539
42.4476,70.5637
44.4262,68.1992
42.5994,63.4068
43.4756,68.3922
42.1272,58.4772
41.68,59.7423
41.5346,62.762
43.0268,70.6541
42.24,59.4077
43.049,71.2902
42.1728,72.0895
41.053,60.0322
43.6206,56.3842
42.0228,60.5082
41.728,67.6015
42.3616,68.3215
43.2332,63.0693
42.0034,71.1729
42.7118,63.5676
43.1474,71.8668
42.7246,59.4496
42.2872,65.1249
41.9432,58.1507
43.7842,70.386
41.9462,66.374
41.496,65.0475
42.5862,71.0607
42.8404,64.1799
43.03,60.2377
43.128,63.8036
42.4902,64.0312
42.3228,69.9937
41.6996,66.346
42.2608,65.5017
42.1104,67.4267
42.7878,60.8336
43.1536,78.5319
42.7456,65.6712
41.6542,65.9391
43.1036,68.4139
42.1274,61.1083
43.3388,64.2054
41.4242,62.2
42.0154,62.3808
42.718,69.704
43.6152,64.6887
41.9028,59.8123
42.8286,61.4804
42.0508,57.8388
42.3428,62.0135
42.4298,66.0188
43.2968,64.072
42.8072,60.7873
42.1452,59.4286
42.3332,73.549
42.5152,62.4436
41.962,60.0527
42.8592,70.8644
42.669,62.6725
41.3912,59.835
41.634,65.8442
43.541,69.5481
42.3512,66.2182
43.013,70.6094
43.1834,64.519
43.4688,57.6921
42.839,63.2232
41.3566,65.8741
42.4486,62.584
42.369,68.3122
41.9018,60.7029
41.8726,62.9124
42.4482,66.0045
42.1444,72.2827
42.336,67.5614
44.374,60.2571
42.3884,71.3953
44.327,71.9899
42.6074,70.2831
42.8428,66.0904
43.1246,60.5355
42.1378,59.4328
42.811,72.8891
42.4228,64.2429
43.9714,75.8283
41.27,61.4917
42.7416,67.2609
43.8178,70.6805
42.0706,67.6651
43.707,65.5681
42.1662,71.2035
43.316,62.6379
43.0688,55.6351
42.7898,54.9107
41.6382,59.8072
42.4678,61.5712
42.9152,64.2255
43.4796,69.1078
42.0634,62.733
42.12,69.511
43.0702,67.7561
40.9836,69.5522
43.732,67.5987
41.7618,63.8459
41.8506,61.3967
42.75,58.2428
42.6686,60.3121
43.242,68.6129
44.1464,61.4627
41.8902,63.7305
43.7658,66.4552
42.0322,65.9838
41.8404,55.353
41.9064,63.1964
42.3752,64.7317
43.0596,67.5185
41.974,73.6235
43.6652,56.9122
41.876,61.1181
41.7636,64.6862
43.5766,63.6191
43.9058,69.8508
43.2058,63.1207
41.8192,59.2764
43.6832,52.8702
42.8384,63.0477
41.037,63.7343
42.2076,68.2151
41.1086,69.2827
43.0562,67.085
41.6754,66.6994
42.6952,66.7489
41.5382,59.5467
42.2834,57.231
42.7628,63.4884
42.6846,56.7987
42.8334,64.7421
40.7588,63.9887
42.2952,63.2573
42.9246,60.653
42.938,68.1915
42.6688,67.3033
42.182,62.2464
42.1824,65.7085
42.343,62.8805
43.9368,61.5829
42.0464,70.8069
41.8116,55.4825
42.76,60.6618
43.0472,59.1022
42.6094,67.6756
43.1666,71.6972
44.127,70.2359
42.1482,67.4187
41.4046,66.1535
43.7712,69.8201
42.6738,62.5806
41.2706,68.2217
43.0682,69.2945
41.4786,64.7423
43.2828,67.4862
43.1372,63.3208
43.0406,67.8548
41.8222,60.6926
42.9348,62.6363
43.7536,62.2354
41.5026,63.0735
41.9372,59.9753
42.021,61.4864
41.6664,69.212
43.1136,74.0617
42.3388,55.5871
44.1396,66.573
41.5584,58.9368
43.5058,60.7485
43.3986,58.3784
42.6112,67.3434
43.8146,65.2356
42.576,59.4271
42.0764,58.097
43.304,60.8729
42.7754,63.9082
43.5962,61.431
43.3522,61.0471
43.9162,63.7761
40.807,60.3725
43.87,62.7993
41.1164,61.8233
43.3918,62.8143
42.3204,64.4862
42.3842,65.5275
42.6592,62.4243
42.3108,66.7158
42.6546,70.5622
42.8592,69.6911
42.024,62.517
42.6556,60.198
41.4294,66.0959
43.1318,64.0539
42.1358,61.9647
42.1862,58.0383
42.0118,64.8251
43.3584,68.4323
41.7124,67.13
43.6858,72.758
43.7654,64.4419
