0 7 1
0 8 1
0 9 3
0 10 5
0 11 1
0 12 0
0 13 1
0 14 4
0 15 4
0 16 6
50 13 0
62 7 4
62 8 6
62 10 2
62 16 5
83 9 3
83 11 5
100 13 6
124 7 3
124 8 2
124 10 4
124 16 5
125 15 3
150 13 3
166 9 4
166 11 2
186 7 1
186 8 2
186 10 6
186 16 6
200 13 5
248 7 3
248 8 4
248 10 2
248 16 2
249 9 2
249 11 1
250 7 5
250 8 0
250 9 2
250 10 1
250 11 4
250 12 3
250 13 5
250 14 5
250 15 3
250 16 1
300 14 3
312 11 4
333 8 1
333 10 5
333 13 0
333 15 5
333 16 3
350 14 5
374 11 3
375 9 0
400 14 5
416 8 3
416 10 5
416 13 3
416 15 4
416 16 1
436 11 4
450 14 1
498 11 1
499 8 6
499 10 4
499 13 4
499 15 5
499 16 3
500 7 5
500 8 6
500 9 4
500 10 2
500 11 1
500 12 1
500 13 6
500 14 4
500 15 5
500 16 1
541 8 4
550 7 2
550 9 3
582 8 6
583 10 4
583 11 5
583 16 5
600 7 2
600 9 6
623 8 0
625 12 4
625 14 1
625 15 0
650 7 3
650 9 1
664 8 1
666 10 6
666 11 5
666 16 2
700 7 0
700 9 0
705 8 2
746 8 6
749 10 5
749 11 2
749 16 3
750 7 5
750 8 0
750 9 6
750 10 6
750 11 2
750 12 0
750 13 1
750 14 3
750 15 0
791 8 0
791 9 5
800 14 4
812 7 3
832 8 5
832 9 5
850 14 3
873 8 2
873 9 3
874 7 6
875 10 3
875 12 5
875 13 4
900 14 2
914 8 2
914 9 0
936 7 1
950 14 0
955 8 6
955 9 2
996 8 4
996 9 6
998 7 0
1000 7 3
1000 8 1
1000 9 6
1000 10 3
1000 11 1
1000 13 4
1000 14 0
1000 15 5
1000 16 0
1041 15 2
1050 9 2
1050 16 4
1062 14 6
1082 15 4
1083 10 2
1083 11 3
1100 9 4
1100 16 2
1123 15 3
1124 14 2
1125 13 2
1150 9 3
1150 16 0
1164 15 2
1166 10 2
1166 11 1
1186 14 1
1200 9 6
1200 16 4
1205 15 4
1246 15 3
1248 14 0
1249 10 6
1249 11 0
1250 7 0
1250 8 5
1250 9 3
1250 10 6
1250 11 5
1250 12 4
1250 13 5
1250 14 3
1250 16 4
1291 16 0
1300 8 5
1300 11 4
1300 14 4
1332 16 1
1333 10 5
1350 8 6
1350 11 0
1350 14 0
1373 16 0
1375 12 4
1400 8 1
1400 11 3
1400 14 0
1414 16 1
1416 10 4
1450 8 1
1450 11 2
1450 14 0
1455 16 1
1496 16 1
1499 10 4
1500 9 3
1500 10 2
1500 11 5
1500 12 0
1500 13 2
1500 14 1
1500 15 1
1500 16 0
1550 12 3
1562 13 1
1583 11 6
1600 12 6
1624 13 3
1625 9 6
1625 10 6
1650 12 1
1666 11 6
1686 13 0
1700 12 2
1748 13 2
1749 11 3
1750 7 1
1750 8 6
1750 9 6
1750 10 6
1750 11 4
1750 12 1
1750 13 4
1750 14 3
1750 15 4
1750 16 5
1812 7 2
1812 8 3
1812 9 2
1833 12 4
1833 15 3
1833 16 0
1874 7 4
1874 8 2
1874 9 0
1875 10 1
1875 11 3
1875 13 6
1875 14 3
1916 12 2
1916 15 5
1916 16 5
1936 7 0
1936 8 4
1936 9 3
1998 7 4
1998 8 3
1998 9 5
1999 12 5
1999 15 0
1999 16 1
2000 7 6
2000 8 1
2000 9 3
2000 10 1
2000 11 0
2000 12 3
2000 13 4
2000 14 4
2000 15 0
2000 16 5
