Greedy
52.5982,1301.02
52.0024,1690.61
49.731,1025.59
50.3516,2022.09
51.081,1445.47
52.0658,1486.48
52.8004,2877.55
50.9828,2494.6
53.1314,2207.74
53.5386,1299.66
51.0038,1349.53
54.2662,1967.27
53.1102,2403.79
49.8614,1715.58
52.652,1257.82
51.5594,1759.07
54.9682,2556.44
52.4442,1764.52
51.8646,1200.08
50.7268,892.282
50.3954,930.19
51.2498,1613.56
50.7524,1988.37
53.1902,1586.51
49.406,2010.41
50.8798,978.7
51.3524,1648.56
48.2586,2537.71
49.5454,1170.9
50.7396,2435.09
53.4998,1491.71
52.2098,1869.57
50.2344,1363.84
51.7732,1790.38
48.8342,1859.75
51.3796,2183.74
49.6702,1664.45
51.7238,1139.36
48.877,1109.87
52.4766,1942.65
53.243,1339.22
50.6768,2775.2
52.114,2165.25
50.132,1703.03
52.6708,1494.16
50.0522,1385.46
54.216,2942.26
49.674,1503.6
52.2396,2208.03
51.3148,3478.78
53.8526,1842.42
51.424,1669.95
52.3416,2651.52
49.9738,1178.45
52.0052,3602.35
51.2196,2000.34
52.3168,2499.81
51.596,1374.22
52.642,1289.89
49.7974,3819.44
51.7616,1273.56
51.9436,2595.92
51.6394,1980.48
51.8362,2388.88
51.2704,2313.35
51.5578,2849.32
53.676,4211.86
53.4648,3186.81
52.2082,1616.79
51.8774,2453.48
53.5202,3239.12
50.8242,2025.9
52.6518,2132.97
49.1712,2467.22
48.9204,656.563
52.8174,2007.88
49.714,1837.55
48.2124,983.514
51.3394,1896.94
51.3542,3582.36
50.7276,1351.38
52.8824,1959.07
52.8378,1828.63
49.6764,2536.41
51.033,1956.66
52.1564,1505.64
50.6076,2147.62
50.6548,1570.1
50.2246,1418.29
49.2178,2111.5
51.4226,1919.92
50.5518,2379.68
52.2374,3243.36
49.0922,1286.54
49.541,1087.68
50.736,1493.78
51.1152,3906.33
53.768,4910.82
48.208,900.437
51.1362,2657.2
50.988,2719.66
53.573,2676.48
49.628,4245.12
51.3892,1996.35
54.2552,1139.95
53.4854,2488.82
48.291,1610.57
50.4826,2879.83
52.369,3119.45
50.8524,2493.39
50.6778,619.721
55.8944,4033.69
54.4532,1836.79
51.8592,2965.99
51.8114,2829.01
55.0512,1881.77
51.901,939.862
51.9252,1604.74
50.0516,3632.55
49.5946,1291.67
50.6128,3803.17
48.5208,1931.37
52.0914,1199.06
51.841,1273.95
50.549,2598.44
51.0602,2215.64
49.5892,2955.4
51.2884,2328.41
54.0388,1945
52.2464,1565.12
51.7698,1608.26
51.3784,796.599
53.0848,1192.86
53.3802,2576.59
51.6458,1577.95
50.614,2406.41
49.2116,2691.02
53.0912,1537.47
51.4366,3487.04
50.1188,2228.59
49.9324,1459.1
53.1696,1946.16
50.2804,1812.63
52.3982,3385.11
49.1918,2814.93
50.5774,2801.05
53.1028,3095.29
51.3562,2539.3
51.4486,2136.55
51.888,2246.89
49.0514,2388
51.1214,1773.53
51.4318,1778.52
48.2998,1857.48
50.6196,1366.43
50.833,1950.71
50.5818,809.407
51.0214,1896.67
51.5352,1208.58
53.2774,1982.88
53.6928,1542.68
50.9056,2433.62
49.4656,1429.06
51.6078,2118.22
50.203,3710.79
53.658,1799.8
51.61,1654.75
51.8038,2588.67
49.598,1443.99
50.9346,2007.53
53.5776,2298.08
49.7646,1330.72
51.3318,1852.08
50.302,1933.49
51.886,3002.36
52.9944,1750.72
52.7086,2245.82
52.8158,1169.52
49.784,1987.18
52.6564,2686.88
50.0764,1411.03
55.9594,1977.77
51.0736,2507.3
54.3108,3470.67
50.059,3969.52
50.4216,1726.07
50.276,2021.39
51.4446,1853.44
50.2378,1768.97
51.9384,905.98
50.8774,2876.26
48.6722,1883.73
50.08,2925.32
51.9038,2728.5
51.065,2014.8
50.8564,3145.95
50.8156,1288.61
52.2598,2361.9
52.4924,1114.26
51.0794,1485.4
51.8846,1860.47
50.2778,2390.37
54.0238,1142.29
50.4258,1439.67
50.2726,2355
53.0008,2205.23
52.0256,1745.96
53.0844,1987.95
49.5374,3493.49
50.0032,2029.15
51.9764,2664
52.8272,1720.34
49.7518,2126.04
50.5864,3344.78
53.4152,1362.16
51.8962,2282.86
49.9138,1968.97
52.3852,1828.78
52.1188,1848.32
51.8154,1507.67
51.2364,2075.05
51.638,1336.98
52.9646,2414.49
50.3646,1329.2
52.9466,2605.77
52.1106,3106.16
49.3836,1041.6
51.4618,2254.74
52.9672,1115.59
53.6176,3114.18
49.9616,2003.71
51.1424,1882.44
50.1754,1542.19
51.7848,1577.58
50.9998,1673.19
52.0846,2108.11
53.3296,3172.69
50.9958,1298.4
49.4106,1224.66
52.821,1991.07
54.5316,2847.52
49.5856,1037.65
52.029,3008.88
50.5424,1318.72
51.7104,2619.98
52.1024,2428.11
50.7852,1101.66
52.674,2536.6
50.6366,1079.16
53.084,1314.83
48.7186,2040.79
49.9738,1048.67
50.8976,1847.34
53.8738,3602.01
51.5654,2345.34
50.0924,832.872
50.8762,2078.95
51.3966,2525.56
49.1862,2974.04
50.5658,1561.54
55.0448,1380.24
53.4452,3122.82
52.9498,2367.63
48.6044,1312.66
51.2278,1966.99
50.2288,1466.94
48.7808,1155.2
51.2604,2325.45
53.5288,1987.16
50.3468,2067.3
51.1262,1439.4
52.736,2219.98
52.4988,683.506
52.8596,1350.13
52.1106,1355.14
51.8154,2101.26
54.1456,4559.08
51.3372,2493.34
50.923,1028.94
50.1446,2123.48
52.2038,3607.41
50.3012,1559.75
49.9496,2247.48
50.3022,2511.37
50.194,1898.21
49.64,1871.85
50.6338,1756.79
55.1856,1869.2
53.3554,3157.27
51.5516,1814.26
50.9418,2878.94
50.4616,2260.86
51.1064,549.665
50.4146,2506.91
52.207,3086.95
49.1248,1537.55
50.7686,2839.46
51.7414,1701.85
54.6682,2379.38
51.849,2675.06
52.8538,2878.03
52.8534,1742.24
51.2382,2317.63
53.3406,1224.94
51.2922,3116.44
51.268,3961.51
50.6438,1679.83
51.8598,2137.84
51.533,3821.87
49.9532,1323.3
51.1766,1407.06
52.0294,1773.69
54.906,1239.5
53.1444,1679.51
50.5416,1909.62
54.5034,2638.93
52.2378,1496.35
50.4326,1137.07
50.8038,2514.11
51.9884,1739.21
52.8462,1127.44
53.2272,2244.89
50.5954,3461.63
54.8374,2684.01
53.1502,1228.62
50.5726,1321.43
51.5572,2232.57
49.4812,2959.86
51.1816,1774.74
52.3698,4539.89
50.3842,859.22
51.5698,804.278
52.0488,644.633
50.0224,2183.01
55.1346,3050.4
49.4348,1865.54
51.6346,1586.78
50.6234,1224.04
51.162,1573.32
48.3002,2294.49
51.0436,1489.13
51.9292,1527.24
52.2656,2504.17
52.679,2683.66
50.7626,1538.54
52.1244,2259.85
51.8916,4114.34
51.5402,1548.72
51.772,3256.24
50.4026,1116.25
53.5956,2310.07
50.1648,1856.58
52.6368,2724.71
49.7028,1779.07
50.7656,1531.63
51.1838,1320.88
53.4214,2497.6
51.451,1806.83
49.9698,2248.75
52.75,1735.15
51.3644,1731.71
51.0882,2462.34
49.3706,785.794
53.7714,2620.52
54.6458,762.293
49.2872,1143.68
49.0358,1828.84
52.2966,1571.79
49.2744,3238.24
52.1908,2815.09
48.7966,1843.53
52.3866,2102.01
53.6402,1421.89
50.924,2748.4
51.2122,1593.2
52.5486,2397.06
50.9912,1862.95
49.616,1620.66
50.323,3035.97
52.3294,2227.49
47.3694,1167.44
48.4238,1727.15
51.0872,1332.02
51.0506,2130.32
49.4578,1701.7
51.7568,1328.48
51.607,1943.93
51.4174,3417.82
50.4532,1698.21
53.046,2117.78
50.0076,2457.37
54.0964,2575.42
50.5322,1312.48
48.6756,2018.31
53.4068,3324.58
51.663,1856.36
53.6616,1979.69
54.6974,1388.84
52.0918,614.948
54.196,1366.55
51.4618,2710.1
49.194,1618.45
51.1216,2925.11
52.3492,1711.78
52.3968,1752.46
50.8194,2236.87
50.1102,1215.91
49.1886,2675.53
51.639,2717.53
52.54,3264.24
51.8734,2139.03
52.1112,1540.36
50.9932,3679.3
50.955,2016.7
50.781,1954.33
51.7856,2039.95
53.4694,2782.88
51.888,960.661
49.6334,1952.23
52.0898,4006.48
51.0402,4384.13
50.391,1420.58
49.511,870.612
52.9562,2556.98
52.2394,2973.26
51.2382,2357.08
50.8596,2295.73
52.156,2104.21
49.751,1140.73
50.6734,1873.58
53.3066,5440.26
52.6824,1431.49
50.8384,1829.12
52.3908,1974.51
55.6596,2003.1
52.3906,1878.5
49.4692,1137.19
49.104,857.22
50.9266,1668.37
50.0204,3943.17
50.654,904.865
52.7276,1800.17
50.2794,2946.94
51.7978,2001.02
51.7268,2438.64
53.4068,3115.62
49.0484,2136.52
51.8764,2257.01
54.4616,2971.77
52.8272,2629.78
52.7416,2236.04
51.1054,2450.57
54.6408,2172.88
50.0724,1696.07
51.5116,1358.59
52.5422,1720.3
51.4522,2486.34
50.5656,2230.03
49.7908,1147.25
50.7988,747.998
51.674,930.329
53.2802,1842.47
53.3754,1731.54
53.362,2139.44
51.0916,2230.59
51.487,2050.8
50.9884,3247.43
48.7838,2158.63
51.604,2090.15
52.3596,2527.56
56.8566,1878.22
50.28,1246.23
48.8212,2290.52
51.1014,1832.18
51.506,3670.89
49.9656,1869.43
53.2216,1324.89
52.2358,3101.09
53.9432,2332.78
50.9446,2533.01
50.741,1696.1
50.4608,1442.67
48.9542,1372.93
56.5168,1311.62
51.5246,2008.59
54.437,1611.25
50.8336,2090.56
51.3078,1246.02
49.5532,1452.29
54.5212,2510
49.4038,1119.56
51.6078,1664.81
50.0654,1201.38
50.932,1642.75
50.6312,1835.08
51.423,1197.66
51.0872,1054.83
53.9798,2467.94
48.798,4029.95
50.7314,2872.84
49.4476,2239.23
53.0744,2319.1
52.8802,2370.97
54.597,2411.38
52.6214,977.323
51.5742,1535.72
51.5998,2338.62
51.3432,2313.75
49.3458,2318.68
51.7038,2641.76
53.9144,1332.82
51.932,2821.53
51.1808,2464.25
50.0704,2236.76
53.511,2155.01
52.8316,2432.13
50.6288,1028.39
52.7062,1589.88
52.0748,2101.94
48.7994,1413.68
50.7952,2943.86
52.9928,2361.32
51.3992,1780.4
49.1808,1825.4
53.6648,938.351
52.2518,642.848
52.6956,1870.01
52.4584,3041.9
48.5034,2209.72
49.516,1366.68
51.42,1606.24
51.0238,3269.53
50.2544,794.211
51.3294,1700.02
50.971,1373.3
51.801,1297.27
49.667,1652.27
49.5528,1527.12
50.167,762.602
50.7462,1913.89
54.8434,1383.09
50.1218,1560.2
53.5786,2010.72
51.3898,2590.17
49.8904,2856.96
52.4252,2486.11
51.7658,1149.41
52.2982,1582.78
51.7066,1856.91
50.241,2627.17
55.8926,2485.59
51.1868,1332.07
49.6054,2808.16
53.7942,1697.67
52.2706,2276.03
51.4076,1845.4
48.812,2402.24
52.2896,1776.4
53.4122,1598.09
53.0438,3078.51
51.9476,1978.36
51.404,2198.19
51.3096,3314.87
51.4318,2026.56
50.6658,1430.53
50.9224,3263.53
51.3172,1831.14
51.5618,1874.84
52.8608,1853.34
51.4074,1516.25
52.7792,1814.72
51.344,1447.4
52.1614,2810.24
50.5344,1712.12
51.595,1974.54
52.5062,1966.62
51.6936,2420.74
50.2664,1914.36
50.8012,2185.11
51.8986,1123.15
51.4234,1837.26
50.3302,1476.8
52.8062,3767.06
50.556,1732.9
54.073,1271.88
51.8784,2587.81
49.3732,3266.33
53.9612,1581.7
50.4634,1820.87
50.9936,3474.09
50.9216,1211.26
51.9092,750.404
48.9452,2104.01
50.6206,809.77
50.0284,3481.59
51.2014,1698.09
52.702,2570.1
51.2012,2396.87
51.8352,852.581
48.4404,1908.22
51.716,2144.92
51.061,2524.93
50.2872,2056.48
52.4796,1301.77
49.9756,1356.67
50.1692,3127.14
52.3122,1952.39
48.66,1403.73
53.054,2343.53
51.7102,1190.95
53.2944,1941.23
54.772,1479.01
51.9556,3225.05
50.1258,2250.3
50.5224,3312.82
52.1528,1748.46
49.5462,1848.34
48.5312,3267.65
51.148,2936.26
50.2868,2979.11
51.955,1147.89
50.9592,1887.19
50.8184,1317.51
49.8436,1624.53
51.5702,1825.48
50.3266,2385.35
52.7904,3358.11
52.5388,1432.6
49.7116,2227.78
53.2976,4442.87
49.486,2883.2
50.145,2328.41
50.2334,2027.05
53.3676,1144.44
54.3552,3143.21
52.0418,2469.54
50.4154,1574.04
53.2684,2165.6
49.089,601.119
52.2338,1195.06
52.3784,1854.33
48.5154,1058.86
53.9226,2980.18
51.914,1011.22
50.9032,2088.45
53.1108,1419.67
52.1084,908.772
50.7556,5390.57
52.3206,3212.01
51.4028,4076.68
52.1252,3718.62
52.0838,2180.22
50.514,2588.35
54.2208,1339
48.6118,1572.79
50.459,1564.9
49.2432,3019.47
52.2922,1405.97
51.9044,1038.35
52.0338,2465.3
51.6158,2309.84
51.6952,1600.89
50.6148,2323.57
52.0452,1895.68
50.937,3181.64
51.5684,1329.67
52.4672,2567.76
51.6122,2732.54
50.4944,1907.88
54.2914,2928.04
50.353,2804.28
50.3304,2477.7
49.7106,2211.64
53.0392,1994.51
51.2434,1704.91
51.668,1674.15
49.0652,2549.12
54.4028,2602.63
52.6456,1835.45
50.2646,3005.85
53.353,2075.4
50.8348,3281.88
52.2372,1119.51
52.5022,1745.71
50.5612,1279.22
50.3404,1855.02
51.4654,3032.37
49.5256,1083
51.384,1622.1
52.294,951.296
51.8088,862.767
48.2384,2538.03
50.5418,4102.2
52.51,2594.99
50.5494,871.876
47.1722,1822.33
55.9772,1171.4
50.4494,2232.92
48.7624,1650.37
51.4424,1342.08
49.856,1746.13
51.3364,2291.47
50.821,1528.99
52.389,1822.16
51.4588,3248.03
51.417,2229.13
51.6396,2057.35
52.3042,1615.72
52.8068,1538.82
53.1624,818.097
49.7936,1693.6
53.8738,2556.34
53.7642,2365.63
52.5672,1199.73
51.9962,1120.98
50.9554,741.977
51.3468,2086.67
49.1178,2025.14
50.5158,2017.92
53.1052,2439.93
51.9586,1610.12
50.6702,3107.92
50.1684,1055.62
50.5486,2393.25
53.0234,2759.42
51.7996,980.485
50.6474,2786.7
53.1388,1700.09
51.5404,4004.05
51.2854,1093.87
51.2266,1523.13
49.4584,2231.4
52.5348,2197.36
53.2578,1176.22
50.1586,1427.58
51.1186,1670.95
52.3856,2154.93
50.7996,2259.41
51.77,1669.13
52.879,1800.64
51.6046,3271.19
51.6854,1737.3
48.246,2336.5
52.3394,3371.89
50.7668,1888.25
55.4082,1681.74
50.9122,2181.11
51.6086,1563.9
51.0904,1428.76
51.3862,1374.78
50.634,1163.14
54.1266,2118.47
50.522,2071.52
49.0524,1084.63
51.9406,2047.19
51.538,1831.28
49.7376,3672.74
50.9046,3805.64
50.2818,2377.11
52.2846,1556.98
51.3284,1060.81
52.1984,2536.44
50.0944,2131.37
51.209,1621.07
54.1388,1662.96
53.1832,2663.9
52.5918,2108.44
50.9818,1513.8
54.5426,2062.3
53.0848,2307.66
52.031,1133.16
51.1754,1697.58
51.6628,1717.67
52.4666,1714.28
52.7522,1484.3
49.6298,2278.29
48.1282,1686.89
50.89,1658.01
50.3514,1791.58
50.079,1218.99
52.7278,953.497
50.3886,1329.57
52.7356,3878.59
53.333,1551.6
51.0316,1948.99
55.1488,1094.1
49.8814,2017.46
54.8276,1790.52
51.9742,1043.65
52.3834,1690.37
50.9966,3051.13
50.2686,1753.17
50.7192,1565.46
50.918,2532.3
52.7958,3045.17
51.8482,1823.54
52.729,1686.42
50.6018,1923.64
51.544,2969.74
53.7044,1905
51.474,1460.21
51.4196,3055.42
53.4418,2958
52.2872,2884.5
52.3934,3194.07
51.1864,2578.9
52.4518,1971.27
54.3568,1770.24
47.5314,2935.07
54.0022,2709.56
51.3244,1807.01
50.6524,2650.44
52.6738,1415.86
50.2038,1073.51
49.4204,1688.29
53.794,2720.6
51.8668,3638.13
50.3018,1301.15
51.2188,2633.54
53.0182,3262.91
50.8954,1389.29
52.7608,1351.46
54.8216,1312.4
53.425,1656.68
54.0088,1264.89
52.305,1197.33
52.5686,2058.57
51.2772,2900.38
49.5372,2384.31
48.9644,1302.41
53.0926,2181.78
50.6588,1414.82
53.9184,3031.39
52.9312,2724.07
51.1932,1903.54
52.4318,1967.62
50.655,2452.21
50.6542,1291.01
53.5888,1465.14
52.0702,1635.57
51.9432,2065.04
51.1576,998.298
50.6542,1969.17
51.5662,1239.93
52.7754,1215.68
50.9812,1170.47
51.057,1847.59
51.4034,2504.81
50.457,2679.55
53.164,3249.74
48.3592,3134.3
48.9138,1054.51
51.0244,1846.09
52.0218,1497.77
50.8024,1409.12
52.3024,1464
53.982,3739.78
55.1302,2260.17
55.7554,1692.96
51.43,2018.18
51.077,2037.58
51.363,1856.22
49.114,1502.39
51.9464,2662.96
51.8204,1359.37
50.3176,1490.7
50.8848,1160.28
50.1768,3497.11
49.2644,2038.76
50.4496,1577.41
52.3908,2391.03
50.8464,2058.18
52.1578,3405.73
53.1214,1895.96
51.924,1065.67
48.914,2501.14
50.4868,2952.6
52.0066,2179.81
51.0398,3610.75
52.681,2438.84
51.5356,1449.26
53.1394,1421.29
50.5844,2644.03
51.9834,1950.52
52.245,860.998
52.5526,1389.08
53.5106,1947.36
51.6646,2478.42
49.6152,1778.56
53.0314,1508.75
50.4044,1302.41
51.7528,2305.69
52.5074,1915.9
52.271,2177.96
51.4724,1223.91
52.079,3286.5
51.7788,2419.87
51.891,1705.64
52.2546,2915.91
51.7494,831.176
48.925,1508.98
51.6068,1931.43
48.9978,2041.84
50.5218,3679.15
51.8512,1569.01
51.548,1634.89
53.3348,1993.38
51.7914,1128.28
51.1208,1648.96
52.7586,2207.54
49.5492,1837.72
51.4428,1541.27
52.6368,2815.82
48.4642,1663.44
50.9262,1444.79
52.3746,3583.95
53.4656,1514.88
51.6026,1931.95
49.2606,1472.91
51.968,1960.84
53.4904,2023.57
51.2516,2318.76
50.7568,2588.66
49.5262,3390.63
51.2588,2663.01
54.3792,1747.51
51.2432,1055.1
50.8008,2318.65
51.0766,2471.49
48.2058,1701.26
52.368,1932.02
51.9344,1389.47
51.3342,1071.79
50.2148,1622.53
53.432,2071.55
50.7988,3428.37
51.624,4054.41
49.7746,813.36
52.2174,1802.82
51.2084,1013.6
50.201,1781.45
53.4656,1909.64
53.6446,1878.93
53.1592,1947.05
51.8768,778.495
51.4296,3095.18
53.7062,2060.74
53.5528,1508.1
52.1018,3341.44
51.5686,2171.06
49.8762,909.986
48.735,1129.16
49.1614,1562.66
52.6096,1584.08
50.9624,2086.26
49.3618,2692.81
51.8774,2065.55
52.9772,1492.71
50.299,2837.33
52.404,1176.72
51.1236,2134.99
52.596,1892.13
51.9008,3853.81
54.1246,1990.51
50.301,1118.21
50.915,1932.59
52.618,1994.6
54.6998,4581.29
51.3122,3480.29
52.3876,1943.5
48.5482,3837.79
52.8764,2412.87
53.7584,2286.39
51.4768,2183.06
49.2734,2676.57
52.6088,3000.46
53.9324,3736.08
52.8956,3447.66
50.5594,3950.07
49.7128,2668.18
53.6118,1909.44
52.988,2824.18
52.0312,1518.85
49.6122,3485.89
52.402,2743.35
51.8916,2702.3
50.5076,4145.22
51.3482,1410.96
51.4816,1039.37
54.6084,1951.11
56.6972,1283.02
51.6606,1830.09
52.8064,1105.34
52.7044,1551.44
52.433,1364.57
50.3808,1646.82
52.3926,1265.01
50.8894,1174.19
54.0188,2113.9
53.5694,2572.99
SD
48.6248,677.334
48.1542,854.652
50.6044,494.748
49.6384,428.822
48.4462,441.428
51.4836,474.455
51.5106,409.483
48.5234,420.952
49.3606,1512.67
50.0408,492.227
49.483,443.097
49.1054,396.172
49.1102,428.471
49.2804,417.342
50.264,1635.28
51.4622,470.295
53.1462,498.036
50.3896,471.265
51.7676,455.954
48.3864,430.017
50.1598,1169.44
48.9262,421.333
50.4842,1055.39
47.7886,1292.09
49.6326,429.554
48.937,404.737
50.3038,456.234
49.591,460.294
49.4204,437.132
51.107,2061.89
48.2458,434.207
50.4246,393.144
51.2968,1215.04
50.3402,463.101
49.8034,438.947
49.1872,1131.74
51.409,450.636
50.6932,385.243
51.3962,566.844
48.8772,727.281
49.0924,449.715
49.7242,452.173
50.4302,488.265
49.2116,423.455
51.3932,465.349
52.625,445.794
49.0416,716.916
51.6134,447.071
47.846,445.972
49.6324,983.505
47.9996,395.417
49.265,841.65
48.8018,474.576
52.3298,783.352
49.3124,483.683
48.7598,388.873
50.509,1062.4
47.1618,417.839
50.0728,466.884
49.2126,467.033
47.373,1050.63
50.4938,442.119
48.2568,423.186
51.129,414.287
50.17,478.607
49.9274,421.692
50.2102,449.31
49.3886,362.579
49.4576,399.885
51.1508,409.965
50.2146,463.777
47.0372,520.868
48.8072,426.161
49.9194,1331.7
49.3028,666.612
48.3386,551.023
50.989,751.919
48.1132,1272.96
50.5926,476.599
48.222,410.372
49.1168,385.308
49.3412,432.018
50.5014,464.092
49.7724,439.293
48.8146,437.938
49.2392,397.536
47.4934,383.649
47.2654,416.973
47.3774,397.688
52.7158,429.635
48.3206,413.967
48.0682,459.415
47.4616,393.97
50.104,954.131
49.322,439.281
50.2352,672.126
50.2844,423.595
48.6946,419.113
48.5232,525.477
49.0882,461.132
50.4266,687.848
49.0694,377.089
50.029,405.486
50.4202,461.435
49.9268,573.092
50.776,463.051
48.275,399.315
48.508,1100.58
49.6194,431.971
50.4188,392.053
50.1204,418.182
49.873,412.934
49.659,438.235
51.6582,413.543
48.184,427.28
47.4928,412.222
47.8352,491.784
47.675,393.734
49.3768,730.459
48.7074,368.212
47.8684,510.94
50.0836,477.641
48.865,428.561
50.9812,635.239
49.059,445.653
48.4064,493.651
50.017,392.31
50.6608,1783.94
49.6334,431.16
48.9784,399.501
50.42,433.35
51.3316,379.603
50.112,467.381
51.2708,442.809
50.0358,419.545
48.433,751.509
48.0856,732.564
48.4694,441.97
51.2366,440.773
49.251,520.534
47.6022,408.614
49.1166,398.663
49.0552,410.186
48.1938,378.781
49.5232,448.084
48.93,966.871
50.1894,447.954
49.6938,398.915
47.3742,613.651
50.2328,481.607
47.537,385.804
48.6764,409.658
48.625,460.318
49.4516,431.401
47.861,443.663
50.9558,441.047
48.941,475.608
49.5256,467.487
49.4274,744.025
48.5114,389.208
50.2952,395.885
51.5006,418.279
50.6696,438.237
50.6684,428.154
49.7622,442.472
51.1144,421.719
50.0502,1058.99
49.8212,414.771
49.8976,486.976
49.6632,436.517
49.6812,382.708
51.4716,485.953
47.7934,418.266
48.4504,382.253
51.4664,466.451
47.877,1577.44
50.8072,455.849
48.633,1268.06
49.5688,402.388
50.312,698.894
50.3366,408.963
49.5154,1245.11
48.095,1319.71
49.613,407.665
50.271,447.877
49.4566,416.735
49.0556,428.438
46.684,736.877
48.0164,439.104
47.6766,405.567
49.0446,395.51
51.5506,459.085
49.0758,498.939
49.388,433.071
49.9346,1583.38
49.5558,442.689
52.696,514.75
50.8498,1552.96
49.144,424.997
51.3358,766.2
49.957,414.956
48.1868,403.762
49.0008,387.949
49.9534,498.575
52.4956,440.465
51.3584,447.234
50.5436,464.278
53.3578,549.892
47.3436,579.662
48.6582,398.957
50.555,528.879
48.1012,753.393
49.8826,459.193
49.2254,424.771
49.8866,428.446
49.2898,1537.76
49.7002,491.868
51.1526,392.516
49.0302,811.894
49.6184,434.854
48.296,1275.94
46.1214,380.998
49.3838,816.67
49.2708,435.376
50.749,678.541
50.0458,415.765
50.487,398.751
48.6328,709.423
48.5564,395.548
49.9722,452.937
49.8106,426.463
49.6358,686.79
49.1198,423.413
49.4986,423.275
47.2844,414.454
49.3584,437.623
49.0254,434.497
49.991,1070.62
51.426,403.377
51.6772,435.945
47.7408,432.013
49.4548,449.948
47.5178,421.309
49.4058,545.968
48.9902,432.554
49.5824,452.45
51.2444,463.33
47.5538,547.1
49.1422,424.126
49.542,401.425
49.0956,647.754
49.8626,475.878
48.5346,385.085
49.7976,424.373
50.7102,512.136
48.6456,409.505
51.3776,458.277
50.1896,404.584
49.879,477.458
48.8932,383.333
49.3822,381.831
50.6586,805.416
49.1166,412.138
50.0928,434.467
49.651,393.175
50.7334,449.523
48.017,428.79
50.2472,429.774
50.7016,960.244
49.1758,429.983
48.8822,1012.77
49.491,573.05
49.9564,469.697
48.2356,412.557
49.4578,882.449
49.4492,414.28
49.0284,401.948
49.7526,420.237
48.4894,909.324
49.5504,440.372
48.1706,400.978
49.7564,418.214
50.7084,400.775
49.8816,433.093
51.4978,481.723
49.3064,1667.95
50.4788,1067.07
50.3258,483.758
49.1478,418.041
50.4888,773.645
51.22,444.1
49.8426,445.507
50.6344,392.122
49.3106,394.665
49.8468,450.987
52.337,1138.84
49.3696,397.473
50.0312,441.28
49.8986,415.57
48.0896,420.031
50.0008,419.341
49.6322,442.695
48.9986,432.25
49.2488,423.041
48.305,435.968
47.9786,389.101
49.7574,490.182
49.3164,448.706
49.7574,475.873
51.052,935.643
48.293,396.068
49.8176,413.026
50.7166,403.808
49.5668,464.913
52.1004,469.686
47.5636,411.003
48.4718,359.766
50.8346,483.535
49.3472,412.061
48.9558,758.038
49.479,669.362
47.471,416.972
49.1746,411.045
48.785,839.809
50.1444,385.277
49.9052,578.05
48.4622,626.054
49.3448,584.523
48.2074,438.315
51.8406,445.477
50.8372,639.558
48.0512,404.882
47.5004,394.93
49.03,417.064
49.9902,444.661
49.3032,440.955
49.343,363.182
48.3946,953.135
50.8408,400.262
49.5964,455.925
49.1762,1033.2
49.2468,526.675
50.0306,421.488
48.8614,406.055
50.637,1221.59
50.542,443.382
48.8,1170.64
49.921,738.732
50.318,407.744
47.7564,708.7
50.1786,416.221
48.6102,423.523
51.8828,454.697
50.0364,580.579
50.0034,413.652
49.596,412.54
47.945,404.659
48.8686,988.898
48.091,754.817
52.2206,390.566
49.8104,431.913
49.836,401.418
49.3016,446.386
48.1284,382.585
48.5688,384.774
49.0066,450.37
51.3946,485.273
50.589,426.164
49.4458,597.366
48.1598,433.33
51.1356,1131.45
48.4936,416.872
50.0366,760.731
49.0278,409.336
49.9912,478.741
49.2928,1051.95
51.5422,456.097
52.3506,429.632
48.1244,401.379
50.02,443.482
48.6942,347.818
49.5776,429.619
48.477,2094.54
47.778,425.63
48.8312,1048.18
49.1232,428.175
50.3688,432.821
48.7614,413.994
49.9132,452.376
50.3908,847.842
49.9994,430.946
51.7768,465.362
48.087,409.365
48.3814,843.246
49.2724,414.772
47.9234,426.386
47.9704,420.879
48.3046,402.619
50.63,670.066
51.1146,439.988
48.705,379.386
51.0558,530.724
49.4394,473.708
49.6998,427.749
49.481,1185.33
49.744,443.828
49.697,425.819
49.666,405.507
50.1868,455.72
48.025,372.83
50.2586,405.81
47.7974,436.346
49.1182,844.243
50.3188,512.447
50.5882,472.955
48.2506,529.637
51.096,408.761
48.205,443.406
49.8568,887.153
49.632,419.311
48.552,415.551
49.9502,420.687
48.9078,408.496
49.6374,503.897
48.6546,411.88
49.855,867.495
49.2896,384.094
49.1902,448.151
50.6574,694.692
49.8554,423.463
48.6122,453.681
50.2584,414.335
48.7538,406.591
49.7434,444.094
50.1394,485.516
49.3672,449.54
50.0476,1382.07
48.7534,458.221
49.0402,389.479
48.217,998.819
51.2656,674.676
49.9498,406.293
50.846,431.181
48.6746,1035.93
47.6054,548.03
48.6706,446.92
51.1178,487.192
51.4282,394.812
48.066,665.739
50.3174,809.344
50.3714,786.013
47.152,386.395
51.2712,1316.3
50.35,452.885
47.4792,459.051
50.0598,1998.57
49.1136,713.577
48.684,425.573
48.877,424.786
51.7832,433.691
50.6814,433.108
50.9006,468.563
49.3282,481.331
50.572,478.188
46.671,404.473
48.2012,706.775
49.4014,457.945
50.8504,853.398
48.3172,401.654
46.8952,358.392
50.4046,447.865
53.084,1965.75
49.7536,2331.9
47.8564,364.017
49.5186,385.416
49.474,674.729
50.3698,429.763
48.7354,414.95
48.9376,1094.53
48.5246,386.96
49.2308,414.609
52.107,452.614
49.1814,393.595
49.1046,722.072
50.4392,408.918
53.7922,462.709
49.703,426.903
47.8126,1190.66
48.8496,419.427
47.8104,435.259
48.5318,995.634
49.4252,394.526
49.0422,537.655
47.7154,415.225
48.3756,713.345
49.557,436.547
50.6,459.18
50.7882,435.271
49.4902,453.282
51.0878,399.062
47.502,730.006
49.246,431.845
48.9352,1191.97
48.853,524.122
48.635,442.41
49.8596,466.064
48.9594,417.284
52.2002,997.669
49.9074,462.098
52.3768,496.363
49.0932,390.318
49.2726,371.951
47.0912,374.991
48.8944,399.248
52.5594,416.757
48.3484,393.316
49.0642,420.455
48.2976,416.555
49.0486,415.886
50.9976,1023.81
49.7992,423.299
52.1058,603.988
49.0224,444.473
47.6394,355.472
50.371,431.311
49.6032,775.722
48.689,406.096
51.1132,445.603
48.8502,467.488
48.3454,406.746
49.4604,426.888
49.1504,400.668
52.288,505.025
48.697,418.253
47.6012,1132.11
49.1704,425.765
51.1394,485.011
48.4396,413.089
47.1174,917.063
49.2926,436.318
49.1834,421.123
48.2806,431.004
48.9462,1019.23
49.715,405.344
48.7566,381.819
48.7902,742.866
49.2812,407.691
48.5004,396.427
50.163,945.49
51.4494,590.237
49.9802,445.812
49.8142,560.172
49.6488,443.234
48.6666,993.981
49.1344,462.86
50.7038,415.38
48.9998,456.141
50.614,458.551
48.2054,417.666
49.827,938.356
47.6862,665.74
48.6268,600.868
50.3568,435.152
48.3026,409.285
51.4148,1062.89
49.1376,936.348
47.4668,1167.8
51.945,474.65
53.1126,434.389
51.232,1166.63
49.2084,432.377
49.2358,420.408
49.986,395.379
49.5368,927.722
49.5294,440.853
47.9842,389.891
48.3012,417.687
51.1996,416.2
48.6102,441.146
49.2794,382.46
51.3056,444.811
48.7936,699.544
49.2814,402.187
50.7532,393.903
51.0488,376.065
51.003,438.109
49.2198,413.189
48.8348,1076.21
47.4862,395.312
52.3196,485.482
46.7374,383.194
49.6406,481.976
49.1212,432.683
47.2616,412.428
48.4926,392.917
51.8862,464.22
48.8856,398.985
51.0136,400.897
49.0328,431.529
50.0208,1389.42
50.145,448.596
49.328,632.354
51.0328,433.095
48.1992,402.227
49.8862,416.53
50.2798,449.276
48.7476,561.485
49.6538,390.251
50.0976,432.141
48.5838,3023.39
49.6496,472.389
48.969,396.336
48.6366,410.276
48.6392,1494.92
49.118,433.789
47.9366,510.336
48.687,812.494
48.6086,414.856
52.0636,541.149
50.511,615.889
48.3604,989.721
49.6768,435.985
48.8392,421.745
48.6924,789.499
51.065,2294.58
49.0022,888.309
50.981,433.966
51.7388,437.669
48.6646,409.105
51.7266,445.65
48.7586,785.4
50.6734,424.71
49.0184,421.169
50.56,1196.7
48.781,584.993
50.598,697.862
48.198,406.341
48.7378,426.173
48.6894,1220.46
50.491,429.626
49.2708,368.812
48.5888,1636.7
48.042,382.268
48.765,428.687
50.9878,497.956
49.532,411.83
48.7702,453.986
50.4456,902.768
49.8728,741.857
49.3288,445.104
50.797,390.86
48.9278,402.353
48.668,501.577
48.5446,384.886
50.396,412.32
50.3162,404.184
51.1884,414.979
48.6904,401.222
50.006,429.934
52.7126,547.478
48.0674,432.824
51.2728,423.19
50.3624,728.999
51.6816,470.474
52.05,465.318
47.9368,408.606
48.595,390.708
50.5188,468.899
49.3852,646.25
50.2978,436.875
48.5546,386.327
52.2822,470.154
50.6524,454.285
49.794,1232.49
49.4462,448.017
53.4364,502.126
49.6782,533.907
50.4708,445.685
48.067,448.334
50.1838,436.33
49.032,422.726
50.2982,430.654
47.7414,440.749
52.609,425.892
49.3468,419.852
51.2276,517.359
49.5776,463.46
48.8698,389.039
51.4534,498.136
48.737,453.719
47.9158,387.329
52.0762,429.408
48.5668,404.195
48.0406,1059.4
49.5814,938.478
51.3126,821.098
49.8696,421.213
49.6076,689.63
50.5278,404.453
48.3964,425.531
48.4636,385.889
47.8488,1378.66
52.3058,463.804
48.0578,875.055
48.389,381.766
47.451,800.926
50.0574,410.453
48.9502,523.449
49.3508,407.528
49.0736,503.087
49.0948,661.131
49.6148,431.331
51.1614,471.644
50.1234,1059.92
49.1616,655.879
49.7278,533.185
47.7262,391.712
50.5144,428.607
49.135,438.648
50.6402,395.998
49.4162,536.431
49.028,561.204
50.8904,408.607
46.9266,389.458
51.2392,461.225
48.538,495.75
51.2546,487.649
48.3788,612.877
49.0238,471.071
51.3576,457.805
50.3208,417.815
49.0442,620.947
49.5192,413.76
50.363,427.772
49.797,421.504
49.719,419.396
49.3492,518.757
49.396,400.931
48.2116,386.734
49.5298,417.592
51.286,954.585
48.112,577.614
50.47,449.47
47.1096,420.668
47.8256,419.782
49.1536,430.583
48.6558,435.322
49.4658,406.376
49.0052,610.245
50.6714,526.589
49.867,419.306
49.3426,423.138
48.1114,396.13
48.4972,384.066
49.3702,413.03
48.924,1205.74
50.1188,831.645
47.7652,392.174
48.9658,440.414
49.1092,433.536
50.244,434.891
49.7152,1371.99
49.8592,559.18
48.9448,385.738
48.1738,441.476
48.9434,419.463
47.7312,394.487
48.5594,976.175
49.5156,442.539
49.2076,384.149
52.583,877.822
49.8024,402.473
49.7376,419.722
48.1432,361.912
48.919,408.639
51.387,891.596
48.447,411.482
49.9754,452.07
49.4718,455.877
50.1366,449.361
50.085,405.824
48.442,744.476
47.9634,1624.25
48.58,1441.73
50.2136,408.125
47.7212,404.053
48.7894,589.574
47.98,983.363
49.4218,374.17
49.8724,592.281
48.4962,1433.74
49.5776,609.305
50.3346,461.328
50.8196,540.23
49.1564,417.67
49.4228,550.177
47.7112,417.76
50.6698,367.982
50.6442,496.657
50.3422,493.395
47.8898,743.476
48.4992,840.112
49.45,463.814
48.21,413.451
47.4136,459.012
49.6094,425.384
49.3028,422.248
48.9152,608.253
49.7936,474.396
51.0442,996.701
48.1024,402.598
48.755,391.711
48.8628,445.103
49.744,452.109
50.9844,427.947
48.8308,443.249
52.1182,460.743
48.1946,693.535
49.3402,608.849
48.997,991.82
50.406,437.601
51.2284,483.442
49.5282,437.649
48.9366,405.722
48.8016,448.785
49.1382,403.186
50.1098,797.025
51.4624,728.825
49.504,427.237
50.9022,453.688
49.5354,556.797
49.214,429.493
49.1408,426.435
51.582,1048.97
49.845,455.565
49.2602,441.578
48.217,665.706
49.365,422.243
52.5518,726.252
49.196,390.438
48.4794,427.586
51.0244,976.241
51.5336,831.867
47.5036,372.886
47.0414,386.692
49.4294,1408.91
50.1648,682.477
47.2998,3113.16
50.3738,417.466
50.4456,598.98
47.4876,363.001
49.5938,441.135
50.4868,484.84
49.4916,650.538
51.0542,507.859
50.547,462.593
48.0446,706.918
50.4536,458.623
48.341,404.095
48.998,382.102
49.6112,461.345
50.6518,621.704
47.543,358.961
50.2594,435.758
47.6174,379.853
49.5466,410.31
51.2054,458.063
50.3202,423.064
50.208,789.339
46.641,394.653
50.968,434.276
50.6424,407.186
48.1852,385.561
49.1408,427.395
52.0852,829.129
51.5834,575.431
50.35,427.256
49.8156,449.638
50.467,606.542
49.4978,378.373
50.2116,1132.6
47.0296,408.033
50.3724,515.019
49.4072,414.196
49.5294,460.285
51.4844,481.062
49.5966,444.451
47.854,485.532
48.2766,428.513
48.7756,402.891
48.8266,359.287
50.9496,456.426
48.3402,433.424
50.0598,1632.06
49.9544,1611.68
49.2276,414.312
50.6694,1212.74
49.877,400.641
48.498,442.395
50.8196,365.382
49.1322,408.596
48.2934,535.681
48.52,458.896
49.0602,1320.58
48.9002,394.956
48.8494,417.299
48.2808,1000.01
48.8556,426.927
49.0246,399.392
49.6478,1546.34
47.5512,408.125
49.6588,414.011
51.3836,441.099
49.5556,345.231
51.0092,450.373
49.8654,421.64
50.148,447.162
49.2762,849.11
48.6938,402.588
48.6576,1791.55
49.5818,617.08
48.7216,422.278
48.5756,372.111
48.9466,393.494
49.0852,381.698
50.0314,421.796
49.1534,1154.08
51.4754,406.637
52.684,424.109
50.5896,498.993
50.1032,457.085
51.323,768.39
49.0704,418.281
53.4908,485.482
50.0736,424.142
48.843,407.478
49.0154,1149.68
47.7154,428.013
52.0974,498.776
49.7976,405.969
50.8894,1246.83
49.3226,621.481
49.4552,450.06
48.4076,437.974
48.841,507.122
50.401,424.556
51.0088,428.632
49.1948,394.564
50.2514,721.21
49.079,1212.57
49.7966,407.573
49.8802,966.705
49.2356,448.768
49.6906,430.28
50.621,475.441
48.5386,445.997
50.2554,455.299
49.2272,409.903
46.9616,375.001
51.314,461.803
48.061,658.707
51.2534,431.786
50.5148,485.544
50.1718,427.834
50.9578,448.62
48.8206,442.896
49.5034,382.855
49.4342,447.035
48.301,405.176
48.7592,401.603
49.9872,475.248
51.3956,522.072
50.2056,1236.67
50.9194,508.334
50.9376,722.129
48.3496,811.329
48.7974,740.604
50.0472,431.733
49.3134,381.694
50.232,431.667
49.5346,457.523
49.179,412.569
51.1614,445.152
49.4116,487.087
49.111,496.523
49.4864,489.782
48.4704,1794.04
48.4576,528.221
48.6064,422.406
50.356,402.485
51.7394,499.274
50.35,479.416
50.7408,374.012
48.6626,427.395
48.3062,427.906
50.3564,491.395
49.2062,419.302
51.0832,480.966
49.4962,513.014
47.2942,397.902
WO
79.6196,314.425
78.8358,356.698
70.574,307.699
81.1062,366.642
75.1502,363.642
68.5762,1077.84
76.6532,324.517
72.0344,561.735
70.9914,404.822
85.7424,359.147
79.8012,358.383
70.8854,410.52
75.45,444.416
73.9816,700.545
76.4014,428.359
73.7698,754.057
75.5156,748.045
76.342,296.78
78.7714,293.92
74.7074,443.657
76.4486,1245.99
74.5856,2270.7
68.925,293.302
79.8674,990.398
69.3026,460.79
78.475,1156.47
77.4034,360.922
79.292,296.545
82.2716,859.862
73.9336,605.736
69.744,997.208
83.4646,302.26
74.6768,1343.73
76.1826,505.089
76.4324,1028.06
78.8266,1005.14
73.0184,1047.69
80.4166,330.838
69.3202,323.154
74.228,914.687
78.1364,314.658
78.6688,618.434
77.758,496.796
79.0148,725.097
82.5662,343.619
75.9754,548.371
76.2632,333.852
72.8328,238.814
78.6622,1007.27
73.6592,291.447
73.4158,517.604
80.3526,1929.45
79.0562,355.423
73.4972,302.064
75.703,329.627
65.752,373.9
74.3068,1863.8
77.0616,277.175
79.274,880.406
74.0516,647.953
80.6216,610.226
74.5788,968.432
68.9622,1406.96
79.9188,446.432
74.2588,336.893
77.5116,366.212
70.4678,978.318
73.9386,271.918
69.744,1708.47
77.9468,322.258
73.0624,385.553
76.5152,568.567
80.3124,685.068
71.178,311.727
69.7106,304.63
77.334,347.95
72.2078,337.708
77.1238,582.338
73.9404,853.502
73.827,313.179
77.797,282.859
76.5388,1895.04
74.9728,522.202
66.0262,260.918
78.989,339.715
77.728,298.131
79.4444,433.204
80.908,1396.85
84.7778,312.39
85.8558,444.756
73.8266,330.538
83.739,370.758
74.5172,1320.91
83.4926,574.953
75.867,2058.66
79.6876,629.832
80.9552,1014.05
81.8244,373.586
74.7746,344.193
77.8094,321.28
74.819,263.778
74.3732,2096.8
68.515,293.546
74.9576,346.131
78.555,364.799
73.5086,338.154
71.7828,324.556
79.5974,1641.12
74.6062,1701.15
72.2238,1013.5
72.8432,339.048
68.2092,1106.81
73.2498,2668.18
74.2906,919.386
67.2784,340.145
83.9162,924.459
71.8248,872.099
69.5068,807.653
76.5778,271.07
71.1302,450.45
77.4956,328.465
83.1462,783.044
82.4082,810.419
75.3066,1499.93
86.4044,340.495
85.2878,361.57
74.4426,855.953
73.6498,347.029
65.6412,625.253
79.3096,517.843
73.1882,341.872
75.902,1504.85
75.869,913.767
75.056,335.09
78.7056,1839.09
70.119,315.969
74.7362,309.383
67.8496,299.602
80.3308,509.68
72.814,630.33
76.3328,501.679
71.7142,558.852
71.137,2723.57
70.7526,256.008
72.6616,340.192
70.4596,915.167
75.0248,326.551
81.6848,341.416
73.9864,264.862
79.8954,320.804
91.5198,1303.74
72.0784,552.702
82.106,315.895
83.8072,803.994
77.2416,826.376
76.1258,1520.19
74.2906,275.071
72.9,301.146
79.475,364.572
81.5762,322.889
87.0958,546.301
81.6674,322.32
72.1122,1230.38
78.3674,1182.42
76.802,309.114
79.9188,794.791
81.546,946.539
67.7688,1555.19
79.2786,297.488
71.8146,599.454
72.9262,298.303
76.907,328.98
75.2472,293.12
65.9532,569.33
72.6324,567.648
77.8034,448.768
68.302,283.019
76.2804,313.347
73.9646,420.9
75.452,308.821
78.218,898.548
81.541,378.981
80.4054,339.434
77.5054,479.367
71.8672,517.309
75.321,319.297
93.0788,357.522
73.233,300.805
75.345,428.459
75.633,608.836
71.9902,385.253
82.3248,1881.6
78.0982,1520.2
80.6026,578.547
78.2624,807.036
79.7006,371.986
74.9208,430.578
72.6818,550.596
76.7186,537.764
75.3836,313.336
73.616,248.002
75.8726,512.892
78.8732,625.925
72.2814,303.776
64.8722,235.113
78.0606,467.987
78.5444,386.92
84.3106,358.162
81.2462,552.312
70.0434,566.476
82.972,1097.9
79.9956,339.703
78.4186,903.076
72.4488,1089.98
75.0984,389.036
74.975,438.308
82.1316,829.592
80.4852,318.864
79.8584,373.382
78.1514,500.487
80.5454,485.549
80.1714,353.559
72.8542,265.935
72.94,410.156
70.978,330.736
72.9508,323.767
80.2232,911.953
76.4656,284.018
75.145,478.373
75.3128,315.475
76.6242,898.381
74.153,280.36
72.3556,530.205
73.4342,317.075
71.9912,566.636
76.4868,652.134
71.113,672.747
76.581,278.515
69.9814,284.154
76.571,320.493
76.3956,335.834
76.0524,572.805
73.5902,296.131
72.167,854.871
75.4226,952.289
73.2958,1487.27
86.1016,2128.37
74.4974,1922.98
72.9258,368.648
70.3618,261.348
79.7194,339.604
72.2996,580.69
77.064,599.847
81.058,415.74
74.0764,319.161
76.4466,536.309
74.8888,469.072
79.2452,382.778
75.26,324.529
71.1304,434.944
76.1828,662.724
77.3026,328.832
77.9752,980.892
79.0356,255.242
77.0452,284.222
69.9164,897.59
71.583,269.134
75.9136,295.105
70.27,284.743
83.6806,1169.3
82.3628,348.011
76.3468,343.894
74.176,280.74
86.4828,407.233
80.241,346.235
73.41,332.537
70.5486,1007.1
76.8384,322.109
75.7746,375.75
67.7578,332.716
78.851,926.414
73.7278,539.563
68.876,335.864
76.872,318.855
77.7298,608.132
74.7504,303.802
73.059,770.64
75.6468,285.469
74.1824,334.808
72.8034,826.688
70.6446,760.866
78.5548,459.965
80.7712,374.467
70.977,257.732
74.312,479.558
80.4656,766.19
70.8132,243.365
84.756,1832.08
77.3354,456.817
76.4666,2008.61
83.4434,339.265
73.3242,334.583
77.8214,335.235
72.869,643.487
66.7792,1034.13
73.4036,280.13
75.1814,1010.37
75.9786,336.288
84.0618,954.914
80.6622,560.107
75.1958,299.237
70.541,1736.65
80.4074,1832.28
79.1504,343.817
76.6118,854.981
77.2758,1523.46
81.1104,790.342
76.9666,269.456
76.5158,2132.46
74.1824,563.126
78.2304,339.615
75.4572,336.96
69.7744,312.626
74.713,580.782
74.1396,336.206
73.0918,888.483
74.0396,396.008
70.826,269.619
79.0924,348.384
75.193,3481.9
80.62,628.864
84.689,379.507
80.8284,408.582
75.4888,490.518
72.6932,318.19
71.579,1619.18
79.0348,1404.18
84.5852,282.862
74.99,435.695
81.5308,323.012
76.0228,288.162
76.4312,330.894
78.4312,356.235
70.0646,980.69
73.4068,1911.07
74.926,754.476
68.8638,1002.42
77.073,1531.74
77.4672,284.137
75.077,337.213
78.6904,353.389
72.9624,463.408
76.5756,2937.9
74.2466,373.725
64.4324,311.035
75.0718,331.244
73.2722,484.029
67.023,1365.3
74.452,1096.08
67.782,266.641
74.1152,571.986
80.0294,419.683
75.1178,279.266
75.5316,345.157
80.0858,1524.92
70.3984,578.748
80.5688,343.123
75.7636,607.737
79.4978,325.665
75.7926,316.574
76.796,385.027
76.3028,532.455
68.6594,1110.9
79.2296,349.748
80.0216,1210.57
77.7686,349.523
77.812,1289.89
80.2276,713.979
75.4938,330.414
71.9202,318.658
71.6902,299.335
67.4576,572.182
70.3018,2629.86
75.3258,333.343
71.541,462.923
73.805,724.048
65.442,271.802
76.1238,309.378
80.469,385.707
75.5964,332.234
81.2976,544.031
74.1108,298.999
70.9984,297.11
74.2552,430.159
77.0056,1012.58
72.508,914.353
79.7918,383.94
73.8116,551.061
72.7298,299.997
71.7684,828.618
81.9632,380.32
80.4318,776.593
72.318,431.823
76.2376,422.272
73.4268,525.054
76.744,530.735
79.013,1119.81
78.0752,448.691
76.1964,283.022
74.5916,584.85
78.3168,351.048
68.1048,338.463
79.1254,316.703
62.362,222.796
72.1012,1101.15
68.9546,665.524
68.4578,633.904
80.1944,694.366
72.5348,292.469
80.8142,843.011
82.4982,1501.04
80.5242,1965.72
72.2886,2700.54
79.5204,341.18
81.614,1315.4
77.1024,357.465
77.5556,399.202
70.865,1920.38
75.7198,604.938
72.5588,718.456
76.5696,550.05
73.2428,1067.07
75.3058,1059.94
73.8294,455.476
80.751,323.641
75.334,611.103
74.768,322.549
70.9374,334.743
78.1078,733.195
77.7618,1813.1
83.495,335.342
71.8446,1264.95
86.8964,1889.32
72.2926,287.283
69.032,404.485
69.9352,483.618
76.0966,1282.37
74.3056,727.829
84.1992,607.668
73.2474,213.618
77.1418,426.224
78.4602,295.983
71.6224,294.243
80.0266,1036.86
73.7964,836.518
71.9894,359.56
87.4074,1531.6
84.2884,848.851
79.6536,254.619
79.3064,382.816
75.2278,2409.32
71.7414,581.83
70.119,439.813
68.7144,389.147
74.7148,335.206
79.6372,285.785
73.4748,317.694
80.5576,1204.74
70.2664,982.031
73.3406,503.935
71.9868,427.326
76.525,829.472
71.447,1058.92
76.9744,300.567
80.2708,794.224
76.0486,1579.86
72.0756,316.116
71.1416,323.743
78.8926,431.067
77.6362,905.806
79.2648,283.048
74.2816,287.277
74.3336,514.944
76.1078,358.999
74.6132,389.382
80.837,1145.82
80.8962,361.111
72.8388,322.775
82.3492,380.846
68.879,588.045
75.6828,310.28
73.314,575.38
81.4906,649.918
72.747,341.776
84.0748,384.602
72.5938,312.277
73.175,316.381
76.1632,345.61
82.3072,897.517
75.8302,490.709
79.1714,773.859
74.5836,283.519
72.418,357.064
75.327,648.049
74.7262,1355.81
73.8456,265.578
76.764,1437.31
83.5126,873.064
77.6908,690.483
78.2852,509.87
71.1818,319.162
74.0728,528.032
82.588,1456.74
84.9072,634.928
83.9172,920.612
82.2384,320.307
75.9122,1628.14
71.7324,308.808
70.9732,830.302
70.9164,664.182
84.7404,1720.46
75.324,279.246
82.926,351.212
76.007,428.796
76.3454,708.603
78.5654,296.962
71.1484,913.03
77.9188,364.316
75.476,314.071
69.7758,819.911
78.5014,704.051
78.3828,712.753
75.4336,330.853
75.4372,290.248
76.4128,876.168
77.0052,317.471
78.7194,284.17
76.3266,336.802
76.64,1535.83
80.3844,1690.15
75.882,530.829
76.3686,1730.34
77.7274,1977.14
74.6452,320.517
83.1868,347.844
77.2492,1006.83
72.9102,323.865
84.5962,963.657
71.3058,313.305
77.9194,606.391
80.8798,343.284
87.5272,344.524
71.3098,930
75.7896,993.23
73.14,483.151
75.4778,316.7
81.8362,375.057
78.31,447.245
81.017,296.482
74.2676,377.346
78.4508,787.245
87.173,413.125
74.4372,305.125
70.2566,733.502
76.8878,2841.78
78.0128,653.434
75.8902,321.132
76.5696,885.735
77.5284,834.754
75.881,1412.05
80.3986,837.95
82.8262,3227.01
77.4442,610.539
79.5228,942.868
76.1356,345.249
68.6232,1169.06
83.289,405.76
76.431,331.384
75.8162,389.756
77.8736,369.436
76.119,1783.76
70.746,386.504
77.2514,708.901
76.2334,374.965
71.6762,349.876
69.8006,368.708
75.9326,1270.84
69.8932,289.675
80.9746,457.641
80.4788,529.606
73.2054,318.605
70.5448,252.283
70.2438,280.976
68.712,290.32
81.5936,301.182
80.3916,293.824
83.0388,636.602
78.7248,842.035
73.228,753.085
70.9178,364.27
82.6092,591.8
84.544,1596.61
74.414,305.723
77.8412,739.747
79.2816,452.409
81.1162,342.234
74.7332,358.359
76.4488,1745.52
77.6636,357.115
70.8088,336.277
77.8986,297.911
75.3308,583.206
66.7942,753.435
68.3334,284.336
73.6,376.257
75.6856,1327.42
73.5832,313.335
78.9184,901.979
71.0148,324.173
75.652,381.058
70.1904,325.289
74.2748,1451.9
79.4388,354.523
69.8128,1103.64
71.6316,289.346
78.3332,528.464
69.726,769.08
78.9306,1496.62
73.7688,497.773
73.346,364.712
84.5892,351.366
77.2104,647.352
79.6188,863.068
73.6502,702.859
72.9374,608.337
87.1772,912.023
71.258,774.614
69.5934,351.624
80.2204,330.432
67.4336,285.724
81.9642,349.698
76.9604,348.183
73.2544,812.469
75.5102,447.646
81.6128,414.816
79.6272,380.53
70.0028,1156.3
69.665,933.736
74.4578,2473.99
81.5744,332.839
73.8596,419.736
68.6634,1554.88
69.4914,963.85
74.0638,635.461
82.4902,1763.75
75.1526,619.713
73.8422,801.827
72.212,1375.44
76.2926,381.948
78.639,1431.82
75.115,1262.49
80.4106,455.485
80.2238,1264.91
82.3218,339.801
75.4394,333.593
71.5946,1124.29
72.018,757.234
70.2064,962.428
80.2356,296.165
76.227,843.505
71.764,485.697
70.1034,331.746
78.9206,348.427
76.1484,735.77
78.4192,582.135
73.6098,3246.9
86.441,885.58
72.6078,366.125
73.3734,290.099
75.8244,343.27
70.0212,276.716
79.8686,274.798
76.2134,1634.37
80.4214,1106.87
74.8778,292.633
75.6626,309.133
83.1822,1594.37
84.0368,470.233
83.0772,301.698
81.3698,334.394
80.1144,328.584
80.1858,379.962
80.7908,941.041
77.2834,1242.31
84.0788,1130.55
84.2538,595.201
83.2772,374.692
78.5588,1823.09
76.2892,1642.88
71.4226,377.365
78.929,332.489
73.28,360.55
77.5088,332.217
82.2932,263.262
68.3986,503.381
70.8644,300.464
70.5414,1453.25
75.155,326.829
72.9674,295.056
71.4464,670.254
76.0022,345.912
70.609,327.891
72.1712,248.541
72.4338,374.045
77.8312,1649.3
64.0212,642.707
77.9118,345.274
81.5128,414.001
80.8628,1537.21
81.0456,336.799
71.5864,386.277
83.78,318.686
79.2878,1816.32
82.7516,374.941
81.8882,760.934
70.0848,1104.09
77.4006,317.432
79.937,343.946
83.3832,603.922
69.761,304.532
79.9156,2073.15
75.3796,838.478
75.0758,475.656
73.1638,343.725
83.5256,1095.07
74.8008,303.51
76.8534,807.429
72.2798,641.225
78.989,838.246
68.0238,315.869
81.4254,2437.91
64.6626,254.644
74.437,277.74
72.5658,357.12
72.6042,483.47
78.472,1008
75.2274,257.261
68.5458,273.48
66.6512,377.419
69.8898,743.08
81.0064,374.784
81.9972,509.766
85.0238,1332.63
78.149,368.253
77.7414,404.014
82.1028,469.361
75.4456,625.329
79.29,314.352
72.2046,685.616
75.6618,941.065
78.3344,663.049
85.6874,808.491
76.4864,366.379
77.5006,1080.52
84.6714,411.28
78.6654,440.277
71.2964,514.009
75.541,338.113
72.6696,617.532
70.6632,900.546
70.0554,331.249
78.3882,697.874
71.0502,751.556
70.6196,299.493
73.5102,354.303
72.6346,319.314
80.5676,1104.62
81.3142,374.455
73.4826,564.949
72.2094,294.67
75.709,647.895
80.6428,347.275
77.0524,349.683
70.2278,291.677
75.3756,304.764
74.1908,322.762
82.2604,349.66
79.3008,792.413
84.8038,753.979
78.3134,468.658
75.9894,692.243
78.833,1022.18
71.495,344.527
67.2408,313.362
72.7156,308.069
73.6902,538.592
73.9738,1249.46
76.5012,316.775
67.441,293.315
71.3798,456.213
70.331,759.302
69.9974,610.313
76.3638,935.097
76.736,615.077
73.1288,898.019
78.3506,539.869
66.4968,475.321
74.7516,619.429
76.8884,311.151
81.4514,650.426
83.6132,321.605
82.4092,371.175
69.7674,346.172
80.6674,587.477
71.5814,329.084
74.1894,725.928
74.2496,328.766
79.1426,340.07
80.1826,807.584
75.1172,310.437
74.0346,954.254
77.4284,314.733
83.5614,438.982
80.4798,657.196
75.4824,745.127
81.183,489.114
74.0694,312.402
74.2016,877.124
71.3828,903.643
71.0414,2975.14
76.7592,276.321
69.771,1293.04
77.8678,1368.78
68.9902,411.494
85.0446,351.394
70.2514,372.679
73.311,302.563
79.3788,1650.01
76.1628,321.604
75.2956,745.65
78.6366,406.412
81.4582,924.656
77.4538,321.39
86.1126,618.202
71.9126,287.672
72.6836,1621
91.0018,577.956
75.4594,655.02
71.549,293.44
66.7106,281.55
81.7438,667.569
83.7828,376.626
82.97,295.165
77.991,2047.34
70.4242,506.911
73.8508,338.79
72.7468,739.084
75.6728,311.606
73.1602,1504.59
69.6394,1101.56
82.3954,369.218
76.947,336.763
69.9942,373.17
70.4292,306.583
71.6318,277.42
76.6646,322.167
70.4642,286.097
72.0662,1791.56
69.129,1182.09
71.0348,482.327
71.2246,766.984
82.2118,344.1
77.9764,1806.74
73.1914,658.095
71.3192,644.92
76.4442,1559.67
74.5384,1642.02
80.38,723.448
74.9732,314.774
75.1806,310.611
73.7976,287.278
77.7416,361.368
71.7842,311.719
76.5132,760.83
73.3498,807.696
73.1168,305.832
77.7354,1443.06
71.6538,921.641
70.362,2318.76
76.8408,1181.95
75.7046,1367.8
75.778,307.242
71.3286,675.191
70.5334,767.448
77.9414,267.519
69.0636,519.392
67.6308,921.017
77.149,394.498
70.4452,270.963
74.6126,315.993
77.2818,326.056
79.4632,552.933
81.1836,340.483
84.3266,345.095
77.079,1343.49
73.7352,769.949
78.8624,837.519
79.142,906.803
74.7548,554.36
73.5356,964.777
71.5306,473.108
74.8462,317.83
74.4082,441.369
75.143,668.381
79.7946,333.808
80.5552,376.322
71.7694,308.435
76.4602,328.43
70.4748,602.94
75.5574,1255.34
75.1968,360.856
82.7576,360.879
81.6098,328.094
69.401,1470.2
84.0614,1103.44
67.807,266.394
73.4114,390.1
70.869,304.574
74.1628,300.682
70.4508,783.891
78.3304,388.363
82.4952,357.298
85.5764,484.635
74.4556,761.793
79.5316,1076.36
76.305,366.745
81.4678,553.583
78.5318,389.653
75.9816,280.299
78.1876,1081.05
78.2686,343.077
70.2562,444.055
71.8682,458.773
75.5614,324.08
95.181,355.165
87.6988,1332.41
71.3078,317.072
76.9356,283.199
77.5184,1271.22
78.381,455.696
68.8566,2362.95
76.5204,532.247
82.7362,334.686
75.7876,307.213
74.024,309.336
76.9562,311.065
76.8384,2257.9
80.276,695.819
68.997,264.473
70.7274,523.021
78.0758,689.48
81.2996,427.651
89.6996,316.284
71.6174,298.935
72.8806,368.088
73.6556,539.248
79.2326,443.944
74.2536,374.421
76.1148,375.642
78.4558,508.849
77.2432,291.3
73.0056,360.675
68.9378,383.84
77.5068,512.771
75.4582,346.996
73.0772,868.798
79.0248,362.083
74.208,296.3
73.8378,357.044
74.3956,1686.8
77.291,1183.47
74.3896,468.74
74.0738,639.707
70.5096,1467.76
72.2474,260
65.3484,260.222
81.6728,616.529
76.3548,985.683
84.3566,527.722
74.756,321.136
80.72,316.331
74.75,305.137
79.048,911.948
79.6724,1211.71
73.5748,409.562
79.6628,326.625
73.2378,954.119
80.1056,335.108
77.6954,743.8
72.481,429.807
OPT
43.97,447.906
42.1474,427.235
42.7902,450.909
41.1892,415.75
42.2368,452.983
41.0874,408.561
40.921,398.446
42.2974,415.014
42.3662,1431.21
41.484,994.501
42.704,448.095
42.0576,433.287
42.1524,465.648
42.3516,407.773
40.5126,485.454
42.7212,453.728
43.003,584.206
42.727,561.63
42.1206,428.521
41.7288,409.457
43.0414,433.293
41.9564,438.748
42.166,443.399
43.7702,447.524
41.5334,423.293
42.8048,437.846
42.8224,1484.27
43.0286,446.02
42.7668,424.201
40.9196,391.239
42.645,465.352
41.5632,689.038
43.9462,486.778
44.4406,461.213
42.3184,415.721
43.702,443.311
40.95,453.043
42.3458,436.329
42.87,439.672
41.2686,409.991
44.884,426.462
41.8246,430.498
42.402,1145.54
43.0072,445.98
41.6712,435.273
41.5658,417.972
42.2036,426.633
41.4892,447.002
41.9762,432.367
42.7324,423.988
42.6216,469.817
41.6212,416.038
41.0402,405.355
42.321,437.017
43.3068,935.222
42.3678,515.444
42.9242,481.404
42.1188,440.512
41.971,427.233
42.194,475.451
43.3442,431.497
40.97,428.923
41.667,411.461
42.7576,461.509
43.508,480.619
41.7684,432.291
42.0844,433.506
42.561,439.392
42.1046,441.265
43.584,437.534
42.2502,1083.63
40.9966,396.698
41.8662,427.094
41.1106,439.903
42.1382,422.544
42.8498,439.982
42.114,416.984
42.6996,1146.43
41.393,427.187
41.1054,426.888
42.5546,434.69
41.1766,429.667
42.815,680.741
41.9498,413.441
42.8818,417.376
40.9344,389.856
41.9854,1772.77
43.0334,415.61
42.559,475.018
42.0672,424.274
43.1648,957.898
42.9654,602.81
42.0734,373.146
42.253,416.781
43.9708,448.641
42.0086,423.472
40.2026,407.901
42.1446,452.744
41.6248,419.124
41.9762,425.479
41.7548,454.996
42.0778,403.15
41.4306,407.767
41.8158,420.817
41.7956,405.261
42.032,446.076
41.0988,401.561
41.7554,416.442
43.2306,441.485
41.651,422.735
41.7948,406.822
40.9578,425.935
41.6408,423.126
40.9852,412.369
42.287,469.693
42.1964,425.838
42.4308,447.944
43.5672,456.945
42.1426,434.475
41.649,432.271
42.0698,450.547
41.262,422.828
42.1222,427.632
42.3232,432.897
43.3046,468.159
41.5964,420.612
42.727,422.095
42.2108,432.818
42.3938,1367.22
44.0166,428.805
41.9438,418.09
41.4304,411.521
41.8444,436.803
42.5504,431.824
42.5598,440.881
41.7626,443.661
42.3484,716.678
42.0516,449.929
40.7506,406.897
43.8226,408.573
42.7988,614.7
42.6554,415.454
43.0576,471.634
41.7432,413.361
42.4306,931.989
42.3946,408.033
41.5176,420.039
42.1894,2448.43
40.4922,434.832
42.3952,425.478
40.81,406.11
41.4296,661.39
42.7286,408.607
42.5416,426.085
42.6086,423.873
43.3884,925.906
40.7992,437.57
41.6508,422.097
41.642,422.942
42.3998,438.57
41.8886,433.622
42.1362,433.002
42.1154,427.255
42.3876,599.454
42.478,389.588
41.6458,418.163
41.9968,434.471
40.6036,397.381
43.049,450.562
43.6498,458.546
43.1738,457.236
44.6006,480.327
41.8748,391.462
41.421,427.065
42.3498,454.585
41.8146,428.782
42.7412,412.637
41.2156,464.899
41.2894,431.097
42.8122,447.267
42.4786,423.876
41.901,427.524
43.0984,418.657
40.884,398.113
42.4212,453.022
42.1052,427.035
42.0764,404.779
41.336,385.82
42.9278,465.765
43.1216,434.15
41.003,399.494
42.6824,416.294
42.73,764.192
43.1446,466.14
41.5424,414.476
42.5306,449.085
44.4774,442.131
41.8038,413.341
41.8724,432.239
42.2988,446.092
42.3008,1923.47
41.2672,436.069
42.596,431.257
41.3088,435.194
40.7372,394.744
43.5674,796.71
44.1024,487.109
43.2994,464.99
41.473,488.628
41.9134,774.589
43.0076,425.391
41.2012,404.241
42.9526,440.644
43.2298,932.476
42.4222,471.155
42.359,438.516
42.3444,377.441
43.3662,444.183
40.6498,409.868
42.85,450.913
42.2988,444.516
43.009,441.235
41.4188,489.541
41.5734,464.982
42.3286,444.4
42.5052,449.878
43.0758,469.345
42.5634,443.868
42.835,428.157
41.88,460.196
42.139,458.39
42.6578,1294.61
40.919,429.39
42.75,414.792
42.4416,456.931
42.4198,437.847
41.4272,462.951
42.0624,428.215
41.4036,417.193
43.01,446.063
41.4382,407.969
42.5224,430.734
42.278,433.913
41.916,421.555
42.4602,410.017
42.7962,429.441
43.4778,452.784
42.5894,438.017
42.9572,442.448
40.8594,424.087
41.8504,431.374
41.613,419.197
42.5622,420.057
41.1484,403.08
42.6322,401.208
41.6358,411.664
41.5348,439.355
41.0882,382.824
43.7878,515.744
43.1848,418.913
42.956,400.007
43.2952,435.361
43.599,485.437
42.323,409.393
42.7186,465.238
42.2358,425.812
40.9466,1613.25
43.3214,449.944
43.8764,429.736
40.9524,440.425
41.539,457.666
42.3228,412.889
41.109,412.87
42.0776,431.334
41.5804,398.937
41.9084,422.922
41.7846,389.232
43.7196,449.633
41.6132,390.334
42.487,442.041
42.7224,407.669
43.572,415.768
42.3288,417.861
41.6038,412.012
40.8624,446.649
41.8442,416.307
41.845,415.164
41.4928,442.662
41.7006,416.656
43.1744,469.356
43.5878,431.956
41.7578,406.841
42.0536,421.165
42.5402,413.985
41.147,409.448
42.088,597.481
41.2,416.488
40.7714,387.204
43.5332,432.169
42.8436,439.255
41.3532,2121.08
41.9018,389.027
42.3302,435.408
41.935,438.773
42.2146,444.43
41.5852,461.461
41.946,417.228
42.3358,420.123
42.4896,1317.56
41.8114,436.937
42.613,438.062
41.4148,437.278
44.083,434.423
40.886,414.587
43.2304,415.957
41.4694,421.427
43.2636,462.086
41.5074,447.52
43.0016,449.389
42.4268,432.351
41.6626,1176.22
41.3522,443.073
42.022,413.578
42.8442,419.589
42.9168,433.586
42.5782,468.348
42.0408,412.432
43.913,448.585
43.1382,458.519
43.6818,441.114
41.6564,422.855
42.1848,449.472
40.6154,427.614
41.6628,644.356
42.6646,444.321
42.559,490.971
40.9822,452.073
42.9888,414.407
41.8082,442.139
41.4482,433.589
41.8878,426.704
41.7568,454.878
42.0504,427.715
41.1414,418.305
42.1856,400.373
42.3546,424.077
41.2608,424.373
43.3644,605.298
42.1358,414.562
42.2154,419.495
41.9402,1461.37
43.4028,459.21
42.2944,1627.16
40.6432,418.313
41.7666,404.64
42.3284,412.944
42.0476,410.819
41.3688,450.387
41.9172,418.501
40.7584,418.651
42.204,426.628
43.2492,442.681
41.6598,1008.25
42.254,1610.15
41.489,428.463
41.5628,385.758
42.0618,441.164
42.6912,454.362
42.4288,403.716
42.0752,439.319
41.8858,393.557
41.1388,680.81
43.5374,443.941
43.5562,466.073
41.1016,399.125
42.793,436.202
41.2398,439.602
41.708,409.94
42.2402,419.544
41.206,424.035
42.0562,450.547
42.9198,486.307
43.4206,440.393
41.292,452.268
43.5624,469.287
41.838,419.82
42.3722,432.639
43.275,454.317
41.544,382.543
42.0104,410.521
42.9914,443.449
42.296,427.891
41.9724,442.688
43.4648,421.433
44.716,1538.99
42.1346,438.48
41.8506,430.439
41.362,412.101
41.7978,522.438
41.5556,404.462
42.2328,417.254
42.2986,446.173
42.1936,434.368
43.3054,446.292
44.661,472.945
43.2754,426.512
42.0522,463.054
43.8226,438.294
42.1784,405.793
42.2172,446.07
42.366,455.94
42.1866,570.647
42.8794,405.676
44.0438,419.465
43.063,444.894
41.1546,462.525
42.5312,442.71
42.0056,419.888
41.9698,447.704
42.306,414.071
41.3634,406.195
43.2308,432.292
42.4076,413.542
41.6504,382.602
42.1132,414.728
42.2344,400.342
43.0476,427.033
42.464,438.811
42.6992,445.967
41.5764,392.448
41.7914,438.05
42.819,428.349
42.301,425.647
41.8078,426.691
41.2326,430.099
41.5678,484.593
43.1994,466.983
42.9974,445.168
42.0034,425.763
41.5336,423.602
42.2114,412.695
42.3026,1118.99
42.889,388.705
41.5684,875.005
41.9946,414.076
45.0674,438
40.4586,432.799
42.0428,441.941
41.169,407.268
42.9458,427.712
42.3738,427.43
42.6158,470.049
42.9588,425.117
41.7322,482.536
43.7386,479.16
40.7838,405.94
40.326,403.011
42.2544,420.311
41.607,446.329
41.3128,423.648
41.5818,561.228
42.2462,418.578
40.746,973.963
42.5048,403.359
43.1694,446.93
42.5576,451.718
42.4976,437.408
42.6676,445.33
41.6392,433.006
42.3238,424.578
44.2358,419.493
42.8194,401.074
41.9788,508.63
44.8432,457.714
42.288,455.996
43.021,446.478
41.971,436.268
42.3974,401.969
41.8342,398.19
42.554,423.91
41.9106,402.556
41.5656,425.55
43.0624,437.228
42.3674,412.868
42.0148,433.726
42.7444,433.063
41.368,436.263
42.124,440.093
41.7674,447.408
42.7148,415.291
42.3532,405.946
42.1878,792.207
42.1514,421.7
41.772,489.426
41.7164,415.777
41.957,389.828
43.25,782.968
41.7296,421.595
43.025,450.087
41.078,408.961
43.8144,439.729
44.662,454.666
44.6844,408.988
42.4806,2208.89
42.1996,410.581
41.9194,423.736
40.9192,415.183
41.6216,444.833
43.1574,416.124
41.7474,397.333
41.5838,414.073
41.8292,420.202
42.0448,424.806
41.6062,588.148
41.4434,409.127
41.3342,450.888
42.3146,432.876
44.362,444.332
41.2114,618.844
41.3866,420.174
42.939,429.886
42.6088,416.022
42.7254,745.813
42.2354,870.005
42.8714,426.326
42.7306,468.679
41.8272,449.52
42.1052,420.274
41.0768,449.357
41.5426,442.798
43.4508,1401.34
45.046,485.495
42.7092,881.979
42.1578,441.293
42.9152,396.271
42.6326,436.878
41.334,395.454
42.489,428.607
42.3778,435.643
42.6424,439.677
41.442,417.967
40.5812,393.282
42.8822,441.651
42.025,816.219
43.3406,455.584
43.1458,473.766
42.3046,408.534
42.9436,435.545
42.6486,406.845
41.0436,448.626
42.5642,428.484
41.4546,441.958
42.2542,411.617
42.2014,434.014
42.0212,538.177
43.266,449.571
41.4818,402.559
42.513,446.431
41.8142,415.609
41.1592,430.551
42.1716,431.738
42.1322,413.013
41.4174,415.402
40.8916,406.405
42.1384,422.328
42.2076,442.306
42.6828,433.454
42.1106,419.667
42.5934,430.268
42.7816,467.262
41.515,429.739
42.8738,435.601
41.745,396.753
41.5084,435.954
41.2514,415.082
42.6962,422.066
42.4454,420.77
42.3208,408.141
42.1118,433.012
41.2714,442.084
41.2672,606.44
41.234,427.903
42.503,412.015
44.6342,439.943
42.8682,456.266
42.8152,409.326
42.9132,417.681
42.823,421.213
43.1346,434.025
42.7864,443.217
42.5166,440.724
42.6446,443.868
42.3264,454.841
41.1874,939.428
42.0594,420.856
43.0956,442.077
42.8394,444.19
42.8108,433.844
43.4538,443.433
42.0036,438.779
41.2418,415.139
42.2116,442.038
41.926,455.016
42.1308,424.565
42.7358,1299.23
42.587,438.167
44.0446,384.488
41.8018,463.257
42.4268,424.865
42.29,416.819
42.524,415.307
41.8362,432.585
41.5362,415.052
43.747,450.627
42.505,438.615
42.2066,413.736
42.4154,443.856
43.168,444.123
42.6908,423.353
42.0264,438.994
43.1864,454.239
43.1258,466.661
42.4288,411.832
40.7576,820.901
42.3516,520.287
41.5306,410.113
41.3084,392.169
42.2678,435.786
42.1556,468.318
43.294,450.343
41.5526,421.929
42.1998,419.275
42.447,416.177
41.6086,428.756
41.6714,439.208
42.0928,434.331
42.9982,432.087
41.7146,433.52
41.2054,412.75
42.8298,392.613
42.8258,456.275
42.4976,440.272
42.5454,430.356
42.0206,445.201
42.5888,467.509
42.8848,459.298
42.2762,462.4
43.4486,955.119
41.7194,438.608
42.7102,439.327
42.6042,431.4
41.7264,410.953
42.0968,432.77
41.817,426.703
42.639,444.813
42.1946,456.676
40.5542,407.446
42.6494,464.746
41.3492,429.747
42.801,480.696
43.1594,730.259
42.615,443.91
43.2098,405.298
42.3042,422.947
43.302,427.728
42.9952,416.159
41.7386,453.68
43.4878,437.067
41.0178,421.681
42.3908,444.685
41.59,437.096
41.701,436.006
41.921,426.808
41.5988,398.051
41.8244,415.058
42.6504,409.498
43.3958,465.562
42.5112,428.48
42.0412,1091.14
41.9808,423.801
43.003,448.932
42.332,443.089
42.9072,455.886
42.5712,417.721
41.5828,427.971
42.7846,444.009
42.0386,431.023
42.6602,443.369
41.7592,410.806
40.9126,380.274
42.4648,456.659
41.8878,403.866
41.1492,428.371
43.5572,440.244
43.8842,440.261
41.7288,418.482
42.0536,415.077
42.371,413.46
41.6162,455.033
42.5292,427.56
41.527,1914.72
42.4066,443.962
42.0392,415.345
42.0386,408.849
42.4324,419.79
42.2068,439.827
41.8656,394.74
41.5852,424.159
41.9244,431.135
42.6272,445.114
43.3054,465.69
41.6618,440.297
43.262,461.307
41.3352,400.342
42.6418,394.908
41.6406,515.455
43.6216,451.369
41.9916,941.143
41.5186,434.934
41.3264,394.82
41.7008,425.1
43.8862,460.61
41.4988,400.795
41.3628,430.068
45.3744,468.505
40.9332,388.854
40.3872,422.173
43.4552,426.333
42.458,413.445
41.9138,443.252
43.23,652.882
41.5594,996.552
44.4326,432.922
42.4298,396.915
43.0226,438.842
41.6464,413.647
42.2848,403.905
41.6854,590.226
41.9472,393.568
41.5056,411.95
41.367,457.907
42.3592,426.08
42.445,463.339
42.4866,445.746
43.344,415.937
44.412,1499.76
43.1246,474.174
42.2044,425.052
42.753,433.512
43.8544,1397.52
43.0344,1489.01
42.5672,429.227
41.454,418.964
42.7404,449.622
42.3542,397.687
41.7714,422.459
41.7532,425.243
41.9686,425.054
42.477,427.885
40.88,427.716
42.6244,424.316
42.118,460.614
41.7778,434.653
42.8552,396.472
41.4934,419.319
42.3432,1062.17
42.3518,443.913
42.895,439.934
42.2242,412.876
43.0288,456.01
42.9668,448.245
43.3354,416.69
42.3894,1210.05
42.9552,430.501
41.3772,454.722
43.6846,453.45
43.9008,442.572
42.2952,471.458
40.4096,402.678
40.699,415.051
43.6476,388.12
42.1368,406.999
41.1558,404.953
43.2858,464.135
42.025,431.55
41.5646,486.648
42.199,444.842
42.9706,2762.01
43.8272,469.093
42.6462,426.706
41.2108,397.835
41.615,423.128
42.4702,2013.12
42.058,1551.59
42.357,377.145
42.1766,422.359
42.1984,392.562
42.3584,431.759
41.8384,419.615
42.7668,452.774
42.8722,411.869
42.2188,449.732
42.7172,444.915
41.1546,432.367
41.979,453.932
41.6984,418.397
41.0268,405.787
43.4344,434.383
40.7296,393.677
42.548,393.401
42.808,433.102
41.9508,415.763
42.2308,418.267
41.9756,457.864
42.5166,425.305
43.8882,466.153
42.0094,841.492
42.5442,421.797
42.5456,437.696
43.0154,429.122
43.0132,425.888
43.4518,445.383
42.4064,416.021
41.6818,420.561
42.7782,422.481
41.454,1469.05
41.8532,400.565
41.3408,366.326
43.2184,447.316
41.545,404.523
43.2304,449.486
43.5624,426.777
44.414,433.958
40.9922,417.005
42.4176,423.369
41.5622,405.515
42.9452,435.755
40.5686,416.094
41.4926,734.92
41.939,973.297
45.0304,463.154
42.4954,449.098
42.1632,480.618
43.1954,423.696
41.1298,411.849
41.083,382.275
41.8426,425.344
41.971,514.655
42.0224,430.669
42.1618,411.917
43.2008,478.963
41.8706,410.918
41.9982,422.428
41.6108,402.62
41.8086,400.654
41.0268,2216.88
41.0156,405.442
42.2008,423.532
42.0418,433.751
43.6518,457.817
42.8962,445.066
42.882,425.683
41.7448,435.436
41.36,421.336
42.3782,407.284
42.4592,1188.83
43.0738,453.455
41.617,434.854
43.0038,458.375
42.842,1018.71
43.0336,440.108
42.7892,452.398
44.3656,442.152
43.9932,432.233
40.8042,421.595
42.0998,440.76
42.373,427.375
42.6358,424.992
41.7418,444.992
43.1032,422.419
40.8976,544.68
42.5104,438.809
43.498,423.769
42.533,426.444
43.3592,430.964
41.887,430.744
42.1538,449.529
41.2444,419.162
41.4438,419.377
41.4672,446.418
41.9466,420.028
41.2512,423.517
41.6914,1553.14
42.0816,442.91
41.8982,392.502
44.9428,440.999
42.5956,424.816
41.5844,452.433
42.1166,650.453
44.248,429.597
42.7336,427.393
42.6814,416.064
42.1714,1803.32
42.5526,454.158
41.4748,447.086
43.3972,466.041
42.3452,427.917
41.7802,406.425
41.9908,398.589
44.391,1084.95
41.6532,405.704
42.174,429.233
42.4924,434.476
41.7354,435.439
42.4768,432.242
41.3852,426.053
42.5698,445.436
41.4222,424.641
41.6742,411.273
42.6672,415.966
42.2896,462.23
42.5316,448.913
40.9586,588.807
42.894,426.365
41.8096,504.819
41.723,370.915
43.0868,416.721
40.7956,421.462
43.135,462.575
42.4896,392.191
42.1028,424.966
42.4958,427.805
42.6722,442.599
42.6926,466.727
40.8554,408.766
42.4534,427.856
43.0512,436.687
42.2794,464.944
42.004,459.954
42.947,1011
41.4068,419.876
43.06,432.672
42.051,438.245
43.498,459.758
42.5278,421.54
44.3462,451.189
42.2652,424.251
41.5032,419.964
43.1266,472.606
42.431,436.098
43.3308,449.81
41.6906,422.352
40.7446,414.799
42.6678,428.27
41.8798,433.645
41.3336,401.012
42.4512,427.02
42.434,429.176
42.9846,460.85
43.0634,453.115
42.2336,420.737
41.5842,395.805
42.2958,420.95
41.4684,411.805
42.0734,895.074
40.6098,405.544
42.3686,416.807
40.7132,398.54
41.2604,424.381
42.3278,459.182
42.986,417.266
42.2708,429.925
43.203,1442.98
41.5064,428.861
41.5462,404.109
42.6428,401.751
43.7464,446.546
42.2778,412.76
40.9792,395.845
44.2732,431.677
43.5104,471.006
41.0704,427.793
42.393,398.681
42.8598,448.089
42.5726,601.359
41.568,439.434
41.3834,495.083
42.6114,452.17
41.8938,430.357
42.1784,428.163
43.7214,422.642
43.1202,459.711
40.8918,415.13
42.011,444.148
41.6488,439.282
43.5224,455.787
41.0794,430.558
42.166,463.239
41.9404,426.326
41.6152,402.529
