Greedy
55.921,216.921
55.8808,216.921
55.884,216.921
55.878,216.921
55.912,216.921
55.8908,216.921
55.8786,216.921
55.8942,216.921
55.8784,216.921
56.0066,216.921
55.8774,216.921
55.881,216.921
55.88,216.921
55.886,216.921
55.8966,216.921
55.8786,216.921
55.8846,216.921
55.8974,216.921
55.9394,216.921
55.902,216.921
55.8782,216.921
55.8794,216.921
55.898,216.921
55.9436,216.921
55.918,216.921
55.9408,216.921
55.9652,216.921
55.8786,216.921
55.9662,216.921
55.8776,216.921
SD
64.439,208.363
62.2642,204.713
60.0224,187.19
63.2596,229.843
66.2924,263.481
62.9104,211.413
62.8432,209.554
61.8488,197.256
59.4892,167.875
62.0136,197.957
63.7454,207.978
61.4702,192.136
60.8802,212.092
64.9078,194.903
61.4542,207.056
63.7214,192.898
61.6306,182.92
64.1628,219.413
62.9868,245.742
62.8972,219.352
62.2136,198.798
61.4526,198.195
61.2656,180.635
59.8492,167.401
64.7084,184.15
62.175,207.418
60.2026,177.312
64.8798,213.346
62.0562,234.61
63.15,200.129
WO
54.8092,278.038
54.7744,294.262
55.9336,298.208
53.9524,278.081
54.0076,297.352
55.8732,295.378
55.2038,278.865
55.0578,289.198
55.3408,300.288
55.095,274.102
54.1366,293.141
55.6924,310.645
53.08,277.843
55.331,306.172
59.0312,294.811
53.5016,290.65
53.489,259.597
52.9792,284.656
53.848,289.601
54.5676,283.09
51.625,274.34
55.494,298.01
53.4072,292.472
56.8832,278.139
55.8902,302.834
57.3336,282.332
52.8384,287.356
54.6738,299.456
59.2094,287.949
52.828,288.634
