Greedy
97.0626,5862.96
99.6723,7814.41
91.1709,6300.46
92.1498,6129.2
90.9678,5668.51
96.8432,7432.65
97.7382,6263
94.8394,6119.33
95.3233,5597.26
95.1372,6825.71
102.273,5825.36
97.1301,6650.41
92.3753,6215.16
94.462,6063.88
98.924,6327.51
101.935,6943.31
97.4519,5377.39
92.5643,5818.51
98.2361,6215.71
100.021,6203.57
95.9108,5089.44
97.6594,7282.11
93.2484,5689.73
97.3122,6011.88
98.5243,5810.79
97.5419,6822.8
97.1496,7270.61
92.5117,6767.37
98.3402,6339.58
95.75,5831.71
91.9499,6220.6
92.4256,6220.69
92.156,6962.79
88.816,6430.87
98.1631,7265.36
102.464,5740.07
93.8164,5069.81
90.5011,6220.51
93.4922,5261.67
89.6305,5648.12
93.0608,6438.07
91.2192,6534.76
93.4991,5518.12
95.2008,5585.85
98.3988,6150.86
93.1242,6719.49
97.5696,6383.55
95.1052,5833.97
96.6229,6678.73
97.7344,7099.65
98.8219,6517.98
99.1232,5507.54
95.4574,5989.42
96.9111,8151.89
96.7204,5874.87
91.7464,5697.8
101.07,8443.26
93.3737,5917.47
100.407,6456.51
100.196,6599.5
94.7672,7593.99
97.4094,7145.67
93.5709,6767.19
95.5791,6302.92
97.9192,7094.56
93.8329,6705.22
93.5992,7346.23
93.6752,5498.82
93.3054,6238.35
90.4477,6776.85
95.4647,6699.48
92.4432,5642.9
95.0074,5924.42
97.9523,6236.67
97.6122,6827.13
95.9167,6187.38
100.675,6962.81
94.5429,5938.34
95.7645,6507.09
90.977,6128.54
99.7632,6195.89
96.6091,5972.69
96.6589,6259.14
102.461,6262.97
97.9631,7296.57
94.4743,6967.99
93.3533,6130.29
96.7959,6074.52
101.36,6414.19
92.8892,5977.39
93.8471,6775.23
93.7357,6885.94
93.9179,6395.41
90.3681,6119.85
93.7792,6397.73
96.3486,6348.19
95.7549,6522.94
94.0634,6213.34
96.1975,6341.21
106.635,7531.38
98.5837,5634.91
96.6677,6267.53
96.5858,5886.42
91.0525,6729.68
95.9774,6453.67
94.4654,6735.25
92.0337,6131.51
94.8324,5585.03
90.8793,6610.63
92.8841,6624.12
93.0337,6491.47
95.5463,7432.76
102.043,5753.79
93.2899,5559.13
97.8611,6749.07
96.9218,6811.08
98.4199,5984.88
99.1563,6430.94
100.583,7046.26
92.817,6002.05
91.4631,6280.38
92.8053,7497.5
93.7635,6965.8
92.171,5944.9
96.1053,6410.63
92.7472,6432.27
95.5546,5505.43
95.8163,5944.08
93.1476,6880.46
99.3136,6289.91
96.9827,6681.75
99.8338,6543
91.526,6109.6
98.2404,6739.03
93.7274,5788.96
95.3406,6430.48
93.6983,5689.12
95.8591,5875.91
97.3336,6852.48
94.7319,6272.49
98.6734,6264.45
107.449,6449.76
99.9537,6054.85
97.8535,6881.33
97.9918,6430.17
96.9658,6750.81
93.3334,6696.01
100.767,5447.38
92.4851,6357.77
92.6393,6243.54
96.0157,6564.19
93.0732,5507.11
90.0201,6029.77
91.8122,6426.3
100.691,6245.98
97.7961,6867.69
92.2803,5835.85
97.084,6099.27
99.6043,5340.51
100.139,6507.71
91.0259,6184.56
94.4469,7477.65
97.9571,6750.04
102.24,6309.79
98.1664,5762.22
93.5154,5756.04
94.5129,6290.48
87.3617,6031.55
89.3091,6274.85
92.7426,5693.13
99.4929,6598.71
97.7307,6071.44
99.211,6442.43
104.232,6419.07
103.44,7909.59
103.498,6759.94
99.7385,7170.6
95.4675,6938.49
95.9685,5689.93
99.3996,6558.2
92.0679,6401.25
94.7389,5591.24
93.9409,6641.32
95.3873,6351.16
97.3608,7548.94
96.1922,6914.79
99.342,5642.27
94.276,6840.89
94.5231,6743.41
97.3772,7181.71
94.5383,6906.16
91.9123,5571.04
97.1996,7462.88
100.427,6312.51
87.7565,6327.05
104.644,6346.6
92.5903,6127.82
96.1688,5847.83
95.0981,6293.39
89.0852,5752.53
98.2804,5690.47
99.2689,5426.03
94.5476,5744.14
89.6226,5817.7
93.9389,5838.73
91.8207,6248.45
101.928,6602.57
97.6952,6794.53
97.7415,6468.02
103.852,6348.22
92.9688,6289.53
95.5859,6738.93
101.198,6458.81
97.2529,6351.16
93.9878,5415.81
94.8212,6688.02
97.2995,5753.88
95.4893,6221.89
89.9836,6089.55
90.5031,5301.57
100.986,5524.05
90.404,6463.94
93.6571,6288.03
93.5664,5962.71
99.5681,6511.95
98.3506,6578.91
97.2631,6377.37
99.0432,6580.36
97.4677,7840.18
94.8446,6962.13
101.635,6559.78
94.9869,6282.05
91.6339,5428.37
95.7653,7165.67
104.536,6144.26
98.6693,7670.92
94.4416,6331.47
95.2582,5532.34
108.47,7175.44
95.1567,6300.01
95.4839,6045.65
98.4288,6936.76
98.0766,7022.27
98.4472,6053.27
96.4607,6837.67
95.2179,6530.75
98.926,6257.82
99.1275,6346.2
96.4469,7969.66
91.1236,5429.98
92.7209,5698.47
92.172,6553.26
94.0012,6574.11
96.0811,6355.56
89.8075,6003.01
92.467,6823.23
100.583,6982.85
101.129,6790
95.4806,6161.32
98.0244,6248.53
91.3396,5541.09
97.6618,7608.44
98.5013,6286.74
95.874,5785.85
99.0777,6835.29
96.6864,6461.8
97.1426,6891.34
101.051,6202.94
92.6038,6284.73
104.359,6277.15
97.24,7112.99
97.1134,7500.51
94.4161,6727.6
94.6843,7553.69
95.1112,5487.84
99.8431,5857.43
90.0767,5605.07
92.2178,6954.06
93.6089,5283.5
92.4225,6909.52
96.6538,6659.14
96.1919,5765.82
93.3983,6067.63
99.538,6031.79
94.7187,6905.96
91.7422,6329.52
100.314,6946.64
96.9429,7048.12
92.5628,6042.13
98.1856,6719.61
96.6269,6373.16
95.6441,6392.92
94.7917,5844.08
90.7531,7040.74
100.698,7205.19
93.0405,5986.82
103.221,7270.4
90.7611,5494.5
93.8624,7176.82
93.4455,5666.71
91.0906,6234.05
92.8101,6643.7
97.1949,7562.67
90.4492,6077.71
94.467,6739.59
96.0465,6882.83
97.7644,6526.92
91.9104,5301.99
96.8816,6862.86
88.8179,6489.65
99.0771,7418.03
86.3854,6155.42
104.06,6823.28
98.7733,6883.08
96.862,6221.23
94.3973,5797.91
104.407,6728.92
96.3749,6769.27
97.0245,6743.61
94.9237,5940.67
100.338,6108.35
96.3746,6764.55
104.198,6140.92
93.5028,6213.13
92.0425,5591.45
97.8366,6098.28
99.0251,5753.35
97.514,6287.83
97.1615,6663.65
91.128,5606.64
90.6281,6229.41
94.6223,6044.82
97.4985,6909.44
93.6366,6534.62
97.2024,5574.43
90.2199,6660.02
101.087,7790.75
94.508,5616.89
93.6314,6140.03
95.3997,6224.49
92.7164,5700.23
97.1753,6587.97
93.6851,6135.71
94.3131,6457.26
94.9608,5295.55
95.608,6645.63
97.5404,5511.3
101.179,6523.88
100.549,7322.79
91.156,6135.53
92.5789,6425.43
101.993,5854.35
94.7064,6191.14
92.3287,5632.97
98.6595,6601.15
99.8125,7061.72
92.8089,7004.13
94.4981,5801.82
98.554,6452.5
98.2436,5903.61
98.6887,5322.88
97.5952,6163.78
93.4788,6464.31
96.7069,6660.33
87.2404,6552
96.4036,6803.16
87.9206,5881.95
96.7625,5988.97
92.1373,6217.68
94.1419,5975.2
100.365,5335.14
89.7625,6516.1
91.5682,5823.23
95.8456,5967.33
92.0688,5188.69
103.234,5508.31
97.9897,6902.86
95.884,6128.75
98.3433,6958.9
94.8736,6433.6
98.1036,7546.55
97.0102,6202.08
95.9784,6662.82
106.054,6399.05
102.624,6858.98
95.7504,5789.25
104.882,8131.65
99.5659,6050.19
98.5475,5876.31
100.105,7138.47
93.0631,7233.88
94.5199,7120.36
97.645,6341.95
98.7056,6525.54
96.6566,5531.46
92.7447,6099.89
92.64,7461.06
95.73,6853.92
96.5282,6541.58
91.717,6363.12
99.05,5809.87
92.4822,5741.62
91.3649,6071.69
97.6458,6049.29
95.9402,7192.12
103.071,6452.23
95.6625,6568.42
92.0085,6429.38
92.6047,6159.05
96.0865,5939.31
92.7554,6302.37
98.3126,5756.25
97.1355,6394.14
98.9536,6343.47
95.7708,6275.53
95.4235,6498.52
97.1412,6425.33
100.88,6871.84
94.4213,7011.67
101.93,5865.3
88.8852,5112.73
98.1585,5322.05
97.6206,6899.65
95.184,6729.6
93.178,6431.7
95.5125,6327.89
90.7878,6526.41
96.1162,6754.73
95.3814,6512.21
92.9624,6636.5
96.4712,5929.21
97.1088,6679.43
94.02,6276.22
96.8466,6487.54
99.7346,7256.53
96.4542,5856.02
96.1828,6977.68
98.3828,6325.84
99.5216,6547.23
95.9794,5604.01
97.9297,6950.61
95.1736,6150.69
99.3704,6408.32
102.081,5945.48
95.4953,5177.86
99.1385,7179.05
102.665,6200.85
93.0981,6429.48
97.6572,6469.51
100.166,6916.28
92.9379,6894.37
96.9785,5865.31
97.4374,6925.77
93.9329,7604.57
96.6902,6439.02
94.7708,7013.89
98.9794,6060.27
93.314,6157.35
96.7006,5919.05
102.773,6213.57
96.7255,7441.76
101.168,5723.16
96.4528,6512.79
93.8515,6021.9
95.4324,6251.58
96.1718,6294.7
98.8535,6531.31
96.3961,7011.04
91.1625,6165.73
92.7238,6713.5
95.0341,5761.41
94.6885,6611.94
95.0628,6728.45
100.355,6364.84
95.2855,6351.63
101.498,6720.49
92.9422,6056.15
97.5613,6743.69
95.5766,6006.11
100.235,5568.28
95.4218,6346.32
96.1564,7720.06
95.8909,6531.99
95.4684,5589.74
94.5991,7144.9
99.5644,6019.23
94.5706,5899.93
93.816,6926.25
93.5873,5767.44
95.7438,6031.18
96.5754,6619.92
93.3437,6071.12
98.6609,5974.76
101.395,6988.86
92.8681,6022.12
99.365,6116.13
98.461,6925.16
102.214,6868.97
97.9987,6441.86
95.2861,6088.1
95.3938,6088.6
95.096,5862.97
98.3686,5920.7
98.8475,7059.43
96.7582,6203.98
96.1114,6280.05
99.9441,5939.43
99.7181,6265.25
96.4626,6581.13
97.2156,5864.6
94.2298,6404.54
96.2059,6954.03
92.6361,6771.17
93.4449,5803.27
101.294,6104.24
91.9006,5613.23
94.6688,6253.93
96.7253,7504.93
92.4937,6374.83
101.012,7496.02
94.5188,6264.64
98.9143,6483.55
91.6942,7140.55
95.958,5939.92
91.7001,7170.14
97.0629,6364.19
93.8886,5870.21
98.8332,6665.82
100.41,7552.73
98.3319,6553.82
98.5441,6820.81
94.7818,6896.77
97.8633,5797.02
97.3628,6714.29
101.83,6013.8
90.1997,5937.4
94.5106,6113.57
101.659,6897.35
101.324,6728.28
94.1757,5768.08
91.6941,5739.33
93.6548,6635.52
99.4322,7974.7
101.415,6391.7
96.9313,6403.6
91.2147,6260.72
104.776,5715.46
99.0627,7349.58
96.7017,6548.61
95.8483,5789.58
96.7794,6738.39
98.0482,7209.15
94.4943,6171
94.5719,6078.79
95.1723,6456.45
93.4389,6862.4
99.5122,7110.66
96.2034,5998.1
98.3934,5749.6
96.2845,7600.87
98.5972,8003.56
94.5908,6568.81
95.7517,6470.55
97.4059,6303.76
97.7794,7191.28
97.5785,7127.93
98.9218,6359.98
93.5168,6806.68
97.3715,5833.57
98.7817,5946.9
92.664,6055.14
98.142,6779.55
92.1707,6431.31
90.9535,5940.47
93.919,7265.42
93.3441,6419.23
93.9457,5881.66
104.1,6457.05
95.3716,6324.36
91.5683,5922.59
97.4698,6150.03
103.999,6391.18
97.3822,6819.07
96.1974,6736.03
96.5063,6209.25
97.1004,5692.18
99.509,6478.52
96.6557,6004.59
92.6133,6300.25
94.0884,6398.95
102.877,7095.84
102.311,6272.54
99.9022,6869.48
95.6487,6860.08
109.076,6221.59
95.702,6620.73
108.954,6215.91
99.1282,5426.03
92.2844,6563.72
96.9804,6394.3
94.41,6686.7
95.9909,6787.21
96.1697,5175.77
92.029,5906.05
91.8448,5541.86
95.0373,5944.74
92.5774,5875.8
94.5246,6870.08
92.9641,6518.03
90.7933,5310.23
97.5834,6896.52
106.597,6276.35
95.2888,6597.24
96.16,5694.12
99.8128,7247.61
97.8331,6684.07
99.7971,6751.43
97.243,6486.2
97.9692,7200.18
91.161,5812.86
94.4488,6130.4
94.8494,5608.2
91.1508,6647.45
97.8737,6498.8
95.346,6929.85
96.9203,6129.02
98.1093,5641.28
100.335,6798.88
98.9752,5819.6
101.029,6388.74
98.7766,6814.08
96.8577,6629.23
97.1828,5344.32
93.0378,7205.73
97.4274,6426.34
92.5405,5983.35
94.0588,6033.66
104.142,7100.38
98.035,6330.05
94.9353,5574.12
91.5644,6063.65
93.8598,7148.46
101.622,5799.55
90.5078,6209.98
95.5127,7410.29
104.726,6836.32
92.8217,5718.04
90.8477,6509.87
95.3928,5517.72
102.336,7207.06
93.0715,6107
95.3309,5582.23
98.1067,7097.85
92.1339,5742.31
99.7687,6425.42
99.9087,6122.6
98.3609,5111.22
95.6477,7463.58
98.0225,6349.62
96.8483,6020.47
96.3562,6234.21
96.0581,5678.6
101.216,6621.08
93.7353,6390.97
92.0193,6062.21
97.8922,5913.32
97.0858,7070.45
91.7355,5316.05
93.6163,5546.64
97.309,6640.01
97.4977,6577.89
100.332,6308.64
93.7155,6955.57
95.4093,6750.81
93.8822,7327.41
93.4423,6302.77
89.4371,5810.79
91.7151,6141.09
97.2949,6102.35
92.8629,6261.62
99.4536,6011.19
90.2372,6272.66
93.3349,6091.08
94.8255,5687.88
100.182,6506.96
101.507,6597.06
93.0538,7546.66
101.034,6771.91
99.0353,6671.09
97.2434,5991.9
105.846,5639.31
92.6472,6996.07
94.1766,5401.53
100.394,5650.03
94.5905,5802.58
96.2466,6413.98
94.8397,5541.21
102.162,7136.65
96.1972,6526.48
94.9571,5765.52
92.9277,6575.36
91.4978,6130.04
104.082,5916.09
97.6645,5703.16
98.8596,6302.43
98.8079,6656.63
100.033,5912.23
93.7229,7064.95
92.7924,7067.32
100.837,6246.7
97.4881,6132.86
108.384,6700.98
100.208,6566.19
97.2569,6821.93
95.7014,6534.56
96.4154,6963.55
95.4172,6301.97
92.4386,6802.46
103.371,6334.07
98.5494,5676.2
90.7513,6442.13
94.5828,6196.56
99.0049,6060.43
97.2412,6969.71
95.3229,5511.37
96.7584,6236.55
92.6798,6374.04
96.0132,6465.84
94.4253,5896.49
95.3271,5579.81
99.2826,5572.15
96.8358,6301.27
91.4907,6098.68
95.5222,6646.77
97.9324,5690.97
99.1714,5991.46
96.2744,5540.07
97.787,6434.58
99.7257,7604.81
98.8466,6145.19
93.3436,5712.5
99.9947,7402.45
94.5072,7721.31
95.301,5694.73
102.202,7319.36
97.5482,5993.99
99.938,6401.46
94.8513,7004.59
101.955,6502.76
100.846,6942.82
89.7269,6363.33
90.8493,6064.18
95.8007,5855.19
90.1981,5792.97
91.6592,5334.96
98.8193,6139.02
93.2958,6163.63
98.5052,6194.82
97.819,6346.33
102.411,6776.53
101.859,6140.57
99.3238,5717.63
93.7938,7024.83
96.4448,6207.66
93.7461,5019.4
94.9459,5733.8
94.1056,6096.86
96.5008,7611.04
93.1538,6465.9
91.8189,6271.46
103.489,6460.27
96.4983,6159.85
100.387,6158.44
93.6964,6776.96
94.2462,6082.11
93.4603,6141.1
95.0974,5421.61
96.6659,6666.17
100.779,6275
94.5663,5686.49
93.6548,6402.76
95.4402,6193.28
96.8525,7497.76
100.842,6111.17
92.5661,5443.86
96.1187,7642.71
99.8152,6851.81
94.2307,5443.73
92.4949,5817.33
89.0142,6594.37
97.5579,7149.16
98.1368,6186.6
102.616,7270.15
90.3897,6837.89
96.1462,6549.82
92.5398,6342
91.6597,5746.23
99.5311,6569.3
94.5504,7324.7
96.9483,7706.56
91.8047,6246.77
100.441,7440.96
97.6678,5721.58
88.4057,5891.74
106.446,6878.25
105.699,5849.01
98.5143,6760.82
104.943,5542.81
94.5751,6498.31
97.1769,6302.72
93.9764,6907.39
92.0465,5794.86
94.7768,6492.15
93.6992,6030.75
90.328,6592.61
96.7048,6479.56
88.2917,5999.45
97.1972,6572.74
98.7136,6116.64
100.271,6426.14
96.2843,5625.88
91.9744,7202.79
101.519,5829.87
98.7993,7399.95
99.2497,5389.58
100.14,6226.44
93.7269,6805.4
97.7076,6480.48
96.2739,5840.6
97.4719,6222.82
98.729,6407.74
99.8706,7753.82
103.813,7487.66
96.2254,6493.52
95.5903,6448.32
103.099,6841.3
91.3902,5438.76
101.931,7408.54
99.8759,6619.54
105.819,6949.89
92.4184,6298.76
91.7834,5739.82
95.2312,6148.3
89.8212,5574.65
92.8502,5751.39
92.2597,6549.31
93.8399,6270.76
103.189,6007.89
91.5656,6501.56
96.3032,5997.48
93.6599,6161.91
94.0645,6446.42
92.7933,6158.35
92.8388,6635.22
97.7108,5907.1
95.6379,5909.1
98.0572,5565.13
98.6232,4924.47
98.1566,6886.73
99.9394,6759.81
92.326,6178.19
97.3913,6750.43
96.2601,6651.18
98.8411,6610.68
97.147,6983.28
94.9229,5505.87
95.7537,5893.51
93.8731,6138.27
99.4292,6877.12
100.918,6108.04
92.5993,7079.53
90.9674,5595.8
94.18,5631.6
92.1192,6804.62
103.899,5637.04
98.6146,6319.53
94.1196,5775.27
100.852,6371.05
96.7427,6745.57
96.9742,5310.71
91.2243,5535.35
89.5584,6010.95
95.6152,5827.39
98.6932,6107.96
98.3033,5920.63
92.7271,6824.01
100.424,7042.49
94.6978,6100.21
90.3323,6238.18
98.4516,6805.74
101.43,6389.83
103.142,6313.66
97.343,5997.04
96.3279,5894.65
95.7359,5698.33
92.3743,5905.71
95.5477,6153.93
94.0822,6612.18
96.0209,7046.81
90.0713,6769.24
95.8462,6103.79
93.8539,6976.33
94.7723,6393.68
93.759,5320.03
98.4766,6545.13
97.173,6573.32
91.522,6296.9
93.743,6101.6
90.3949,7234.82
99.0494,7026.99
92.6399,5173.55
107.42,6473.17
97.1294,6239.64
98.8568,6895.57
95.8924,5932.29
97.3127,7337.16
96.6717,6302.21
102.08,6675.49
94.2325,7162.12
95.9048,7126.36
100.32,7063.67
97.7708,6360.77
101.011,6125.4
96.7117,7943.19
94.3264,6029.35
91.7458,6081.85
105.71,7341.99
97.004,6020.44
95.8735,6668.38
103.235,5756.31
92.6531,5407.11
94.8253,6057.09
92.779,5708.48
94.6629,6405.08
94.0349,6242.59
91.9754,6066.78
92.4625,6227.67
97.9568,5609.39
93.47,5399.95
93.7798,6381.73
94.8264,6100.38
95.6265,5961.68
93.3383,6844.36
98.6995,6652.89
101.322,6563.43
98.0568,7471.23
94.7817,7024.76
95.9061,5882.75
94.0251,6250.08
89.1783,5574.18
107.35,6871.24
98.564,5565.93
101.851,7318.03
96.2551,6787.08
97.8511,6123.88
96.0769,6234.54
95.1095,6218.93
94.7739,5939.18
90.5056,6262.29
93.3194,6143.51
94.3972,6894.8
98.659,5825.04
97.3047,6639.27
98.7859,5992.8
93.0827,6287.43
94.0147,5463.09
94.7548,5428.23
94.4827,5039.43
92.2632,6993.75
93.7084,6090.03
97.5367,6771.02
95.6248,6561.2
104.885,6646.69
89.7168,6110.98
89.5822,6495.88
92.8743,6904.56
98.8312,5317.58
97.657,6366.17
93.2013,6391.25
96.2231,6616
102.299,6306.01
91.5398,6229.09
93.9174,6316.91
92.2566,6303.36
96.7104,6834.99
94.9947,6071.9
97.7653,5714.15
96.3662,6410.15
94.4639,6643.24
96.3387,7271.19
95.4153,5976.14
92.2434,6668.54
95.1307,6085.1
91.631,5809.74
96.0342,7075.85
97.2454,6170.65
98.1197,6541.91
101.438,6895.46
92.8585,6432.48
95.4384,6542.25
SD
118.091,2555.94
109.321,2642.29
115.269,2944.51
110.992,2516.95
122.426,2971.07
110.159,2702.43
116.022,2590.98
107.75,2386.96
121.522,2497.07
117.95,3023.15
110.919,2572.25
118.126,2872.93
109.035,3332.04
117.759,3920.05
113.61,2363.35
116.807,3530.8
109.781,2804.57
111.424,3266.79
111.788,3517.86
113.618,2448.3
118.942,2644.79
119.918,2372.21
116.548,2748.15
114.049,2598.28
110.985,2430.94
121.468,2373.66
118.245,2701.45
115.093,2236.93
113.885,2572.79
113.334,2793.93
111.228,3305.95
113.833,3462.45
119.582,3125.58
117.478,2293.42
108.905,2059.88
112.621,2801.26
116.042,2911.43
114.012,3115.95
112.007,2455.59
109.61,3054.69
113.061,3178.84
119.731,2509.33
115.913,2752.58
114.573,2626.97
119.828,2976.53
115.952,2687.33
117.228,3065.07
115.836,2997.46
128.147,2597.92
117.647,2810.16
104.561,2713.12
113.726,3924.84
115.452,2879
115.16,2372.45
119.301,2535.1
109.793,2212.49
121.369,2557.36
119.677,2394.76
118.375,3130.41
113.292,2550.08
109.573,2437.84
117.696,2989.03
111.862,2939.62
121.672,3004.43
114.459,2765.01
116.963,3545.7
115.604,3183.62
115.032,3510.44
119.387,3177.56
118.671,2802.18
119.979,2808.55
107.27,2488.13
121.436,3311.51
118.888,2780.79
124.997,2507.18
115.073,2545.59
113.995,2924.5
111.534,3040.88
108.529,2761.26
114.48,3797.03
119.673,2795.85
114.738,3087.09
118.005,3233.12
114.106,3021.04
111.15,2881.15
125.218,2536.34
115.92,3037.34
114.138,2274.15
118.508,2960.42
119.77,2531.55
106.991,2386.19
113.814,2914.76
112.609,3004.82
114.031,2409.68
120.927,2743.5
107.531,2963.67
112.505,2676.58
111.115,2824.76
117.732,2782.64
113.209,3435.71
112.415,2814.84
111.557,2542.89
113.065,2546.7
117.999,3424.32
114.504,2879.93
109.619,3162.45
112.037,2673.85
116.799,3276.95
118.777,3132.85
112.685,2643.2
111.343,2761.39
113.367,2808.14
115.744,3279.58
112.648,2224.27
113.597,2398.91
119.256,3214.53
115.874,3076.23
102.919,2922.25
113.599,3270.82
124.376,3102.77
103.854,2353.77
113.001,3251.68
114.193,2844.64
117.465,3376.76
105.041,2979.77
116.166,2574.87
108.265,2339.07
120.641,2929.02
115.205,2286.72
108.213,2246.86
116.848,2811.83
112.617,3758.18
118.194,2872.01
116.953,2809.48
116.281,2557.78
115.886,2330.13
114.006,2663.27
122.416,2639.8
118.866,2582.56
110.252,2784.35
118.354,2693.65
114.637,2559.34
116.309,2812.99
115.108,2880.72
111.829,2628.9
107.308,3144.17
117.928,3414.76
108.198,2489.37
121.572,2409.05
115.496,3535.58
111.765,2865.71
116.706,3269.81
115.864,3180.76
112.536,3009.06
110.837,2947.21
114.124,3190.45
114.176,2532.5
115.775,2675.93
120.494,3194.05
118.261,3174.33
118.412,2807.89
111.243,2644.24
118.782,2882.41
117.27,2754.8
113.228,2756.81
117.644,2694.92
113.931,3009.21
115.775,2371.15
111.954,2771.15
111.898,2938.52
120.72,2889.87
121.859,3007.77
106.003,2595.23
117.929,2700.49
113.088,3293.52
116.771,3162.56
116.154,2756.83
115.137,3309.2
125.155,3178.78
120.49,2902.44
109.694,2153.4
112.418,2450.66
111.501,2577.72
111.159,2885.38
121.007,3303.42
116.971,3360.06
120.578,3564.45
121.132,2267.89
117.515,2943.21
112.584,2666.06
117.548,2863.56
113.153,2824.65
108.202,2653
114.756,3683.24
112.225,3355.38
116.53,2872.94
113.277,2829.19
116.426,2860.43
106.11,2491.81
106.19,2290.32
107.197,2134.64
107.766,2425.94
117.013,2941.11
121.543,3707.15
114.207,2830.45
126.756,3245.47
120.849,3691.56
119.929,3031.73
111.969,2490.2
115.836,2777.5
106.838,2333.91
111.773,2572.96
115.522,3131.23
115.838,2679.66
115.291,3369.29
104.948,2954.37
113.403,2567.8
121.013,2614.72
111.472,2527.94
111.78,3044.74
111.721,3038.29
119.509,3050.56
114.864,3104.12
113.524,2883.34
112.213,2771.18
112.73,3040.25
110.628,2772.54
119.26,2842.03
119.178,2817.19
116.63,2416.49
125.382,2530.46
115.885,2970.89
121.518,2660.01
119.458,2535.1
117.196,3158.12
119.679,3289.22
113.793,2997.85
116.885,3072.06
115.354,2562.9
115.599,2715.2
112.477,2452.46
115.902,2829.38
109.445,2650.01
117.407,3273.33
104.834,2214.6
117.345,3049.58
116.765,3266.04
122.687,3259.24
114.023,2927.11
107.129,3312.58
112.596,3084.91
115.62,3585.35
115.289,3115.75
111.75,2965.19
117.25,2536.63
115.094,3277.58
112.58,3180.35
116.464,2704.77
115.951,2353.34
114.309,3240.37
114.039,2809.48
109.013,3115.9
120.986,2961.67
109.045,2368.1
110.447,2492.26
115.795,3019.13
116.912,2995.8
122.119,3052.32
111.811,2808.18
119.25,2971.76
110.6,3090.11
117.109,3046.52
116.368,2702.64
108.305,2291.96
116.862,2882.93
114.192,3532.91
110.588,2594.45
118.578,2421.19
117.856,3678.6
115.744,2440.48
118.756,2875.24
104.299,2301.19
112.874,2723.85
110.85,2868.3
118.07,2605.74
109.641,2896.94
114.978,2283.81
119.529,3047.59
119.078,2896.79
117.242,2973.06
112.48,2712.17
118.431,2993.07
116.922,2792.96
120.169,2906.18
113.773,3629.15
109.999,2251.99
113.809,2504.82
111.736,3315.16
113.59,2828.85
113.921,2866.11
108.693,2570.01
105.748,2645.71
108.921,3452.21
112.006,2436.2
114.313,3381.92
105.566,2581.13
114.971,2590.7
112.377,2401.54
112.742,2792.11
108.969,2937.99
122.938,3263.63
109.436,2347.49
106.711,2535.06
117.52,3315.42
114.597,2628.12
113.515,2688.86
121.834,3003.99
116.279,2831.66
115.441,2111.05
111.704,2476.22
118.357,2756.04
111.773,2676.83
122.651,3155.82
109.409,2551.03
118.357,3739.64
119.766,2556.18
122.703,3414.76
117.603,2998.2
122.19,2764.94
113.35,2596.09
108.989,2825.7
115.274,3095.39
114.412,2664.26
112.245,3070.06
108.951,3237.14
120.636,3067.73
112.638,3059.22
114.668,2782.14
119.995,2526.19
113.839,2581.45
114.104,2797.76
108.174,3565.36
105.711,3177.19
121.457,3202.68
113.453,3130.96
116.378,2633.51
113.012,2568.35
116.524,2461.57
117.65,2539.62
116.95,3590.69
115.004,1945.27
118.538,2978.85
113.616,2453.98
122.639,2575.67
123.002,3426.81
117.466,2678.05
124.295,2789.08
119.732,3187.06
120.682,2706.99
111.332,3441.71
111.356,2822.64
105.28,3230.8
111.421,2948.68
122.479,3231.4
111.727,2810.48
113.002,2755.38
109.725,2628.84
115.673,2366.97
112.683,2654.41
113.905,2685.17
112.332,3175.25
109.724,2929.66
109.067,3123.49
108.209,2665.92
121.443,3119.96
122.129,3022.41
110.354,2260.37
114.749,2630.55
116.182,2707.48
103.983,3446.3
118.741,2602.18
120.835,2718.15
123.066,3120.46
116.996,3242.1
117.303,3189.31
120.505,3072.77
123.403,3126.5
124.899,3279.65
122.065,3162.39
126.039,2482.62
115.565,2982.48
109.017,2770.72
108.853,2367.61
119.274,2720.1
110.362,2996.49
114.439,2954.46
117.515,2753.67
121.951,2663.28
114.136,2748.67
109.582,2909.89
111.404,3263.2
112.004,2512.48
117.132,3182.63
109.837,2704.02
114.993,2266.61
119.885,2212.67
117.858,2841.51
119.761,2631.95
113.217,2799.2
119.155,2866.51
113.199,2653.11
113.68,2503.44
121.498,2575.54
124.848,3298.33
110.303,3044.62
112.387,2567.94
117.489,2870.28
116.276,3681.16
113.908,3488.06
122.286,3574.93
104.472,2453.07
107.225,2785.89
115.57,2970.67
115.419,2951.78
110.474,2997.77
117.207,2868.79
118.067,3250.15
119.278,3159.36
109.504,2311.29
113.933,2658.54
115.903,3196.05
111.153,2939.3
103.253,3283.68
109.758,2719.59
117.805,2964.05
110.32,2571.47
114.043,2684.82
118.923,2559.28
112.415,2667.69
124.854,3179.29
120.143,2583.33
120.221,2714.44
120.997,2609.66
118.624,3034.09
111.445,2568.31
119.085,2441.24
117.984,2843.78
116.326,2362.69
122.493,3391.98
118.363,2900.08
107.656,2232.59
115.969,3264.3
112.031,2847.8
121.8,3525.98
104.41,2450.55
118.315,3057.26
118.04,2844.8
112.257,3024.49
122.104,2994.71
116.173,3171.78
116.303,2787.67
116.925,2936.84
121.746,2386.42
111.182,2680.43
116.16,3201.37
110.62,2199.14
116.584,2825.25
110.158,2772.74
118.776,3221.5
126.601,2775.59
114.44,2666.47
121.017,2793.53
120.408,3020.9
112.617,2872.19
117.415,2965.55
107.928,2289.57
119.085,3519.81
114.391,2857.27
113.916,2774.89
125.121,2609.25
110.548,2472.3
113.186,2888.9
117.36,2508.16
109.399,2659.18
114.203,2750.28
118.504,3206.89
121.74,2654.14
113.497,2288.08
114.036,3418.29
113.958,2696.24
114.122,2475.94
122.435,3158.43
112.193,2859.04
114.696,2741.39
113.322,2848.57
117.297,3101.41
116.511,2852.83
118.981,3799.92
113.375,2958.57
115.117,2797.5
120.234,2444.6
113.824,3345.11
119.923,2670.75
117.832,2898.02
110.032,2582.22
125.847,3207.59
127.913,2710.51
119.223,2771.73
124.472,3753.16
114.247,2432.46
110.368,2648.56
113.281,2825.43
108.086,2541.78
117.805,3017.43
123.396,3492.57
116.325,3997.52
112.862,2537.15
109.077,2674.95
119.123,2957.56
117.485,2587.82
111.807,2851.51
116.889,3008.26
115.01,2774.09
123.718,2837.75
120.173,3391.26
118.723,2738.96
113.55,2572.35
118.109,3405.47
113.689,2663.37
117.697,2875.94
116.889,2588.89
114.937,3194.27
118.099,2796.66
113.229,3003.72
120.787,2592.82
120.454,2908.22
107.863,2976.59
118.092,3277.88
120.128,2921.27
118.874,3147.37
108.426,2309.43
106.462,2901.66
109.727,2358.07
113.743,2683.73
110.637,3166.96
117.237,3060.22
113.821,3318.71
113.203,3035.36
118.252,2994.64
110.585,2532.35
113.699,2605.85
110.46,2935.61
115.967,3036.28
124.388,2775.64
116.549,3054.01
112.267,2259.59
113.878,2460.31
116.244,3411.18
112.151,2705.97
109.847,2471.66
115.419,3053.39
113.131,3247.06
123.175,2896.64
123.144,2780.62
125.093,2612.33
112.131,2649.9
112.238,2590.84
116.931,2328.56
126.384,3224.94
117.676,2940.46
109.949,2438.85
111.466,3087.88
109.361,2504.06
117.263,2693.85
108.784,2201.2
107.033,2987.42
108.471,2929.74
115.377,3334.76
114.409,2814.13
114.78,3400.23
110.6,2405.51
110.503,2736.79
118.111,2236.63
108.663,3262.76
111.85,2430.1
106.05,3170.59
113.948,3133.89
117.66,3236.41
114.53,3089.87
110.774,3028.86
118.942,2608.54
118.505,2958.98
112.92,2880.85
111.433,2407.9
108.345,3093.24
116.26,3199.41
114.906,4078.43
118.532,2516.62
121.643,2839.21
119.052,2191.22
111.2,2492.97
107.909,2547.85
111.811,3415.14
112.097,3456.04
111.051,2844.33
111.942,2411.55
118.632,3146.45
104.794,3049.79
112.649,2637.79
111.574,2599.5
115.412,2403.38
122.278,2624.45
117,2814.45
116.006,2662.26
116.41,2652.28
120.675,2812.32
106.928,2837.26
118.03,2610.62
117.139,3096.38
109.799,2943.23
122.443,3206.39
112.386,2716.98
116.041,2943.96
114.928,2555.95
112.423,1984.61
110.851,3498.37
115.631,2740.79
115.096,2358.74
118.769,3005.89
114.891,3147.51
111.453,2845.91
112.138,2777.9
115.592,3210.47
109.01,3219.04
111.678,2554.27
112.724,3871.57
113.112,2394.22
116.657,2566.23
114.486,3142.14
112.791,2861.54
109.912,3123.6
115.805,2854.94
116.519,3169.74
106.33,2529.01
116.154,2745.71
111.136,3436.49
114.511,2726.9
118.235,2931.02
113.911,3231.61
107.632,2410.67
117.897,2933.36
108.604,2800.4
107.925,3336.53
116.114,2659.39
119.198,3115.14
117.184,2827.04
109.506,2812.79
116.765,3329.92
113.998,2944.83
126.888,3354.92
112.936,2983.6
115.523,2724.23
114.554,2539.78
119.126,2747.83
113.572,2532.73
115.926,2800.06
115.123,2749
108.574,2784.93
108.593,2896.6
111.622,2997.77
115.897,2504.95
111.015,3358.93
113.597,2553.76
107.051,3075.07
114.976,3174.84
108.978,2971.89
115.35,3546
106.204,2447.11
121.683,2612.57
116.689,2614.26
116.655,3168.39
117.247,3510.88
123.6,2649.51
113.222,2509.25
118.019,3279.35
122.927,2881.99
107.718,2521.56
112.926,2955.79
120.22,3143.04
117.562,2527.6
112.944,2773.6
108.365,3427.35
116.052,2553.25
116.193,3257.8
119.221,3523.28
110.007,3360.65
119.336,2783.55
118.019,2801.48
114.801,2640.47
114.801,2916.51
105.516,3186.97
115.544,2937.62
113.49,2903.25
116.28,3084.77
110.628,2851.11
113.241,3095.91
119.994,2259.26
114.688,2814.65
104.839,2703.27
111.305,2841.43
114.846,2904.54
114.006,2450.59
112.934,3189.91
116.933,3148.07
115.507,2667.25
118.837,3318.22
118.346,2903.07
113.243,2846.19
113.96,2823.02
115.972,3120.88
113.854,2730.37
101.847,3139.8
113.988,2474.73
117.479,2461.85
118.702,2748.57
118.904,3437.79
115.912,2575.12
116.759,2725.56
114.513,2600.35
112.573,3045.76
108.398,2432.47
116.1,2323.2
120.128,2780.72
118.396,3740.45
113.955,2736.56
122.5,3155.12
112.044,2886.49
116.312,2947.95
116.092,4250.81
121.648,3540.69
117.673,3150.3
108.252,2683.75
115.311,2861.35
116.719,3120.89
118.722,2126.51
128.647,3709.99
117.222,2876.93
113.065,2656.78
117.98,2400.79
106.445,2699.86
116.265,2739.16
116.961,3120.95
116.307,3030.78
120.073,3759.23
113.016,2396.45
102.568,3044.67
122.486,3260.25
112.525,2710.62
110.564,2640.26
121.488,4279
110.496,3204.96
114.317,3493.7
108.573,2980.39
107.305,2651.41
114.058,2676.6
118.9,2644.6
113.78,2514.22
119.257,2951.51
113.822,3066.99
118.993,2839.67
111.175,2824.38
122.538,3011.7
118.372,3023.63
109.535,2462.85
119.907,3315.52
118.265,2762.14
106.033,3037.2
109.588,2319.48
112.683,2520.32
115.114,2783.84
109.398,2797.97
114.65,2086.39
116.124,3121.5
118.23,2606.73
118.723,2835.24
113.363,2888.07
116.653,3097.48
122.327,2758.91
112.467,2796.26
109.215,2694.67
116.484,2216.9
117.187,3107.88
113.555,3576.52
109.151,2576.19
109.504,2396.33
116.32,3336.28
117.171,2437.19
119.801,2842.72
116.823,2551.13
111.937,3127
108.005,2652.06
120.887,2930.14
111.594,2642.42
117.571,2510.48
122.288,2857.69
109.725,2554.44
114.212,2848.48
108.41,2277.52
108.193,2629.49
116.393,3202.39
109.654,2759.35
111.968,3317.54
111.393,3247.79
114.534,2557.43
114.759,2524.9
124.838,3213.07
105.984,2602.98
107.264,2872.08
117.885,2808.51
114.122,2263.62
112.743,2631.88
110.72,2720.16
114.822,2663.54
122.847,2164.51
113.324,3168.27
113.249,3264.78
116.108,3031.38
118.117,2883.81
109.141,3409.78
116.13,2916.89
119.239,2823.57
107.155,2616.84
124.652,3543.62
112.786,2476.1
120.995,3178.62
116.854,2936.05
117.924,2580.91
125.195,2996.74
118.596,2848.85
124.465,2744.51
112.728,3102.03
113.962,2507.91
105.698,2830
108.058,2979.5
109.884,2532.84
112.788,2359.83
109.794,2830.85
115.899,2801.81
114.589,3301.39
114.901,2698.72
117.544,2647.24
110.806,2787.96
111.701,2451.43
111.766,2856.91
119.291,3036.66
114.104,3203.36
121.188,3364.8
110.828,2715.03
117.41,3541.58
115.604,2312.29
112.141,2045.73
116.773,2793.06
103.833,2543.6
120.782,3153.44
119.744,3301.17
113.938,2791.42
113.967,2444.84
112.544,2234.42
113.725,2949.69
119.471,3161.88
106.277,2280.33
110.354,2974.14
118.163,2668.8
111.129,3009.87
115.019,2835.87
115.285,3070.14
109.748,2743.29
116.2,3086.43
108.87,3071.34
112.157,3428.32
112.87,2671.34
115.901,2822.39
111.307,2601.35
112.54,2692.15
108.977,2743.45
120.484,2578.94
118.344,3189.96
118.441,2694.42
118.412,2454.03
119.691,2462.08
112.462,3094.67
109.328,2522.75
115.005,2883.66
109.891,3060.65
117.422,3180.84
122.185,2292.42
110.415,2999.8
113.716,2894.57
110.056,2221.03
117.682,3328.17
106.767,2213.01
110.676,2575.25
114.952,2811.7
120.593,3242.57
114.404,3545.31
110.699,2830
114.907,2789.54
109.301,2734.2
109.559,2627.62
115.415,2675.65
124.457,2838.33
110.016,2914.99
118.059,2663.43
115.402,3006.93
111.892,2936.41
119.739,2957.87
115.933,2858.5
114.718,3238.5
114.453,3095.2
121.021,2809.95
119.851,2764.79
109.276,2370.94
112.85,2227.45
113.681,3021.57
106.952,2777.7
117.788,2526.49
119.076,3088.61
117.9,3391.07
113.9,2391.84
126.442,3203.99
110.709,2910.17
113.512,3016.07
116.872,2703.27
116.645,2727.44
110.11,2545.43
125.38,2831.06
109.127,3423.19
110.005,2852.43
114.743,2620.39
123.684,2925.95
99.9907,2745.3
113.189,3119.09
111.586,3115.4
113.31,2651.33
109.86,3270.92
111.47,3158.56
115.216,3114.16
120.122,2668.23
114.197,3354.34
116.077,2822.44
110.684,3253.61
116.907,2818.82
112.194,2586.46
118.803,2527.49
114.573,3155.79
105.295,2788.11
114.248,3122.33
122.131,2607.8
115.854,2662.87
111.404,2722.78
108.652,2849.63
115.975,2749.98
109.569,2514.18
114.996,2482.67
113.765,2719.11
114.565,2405.65
117.012,2715.91
113.014,2859.39
111.072,2914.45
105.553,2561.33
115.623,2893.96
115.67,2644.55
116.363,2384.26
116.392,2549.71
123.06,2486.32
119.413,2903.93
114.375,2406.39
117.611,2388.61
114.894,2585.69
116.165,2660.43
115.164,3201.78
118.581,2765.49
113.897,3302.36
111.091,2964.12
111.511,2348.49
123.296,2967.89
115.326,2867.91
112.06,2289.08
114.201,3084.85
120.846,2577.81
107.989,3236.55
115.41,3433.12
112.004,2496.31
114.075,2658.65
116.561,3056.7
123.493,2719.35
113.181,2723.1
115.068,2947.09
118.602,3742.93
118.045,2970.17
WO
83.7401,2197.55
81.6287,1832.2
80.803,1704.13
85.1077,2486.58
83.4963,2597.89
82.9526,1841.11
84.4219,2132.24
83.1261,2072.35
83.0174,1858.13
85.4974,2542.25
85.1008,2883.7
82.2073,2084.04
84.6981,2473.53
84.2843,2398.37
84.2263,2371.54
88.2327,2414.74
85.6664,2245.5
85.7139,2245.52
85.0902,2161.15
82.2581,2338.75
84.5037,2340.08
86.8534,2155.46
80.5649,2082.54
85.5808,2269.84
83.9377,2485.57
81.1989,1838.2
85.6757,2467.43
83.5212,2218
84.5812,2020.85
83.8838,2097.82
83.8405,2336.67
84.325,2636.01
87.3237,2111.83
84.1361,2965.57
88.3052,3244.27
83.8079,2487.47
85.0829,2503.33
88.2527,2184.4
85.1741,2294.89
86.4603,1888.86
80.2741,2018.31
83.5899,2317.02
83.8635,2160.68
86.854,2297.43
82.6896,2077.25
85.3519,2261.97
85.4943,3316.77
83.2108,2147.38
86.3925,2917.91
83.3759,2591.47
80.9516,2184.12
87.9427,2290.73
80.4307,2531.03
85.9077,2719.34
81.4275,2665.78
87.583,2411.19
85.2342,2683.31
83.4275,2078.56
87.3564,2379.55
91.0802,2366
81.7187,2580.25
83.4643,2003.44
83.434,2221.48
81.4153,2524.26
83.9641,2216.35
88.0658,2068.64
88.6732,2859.19
85.4266,2380.67
86.6136,1742.14
82.4724,2545.98
82.6872,2445.17
85.7204,2804.31
86.3782,2807.44
84.2081,2537.94
80.9293,2215.84
82.1383,1883.06
83.903,2012.74
87.0286,2298.87
82.2013,2401.26
84.6354,2445.41
84.9311,2150.83
85.1622,2563.68
82.5965,2463.04
81.635,2051.38
83.7781,2282.79
83.5232,2249.35
82.5761,1953.8
84.5746,2319.92
85.1367,1820.37
86.2994,2912.24
80.6677,2177.25
87.1056,2258
81.6051,2123.15
82.5692,2250.67
81.8014,2304.95
84.3538,2551.76
86.5917,2415.35
84.3541,2026.63
85.4461,2251.65
84.5272,2917.65
81.0196,1859.04
82.6861,2284.92
86.0744,2797.32
82.4742,2131.13
83.3827,2547.54
84.1955,2065.71
83.4864,2428.51
82.8408,2071.58
82.7933,2191.66
82.3465,2020.52
83.3282,3012.01
83.1731,1945.97
86.2111,2403.33
81.1518,2653.39
84.592,2082.94
87.4044,2221.34
86.6282,2856.98
84.1112,1967.55
85.7135,2118.81
82.8272,2342.95
79.7119,1946.98
85.3092,2126.61
83.767,2198.85
84.291,2373.32
84.1662,2528.81
85.2028,2605.56
84.0267,2437.27
84.333,2428.54
85.6831,2620.44
87.9964,2301.99
84.4088,2042.82
84.9362,2369.8
84.9849,2433.81
84.9291,2037.06
82.8497,2169.24
84.4556,2253.45
82.1312,2279.75
81.7244,2264.08
84.6689,2139.77
82.4508,2078.75
85.8012,2097.43
87.6055,2615.29
90.5291,2360.6
84.0058,2904.33
84.2112,1796.81
87.9586,2877.24
80.9934,2262.79
84.1544,2479.19
84.0651,2285.44
82.4953,2056.34
83.5633,2809.53
84.5595,2345.22
83.62,2529.7
86.652,2505.74
83.6231,2055.63
85.8865,2038.63
83.3832,2283.31
83.1086,2009.71
86.0358,2520.36
82.1501,2281.88
84.2003,2287.6
79.5691,2419.63
81.1409,1925.49
84.0481,2150.01
84.1845,2445.72
81.3798,1789.2
84.9405,2377.16
82.9657,2506.24
83.1883,2417.88
82.8909,2325.97
86.9744,2505.96
85.3991,2222.95
84.62,2434.16
86.6366,2313.78
80.7363,1939.66
87.534,2308.76
84.5633,2745.92
82.3226,2721.53
86.3232,2215.39
84.1629,1891.88
83.255,2652.19
84.2832,2042.97
82.0159,2700.91
85.2639,2442.35
81.6726,2280.81
82.1775,1856.44
82.625,2384.04
83.4906,2361.15
85.841,3110.73
83.8178,2128.81
85.6847,2026.71
84.6348,2660.28
81.1939,1913.68
82.6045,2746
83.0721,2116.34
82.5264,2033.38
83.4399,2226.86
82.3015,2139.99
86.64,2783.8
85.5923,2007.21
87.3634,2615.51
87.1152,2558.82
82.3796,2150.59
81.2528,2336.04
84.7966,2225.55
83.1618,2922.23
83.4018,2794.11
82.5909,2970.6
84.1461,2543.52
83.5172,2160.41
81.9395,2461.91
82.4266,2154.73
84.9923,2234.23
82.5143,2099.21
84.526,2141.54
82.206,2168.35
83.7009,2139.36
86.3257,2709.6
82.2664,2329.32
85.1917,2104.25
83.9628,2483.68
84.2959,2008.7
82.9373,2644.22
82.6282,2200.06
80.4257,1780.67
85.6271,2332.6
83.6929,2302.06
86.5401,2058.86
83.8356,2378.78
82.3418,2242.55
88.4788,2757.72
84.7882,2433.55
83.6455,2229.06
81.6304,2120.48
82.7978,2708.67
83.8042,2239.96
82.0004,1961.54
86.3989,2245.16
87.222,2044.88
83.6485,2480.99
83.1969,1998.7
83.4418,2069.55
84.0826,1938.72
84.4357,2013.85
88.9711,2596.4
81.826,2141.51
85.8159,2490.01
86.3116,2424.73
86.9056,2445.85
80.8569,1773.51
81.2306,2950.89
82.1306,2226.13
81.5719,2427.16
82.9248,1976.3
85.4558,1950.17
82.394,2305.09
84.621,2176.81
83.1666,2626.72
82.3506,2466.36
83.6897,2014.76
83.2,2420.14
84.8232,2064.46
81.1288,1859.43
84.8652,2198.53
79.9755,2082.07
82.0504,2361.92
82.0592,2466.61
85.6225,2243.82
86.206,2333.27
82.4914,2376.63
86.8775,2186.92
82.0302,2346.07
83.0998,2384.84
84.9365,2000.39
81.8044,2291.57
82.9128,2728.98
87.3299,2591.71
83.0944,2094.98
83.073,2414.1
82.2024,2002.34
84.4779,2915.14
79.9897,2062.15
83.9387,2350.71
84.1422,2629.22
83.9525,2155.31
86.3607,2348.98
84.6072,2231.65
81.4861,1956.35
82.8301,2179.54
84.1739,2324.75
81.9983,2402.83
85.4693,2567.78
84.3319,2611.29
82.4619,2361.62
81.2957,2588.05
83.4119,1830.04
81.532,2335.79
84.7891,2121.77
83.1634,2224.93
88.5537,2507.38
81.8695,2237.95
83.4048,2538.56
80.4251,2962.62
82.98,2257.94
82.5642,2197.84
84.1992,2713.54
86.2608,2201.22
86.4836,2009.92
82.3392,1944.81
83.346,1952.53
84.0536,2307.37
83.6184,2010.22
83.4716,1983.18
83.4795,2245.69
87.5889,2462.29
83.8452,1948.16
86.124,2303.46
83.2639,2798.12
83.0558,2476.43
86.0682,1897.7
84.5316,2179.86
81.8528,1904.21
87.4775,2448.33
84.6547,2176.8
87.0689,1951.74
83.0566,2285.59
84.6446,2330.4
83.0315,2394.1
80.7263,2302.59
83.9152,1955.17
81.9524,2147.59
85.8444,2331.01
85.0352,2184.81
83.1428,2497.83
82.0494,2148.83
84.055,2379.97
84.7965,2678.35
85.189,2791.96
85.9867,2087.84
83.6651,1990.74
81.4726,2129.98
84.2256,2212.08
86.9983,2389.71
82.7421,2178.32
82.2852,2005.8
84.777,2360.19
84.6298,2872.24
82.7523,2089.38
83.5599,2250.17
82.1442,2801.37
85.0594,2436.51
80.091,2186.8
86.1148,2664.17
81.4429,1798.04
88.5238,2600.38
83.0519,2106.39
84.6787,2000.56
84.7069,2627.14
82.7283,1902.47
83.9038,2316.37
81.4688,1953.93
83.5044,2065.16
81.5857,2327.5
85.1895,2038.57
84.0492,2458.02
86.7535,2238.99
85.7156,1914.72
87.8337,2071.13
85.1419,2362.72
85.4067,2567.7
82.9418,2291.24
85.9021,2315.8
80.9832,2413.26
82.5138,2072.61
83.2864,2160.18
85.4453,2302.14
82.3734,2095.67
84.7823,2353.73
82.6191,2178.03
85.3069,2170.38
84.8965,2399.54
82.9886,2023.26
84.6617,2491.55
88.033,2280.69
88.5077,2458.67
87.8926,2553.43
81.7101,2098.37
86.5113,2402.92
85.8805,2683.64
85.7666,2155.99
82.4472,2218.05
81.9687,2181.21
81.1825,1944.81
83.4047,2679.07
86.9941,2520.36
83.8897,2181.65
83.45,2193.56
83.2655,2243.11
85.1986,2261.71
83.9581,2535.71
83.6483,2289.21
86.5472,2170.79
83.0986,2397.8
83.3242,2433.3
83.7774,2444.32
85.8816,2622.36
82.914,2108.61
83.3368,2125.39
83.6264,1909.41
86.2989,1993.2
84.4709,2136.42
83.9856,2702.74
88.6071,2192.84
87.8508,2337.99
84.354,2265.04
86.9374,2376.24
82.2461,1722.63
82.9262,2482.37
84.4749,2141.83
84.0409,2643.89
86.232,2236.2
85.7615,2596.6
85.3885,2310.56
85.2402,2370.23
83.4281,2653.38
84.3532,2186.77
84.9091,2477.45
88.2298,2135.87
85.1694,2654.62
83.1691,2397.99
82.3569,2019.69
84.4529,2269.73
83.7581,2454.95
86.5173,2325.15
82.4869,2215.39
83.4853,2136.65
85.7174,2614.26
82.3428,2440.55
83.0604,2384.49
82.0274,2297.71
85.072,2430.65
83.3963,2183.59
83.9545,2453.36
83.3703,2742.61
84.4819,2644.94
83.2661,1963.31
86.1544,2138.42
83.9775,2400.41
84.6419,1922.95
82.1104,2007.71
87.163,2231.61
83.179,2618.76
86.3618,2564.9
83.9551,2482.17
84.3811,2052.44
86.6303,2435.89
85.2091,2257.6
85.2616,2608.65
81.277,1895.21
83.387,2456.07
84.6887,2288.17
86.6124,2364.04
83.0568,2053.12
82.5512,1844.99
81.7707,2458.32
83.9944,2055.21
82.5282,2126.13
82.3642,1942.32
85.2576,2255.93
85.9939,2866.5
80.7828,1875.52
81.2356,2535.09
84.1637,1864.05
84.6623,2204.9
84.1902,2973.3
84.4832,2206.39
82.5357,2032.69
86.0369,2550.06
85.1647,2826.89
89.0735,2062.57
86.1985,2299.38
86.828,2787.78
87.3421,2378.57
86.1095,2034.88
85.8602,2335.24
82.5901,2242.75
85.8561,2512.56
81.0511,2255.19
85.4682,2238.2
82.9344,3215.11
81.8251,2423.16
82.7434,2269.32
84.1432,2128.69
86.1888,2776.45
85.5485,2045.25
85.4677,2795.33
84.865,2499.93
84.519,2152.72
84.5514,2387.67
82.2379,1973.68
85.6518,1896.61
86.3058,2257.19
85.045,2537.58
85.9722,2542.9
85.6454,2640.04
82.6213,2417.44
83.4043,2215.79
83.6141,2226.47
81.1937,2983.09
84.3285,2614.71
84.7909,2752.45
86.0065,2969.49
85.0235,2412.3
83.9569,2529.42
84.0631,2226.6
84.0601,2421.97
85.5916,2891.91
88.1481,2252.17
82.8962,1871.64
88.4863,2531.46
85.5567,2362.03
83.8102,2130.76
84.0069,2037.56
82.6121,2595.38
82.3806,2126.85
84.4343,2282.5
82.3397,2120.22
86.1387,2549.96
84.0509,1895.89
82.2623,2093.75
83.6623,2708.46
82.7706,2807.88
86.1388,2435.72
83.7344,2246.62
83.2805,2582.23
84.4996,2148.32
84.3706,2239.44
85.5605,2821.63
86.6915,2582.86
82.4305,2241.01
82.8036,2395.69
84.9251,2140.31
85.1459,2723.88
83.4932,2885.49
86.4964,2154.15
86.5198,2640.96
80.4809,2292.69
86.5561,2458.96
86.0706,2854.87
84.9308,2296.82
85.4099,2280.63
83.7897,2131.54
83.0883,1927.74
84.2409,2443.18
86.2453,1990.12
82.9921,2566.39
81.1072,1960.85
87.0469,2354.46
81.9753,2180.9
84.1313,1844.66
84.9976,2362.76
84.9151,2361.55
84.4264,2298.02
85.3652,1933.79
84.326,2312.47
83.0364,1926.24
84.5126,2725.54
81.7235,2557.6
83.2777,2257.8
83.7384,1977.94
83.8058,2352.73
82.0415,2152.48
84.0169,2730.6
82.3724,2506.75
82.4355,2366.05
85.3185,2666.2
86.3462,2114.11
85.477,2451.62
86.0756,2246.93
85.394,2454.48
89.1557,2018.22
82.9822,2922.03
83.6934,2937.67
84.4926,2292.89
86.9569,2207.01
85.6074,2522.04
84.502,1874.09
83.3669,2086.47
83.1694,2274.78
79.8562,1687.88
87.0234,2089.38
86.8361,2772.39
84.7666,2219.38
87.2339,2196.13
82.2539,2020.19
84.3469,2234.94
82.8827,2112.42
82.6459,1889.04
86.8998,3228.84
86.4903,2528.32
82.2885,2166.19
91.7683,2276.34
85.1454,3076.46
82.6184,2409.3
87.2891,2658.15
82.1633,2704.72
85.4821,2020.79
81.0176,2868.72
86.9648,2618.6
86.2533,2425.67
84.6481,2032.97
83.8626,2069.88
82.9477,2756.97
87.2487,2301.2
85.5142,2504.96
86.8833,2072.93
84.3456,2548.74
83.8114,1892.06
83.0955,2706.12
86.8276,2711.54
83.7729,2330.19
83.6894,2914.32
86.4046,2340.99
90.0115,2628.45
85.355,2321.07
80.0081,2093.68
84.5602,2197.51
83.4623,2212.26
83.7618,2243.38
82.8609,2377.32
84.5555,2127.52
83.7502,1808.37
81.914,2253.63
84.5405,2463.15
83.7629,2346.02
86.0193,2732.9
84.5716,2192.18
84.9718,2296.66
82.903,2581.76
86.2899,3098.55
83.6949,2540.09
82.5844,1991.53
84.3646,2210.01
86.1724,2487.38
84.1344,2532.16
85.6079,2343.19
83.8153,1835.72
82.699,2341.18
83.7733,2828.25
86.0427,2059.45
83.1708,2227.53
83.5664,2378.14
82.3901,2360.89
84.0482,1756.87
84.0103,2715.85
84.1125,2357.87
85.1671,2194.38
81.7603,2281.94
81.0613,2076.99
81.6514,2361.51
85.9019,2402.7
83.4908,2943.86
85.1512,2335.19
85.7121,2188.63
85.2587,2332.87
81.8508,2360.26
81.3679,1965.49
83.0518,1969.43
84.3081,2283.24
85.657,2121.3
84.5651,1944.28
84.3833,2341
82.2763,2151.65
82.7619,2139.4
81.0387,2200.72
84.5578,2282.67
85.0405,1989.66
82.6545,2517.46
81.9704,2328.51
86.5915,2441.56
86.2746,2328.71
85.4743,2749.8
85.3495,2085.36
85.8146,2525.98
84.3157,2106.87
84.2673,2068.8
83.6856,2394.47
80.627,1742.48
82.686,2123.26
81.9531,2505.79
87.4376,3293.5
84.2445,1987.95
81.8686,2517.37
81.4397,1725.5
84.5598,2151.09
87.9437,2637.49
84.64,2305.72
87.1003,2815.36
85.4566,2202.26
83.0968,2475.43
87.8634,2059
88.8645,2663.05
84.859,2418.82
80.0859,2015.64
85.5822,1917.24
83.1298,2717.64
85.7139,1947.69
83.0735,2768.39
85.348,2185.26
83.4084,2588.28
84.4193,2365.2
85.6996,2339.14
86.2072,2358.56
83.7076,1994.52
83.2739,2143.73
83.3238,2312.17
82.5135,2480.04
83.7468,2576.12
83.2592,2736.68
83.9046,2197.65
81.7494,1661.82
84.5202,2343.52
83.4416,1880.1
83.5033,2369.38
87.2228,2059.03
83.4254,2666.74
82.8362,2185.88
82.0279,2135.58
84.5077,2326.67
83.5627,2129.88
85.9762,2148.33
81.484,2401.07
82.7158,2212.41
89.575,2831.36
82.89,2522.84
82.4848,1945.37
83.6983,2136.95
85.1899,2845.52
82.2824,2130.48
87.2213,2653.85
84.3205,1762.51
83.5998,2092.04
81.3943,2159.81
83.6779,2038.34
84.66,2104.74
82.2951,2609.92
80.5316,2197.74
82.0056,2330.73
82.7509,1958.67
86.1461,2722.92
81.2301,2204.24
86.5455,2279.16
85.1383,2603.94
85.9116,2230.52
83.6581,2091.71
84.0937,1865.78
85.1716,2202.58
85.0659,2745.55
89.2677,2205.21
84.2468,2082.56
82.9459,2116.12
85.5547,1951.15
83.0752,2047.3
85.6783,2778.33
85.6738,2279.81
83.9421,2121.92
85.6517,1908.29
86.4655,2622.26
83.1953,2422.08
83.993,2310.95
82.8442,2307.89
83.9701,2184.93
82.2035,2482.3
85.6238,2192.31
82.7844,2022.57
81.0581,1989.49
82.3899,2408.35
85.6175,2181.17
83.8181,1753.71
87.0926,2357.5
82.7236,1987.79
82.5186,2256.06
82.7984,2230.28
82.9141,2113.52
81.7784,2394.03
82.3659,1854.78
80.9529,1986.01
82.9567,2330.92
83.8314,2134.69
80.0906,2502.03
84.0737,1864.44
84.2548,2698.6
85.3521,2687.72
82.733,2374.81
85.554,2226.38
84.8247,2395.26
84.7128,2711.71
87.9918,2446.57
82.0871,2477.6
85.1496,1991.55
82.5404,1890.76
90.0471,2927.56
85.9239,2023.98
80.7849,3080.87
82.4612,2339.04
82.9767,2470.94
84.2216,2156.36
81.9142,2145.49
81.8658,2860.81
85.7954,2228.72
83.8198,1995.07
85.5552,2498.01
82.6308,2226.51
84.0687,2635.26
87.2595,2470.72
82.4517,2497.75
81.3204,2611.04
86.8608,2466.87
85.225,1927.7
84.6646,2055.26
87.5936,2408.64
83.8514,2019.7
81.9379,2096.37
83.3822,1908.14
82.6961,2383.68
82.3418,2209.14
81.7142,2754.85
83.3354,2095.11
84.5064,2563.2
85.6705,2484.83
84.2436,2297.06
85.0899,2156.64
87.9872,2223.99
90.0946,2517.93
84.9134,2373.88
81.8993,2251.46
87.2936,2612.62
82.6307,2320.61
86.4497,2276.74
88.2612,2530.95
83.5697,2283.37
85.3417,2454.42
81.8491,2464.67
80.8364,2296.97
82.2701,2853.75
87.1853,2465.15
80.9622,1848.45
85.7606,1975.01
83.3373,2029.4
83.443,2477.78
83.996,2790.63
86.651,2103.09
84.963,1790.22
83.9297,2363.08
84.5489,2667.35
83.9107,1938.37
84.0101,2287.83
86.0541,2840.95
84.8796,2020.89
81.9421,2396.66
88.6137,2587.61
83.5351,2405.02
84.2342,2351.35
82.6016,1945.7
85.3271,2047.55
82.8241,2465.63
82.7877,2622.67
85.4958,2615.19
82.1282,1932.21
84.0773,2539.58
81.405,1984.02
84.7662,2827.89
84.0985,2429.69
85.4207,1861.42
84.7328,2189.88
84.1787,2209.93
85.0993,2298.81
87.3418,2100.24
88.9379,2256.36
85.1851,2199.39
79.98,2248.26
82.9165,2272.91
84.3636,2271.93
86.967,2316.19
85.0005,3226.04
86.0534,2671.06
84.1146,2439.84
80.9347,2219.58
85.4482,3327.69
84.6458,2280.97
85.6157,2448.25
82.9738,2221.12
82.9329,2255.14
82.7818,2819.71
80.3072,2168.86
81.9252,1900.34
85.8456,2250.11
85.1118,2565.33
86.0822,2305.84
85.6492,2093.45
81.463,2144.96
83.3055,2464.42
83.1648,2458.43
82.8521,2520.86
85.1906,2491.81
83.1399,2241.9
85.2584,2191.8
84.7924,2872.45
82.4508,1923.28
81.8176,2200.53
88.6801,2064.74
83.3575,2547.84
82.5059,1886.52
83.5148,1978.59
83.3344,2180.84
83.3554,2361.97
80.0838,2910.48
87.2063,2121.93
84.2287,2721.61
83.2213,2187.15
82.6461,2449.31
82.6719,2277.87
85.8413,2284.03
80.9742,2217.84
84.2562,2131.04
85.5714,2445
80.951,2210.28
82.1449,2150.91
85.8804,2719.54
83.0119,1975.5
81.5376,2438.63
82.7234,2093.86
81.522,2295.78
85.4645,2785.06
86.4543,2232.82
86.2654,2001.83
80.9184,1893.24
83.088,1956.98
82.4383,2199.56
84.6469,1995.85
81.6178,2253.35
82.0363,1820.78
84.4128,2233.76
81.8996,1939.29
80.723,2216.74
88.3999,2373.54
82.4355,2405.25
85.7515,1995.5
84.5838,2525.11
85.24,2029.03
86.3511,2218.01
85.7833,2114.64
86.4463,2136.79
85.468,3140.71
81.8766,2193.2
82.5507,2726.5
82.3202,2308.68
85.9209,1807.39
87.4501,2322.81
86.6537,2977.04
86.8815,2498.36
81.7636,2793.31
90.27,2366.06
82.9391,2114.55
86.2804,2544.25
82.7601,2303.17
80.0435,1834.18
83.3621,1996.84
86.382,2961.08
87.5089,1781.07
83.6039,2038.45
84.9145,1989.76
83.9704,2180.85
82.1735,2120.29
88.9874,2339.65
84.5395,2300.79
85.2081,2502.95
85.3656,2169.07
87.5685,2183.45
91.2424,2715.98
85.5862,2202.25
89.3336,3097.38
84.4257,2469.66
80.458,2013.38
84.9806,2234.61
82.3203,2270.81
85.0222,2012.97
82.2809,2117.03
81.421,2654.72
83.8627,2277.38
84.6959,1884.09
83.649,2437.89
83.8773,2634.02
86.9464,2650.63
86.7079,2177.18
83.9091,2341.82
85.2111,2311.95
84.6308,2488.32
83.6106,2137.56
84.6602,2570.21
OPT
77.6468,1000.6
78.0538,1298.93
78.5834,1481.14
78.9754,1413.87
76.9194,1363.42
79.1821,1186.44
78.0732,750.656
77.3659,1149.64
79.3613,1319.88
77.2819,662.024
79.8349,915.781
76.4952,1359.52
80.0871,1230.1
77.6886,1303.64
76.7296,1426.85
77.4855,1005.79
78.7287,1162.45
77.3304,878.824
76.5298,929.351
81.5187,989.659
78.4159,1166.3
78.9643,1024.6
79.0995,1369.76
80.375,1229.36
79.1787,1147.29
78.4202,1409.89
79.3013,1383.23
80.2078,1184.44
79.2339,1271.65
79.7395,1332.77
78.7195,938.764
78.3779,1284.67
77.6072,1609.11
77.4285,1058.39
76.6982,1130.4
79.4905,949.72
79.6317,1088.52
78.601,944.588
75.246,1132.23
79.133,870.192
81.0984,849.494
77.8086,1181.99
78.1345,1497.49
78.4431,1306.42
80.2856,769.353
81.8463,1012.96
76.39,1421.25
80.6448,1395.11
77.1385,1294.18
78.1762,1124.63
76.0998,767.363
78.8855,1458.05
78.5109,1719.86
78.7924,1116.63
80.2967,1794.04
80.8773,1143.26
80.7665,1173.43
77.9611,1257.36
79.1194,1251.96
76.0092,1340.15
77.0136,1279.34
78.1622,1233.3
79.8783,1166.82
78.6148,1301.72
79.5994,1333.61
79.762,906.665
78.9406,1176.83
76.7205,1017.41
78.8211,839.506
76.8828,1606.1
81.5723,1118.83
81.7633,1073.58
78.4242,1004.51
77.6027,1238.45
78.2246,805.427
77.5798,1286.79
79.1058,1202.65
77.6577,822.058
79.383,1294.24
78.1425,1673.93
80.3062,965.901
78.9588,1038.95
80.4452,1107.62
78.1637,1102.12
78.7353,1151.47
78.9249,1228.87
77.1882,983.965
78.8161,1005.39
79.0103,1087
77.2603,1028.2
75.7857,1188.85
78.5924,1238.46
77.8061,921.58
77.1887,750.692
76.9028,1109.01
78.85,1709.23
78.6963,1171.92
78.2463,1477.96
78.7912,1105.62
77.7586,1227.66
76.0248,1192.08
76.5104,1335.25
78.6181,1208.45
78.9959,1022.77
76.4754,1471.03
78.8365,1018.59
77.616,1918.41
77.8632,847.573
79.8655,874.481
77.5614,926.363
77.4417,1461.18
79.0581,1183.6
79.8657,1373.09
77.7382,1078.65
77.2414,1733.65
78.729,1286.11
76.1838,1688.42
77.5175,909.661
76.4147,1557.5
78.0057,1171.52
78.5941,1156.54
76.3736,1225.01
78.012,746.981
77.8925,1106.03
77.07,1268.07
77.1654,1488.91
78.9504,1073.58
77.8143,837.892
77.8244,1417.74
80.8407,1298.34
79.8968,1243.99
77.2299,1000.01
77.9558,1165.16
78.857,1176.04
77.0509,1194.98
81.5031,1156.97
77.4381,777.059
79.5009,1065.29
81.1047,1009.52
76.5882,771.264
78.8312,1672.05
78.6579,1244.09
79.0094,755.374
78.6918,1694.74
80.7999,1153.56
80.9994,1112.33
76.803,1025.86
77.3016,1043.93
80.8599,1368.68
78.8142,1107.61
78.2851,1533.47
79.0304,988.224
76.749,1124.67
77.3227,1240.25
79.1435,969.603
79.5174,1648.33
74.8242,1638.76
78.3261,1038.06
79.8826,1495.8
77.1836,984.36
79.4077,988.911
79.9317,1294.91
79.7305,1389.14
77.5347,1292.41
78.651,1123.15
79.7527,975.984
77.2028,1384.84
80.2544,967.308
78.0772,1443.88
83.2029,1133.56
76.9014,1255.01
78.2639,1288.82
79.7447,1724.22
79.0668,835.301
79.4554,1010.26
78.9173,1273.04
79.5379,1338.8
79.1505,1168.01
76.7665,1129.12
77.5732,1371.62
77.4838,1100.69
76.5594,968.229
79.2474,1485.97
77.1929,1145.26
78.5567,1185.97
76.6499,981.133
77.4972,1143.89
79.0885,756.605
80.3155,987.657
77.6432,1336.63
79.3102,1308.08
77.7991,1160.03
77.0971,1542.58
77.7518,1164.09
81.1249,1367.81
79.1406,1172.09
79.7157,1368.08
80.2574,1443.09
75.8257,1120.78
79.9533,1090.78
77.319,1081.76
75.8797,1587.64
77.2883,1400.62
77.1043,852.604
77.7536,1085.29
80.0091,863.067
79.5449,958.946
79.7133,1158.05
76.8566,1049.04
77.297,1542
78.4315,1128.56
76.9136,1282.52
76.9895,1474.45
77.6848,1334.08
76.7751,1637.44
80.4932,1161.18
78.5339,1255.11
78.2684,1176.46
77.3262,1132.6
77.3689,1076.46
76.8689,987.22
78.9404,874.904
78.3834,1364.06
78.5662,1144.18
78.9791,1133.64
78.6496,1598.13
80.0895,1116.87
77.6552,986.128
78.2341,1373.63
77.6734,1327.84
80.0401,939.777
77.6144,900.781
80.2002,1025.96
79.3044,1436.42
77.8356,1029.21
77.3589,1291.07
77.9874,1059.22
78.1985,1679.8
79.0109,917.79
78.9167,1017.96
75.9694,1259.62
80.9588,1223.44
77.4904,1141.12
78.563,1192.4
78.0629,1023.31
78.8801,1098.45
80.0576,1114.68
78.8859,1086.77
82.3414,1319.09
78.1707,1217.17
76.0143,957.092
79.7956,1500.31
80.4635,1240.77
77.317,1002.67
78.4074,1216.27
77.0612,1271.06
79.2263,1285.2
77.8807,1418.32
77.5704,1040.54
78.4365,1141.8
76.6796,748.918
78.8367,975.032
79.3492,1050.65
79.4095,1330.64
75.9288,967.161
76.1985,1181.14
77.2083,1100.22
81.0567,955.347
77.2774,1213.56
78.008,1046.59
76.8756,849.327
79.0274,1387.7
81.2951,1364.82
76.7355,1097.48
75.9894,966.041
75.5584,1207.23
79.4191,857.74
79.5125,1015.29
79.2702,1151.08
78.6318,820.192
78.0564,1390.66
77.243,1235.23
78.5181,1058.02
79.0159,1058.01
79.1807,1223.53
79.9172,1200.77
76.4758,826.728
76.4099,895.914
77.798,1031.23
77.4415,1036.71
79.6122,1409.97
76.4581,1126.18
79.6681,1149.64
80.0442,960.231
79.7185,1137.07
77.5221,1204.06
81.391,878.8
79.7354,1445.21
79.5813,1456.11
78.8932,1009.39
76.982,1125.22
78.8358,1483.36
80.0448,1451.75
79.1941,1105.23
79.6259,1990.19
79.0486,1408.72
77.7549,873.397
75.6927,1016.95
78.3742,1248.23
77.67,1129.28
77.1886,940.504
79.8402,1091.58
80.0339,1118.07
76.7944,1318.67
75.9643,891.377
76.1987,1273.86
77.3075,1420.04
75.3857,907.034
77.9653,749.497
77.4937,1378.51
80.4431,1271.78
78.3469,1093.77
78.0243,1334.98
76.3092,1019.54
77.6223,1128.93
80.2448,937.647
78.268,960.851
77.0719,1123.2
79.0059,1194.67
79.0772,1085.56
78.1611,1201.71
78.1084,864.218
79.2322,1070.17
78.7631,1229.91
77.2779,1402.79
77.8662,1716.78
77.1923,976.388
78.2327,932.362
76.2284,1235.22
79.0354,1474.24
78.7422,1013.74
77.9612,789.777
79.8994,1073.51
78.6981,910.733
77.2447,1074.78
78.5835,972.416
77.3796,1233.9
78.3852,1210.25
77.2977,1219.72
78.5167,1085.75
76.7524,997.804
78.4455,1028.85
79.9207,1096.48
79.5902,1329.24
77.8843,947.035
79.372,1206.13
76.0957,866.908
79.4846,1035.37
80.296,938.527
80.7939,1131.79
77.2298,1565.95
76.6134,1487.26
79.6613,1518.27
76.9715,923.78
77.442,1034.65
77.6362,1117.08
77.4602,782.188
78.5499,942.462
80.5547,1542.71
77.0249,1346.18
76.6337,1140.17
79.0023,1098.53
80.0761,1626.47
77.4375,1551.25
78.6133,1042.65
77.9052,1262.46
75.9936,981.05
82.4624,972.643
79.4044,1519.04
78.2386,860.752
76.8066,936.681
78.2234,1042.35
80.5818,1029.38
78.3439,632.293
79.2232,945.281
79.4624,1829.41
81.9332,1457.08
78.1637,1230.2
81.3064,1342.12
80.3649,1312.18
75.0255,1482.6
80.4319,1242.85
78.0735,1060.77
76.5197,945.352
78.4525,1331.34
79.5177,1349.22
78.2867,1117.05
79.0881,1666.29
78.921,938.813
78.1537,1138.01
76.9268,1212.07
79.1232,1314.26
79.3479,1134.9
79.2764,1366.43
79.3023,1223.84
78.3785,1327.54
79.1387,1252.18
80.8544,1659.22
76.4218,1017.6
77.4089,1587.92
78.1479,1178.11
77.2578,795.837
79.5989,1795.15
77.7062,987.725
76.5826,1451.61
79.2726,1291.88
78.2231,1054.45
78.0581,1309.55
77.9431,883.533
81.1484,1051.83
78.3327,1390.17
78.1382,1651.42
78.6853,1028.39
78.9966,1615.86
78.9887,920.005
76.0828,1745.69
78.233,1131.67
78.3839,1057.2
82.6526,978.727
79.0126,1025.01
75.4356,1119.03
80.8139,1279.91
77.3859,931.805
78.9023,902.877
76.796,985.48
74.8654,874.534
76.2334,1104.96
78.4109,1154.48
79.7737,1181.49
76.3149,1015.71
77.5511,1725.54
78.8484,1412.46
78.4057,826.289
76.613,1477.09
79.2823,764.908
81.3263,1276.86
78.8767,1076.19
78.4255,1126.16
80.3114,1118.67
81.7195,1457.14
76.2414,1493.21
78.2022,1130.83
78.0111,961.621
76.6915,1184.71
78.8891,1024.06
80.58,1146.12
75.4619,1298.3
77.6481,1009.14
77.8747,1341.84
79.02,1001.71
77.8,1092.4
79.037,971.345
78.4847,1023.47
76.7524,1128.21
77.2488,1360.7
79.3817,1152.73
77.5566,1209.12
78.8808,990.07
78.2546,1217.32
80.0067,1159.92
78.3703,1104.9
76.2015,1148.07
79.9628,1160.99
78.5929,1057.13
81.5855,1281.24
79.9964,1007.83
79.5083,832.622
80.2693,1456.69
78.9777,1150.74
81.6435,1398.44
78.3495,915.079
78.701,1596.7
77.4867,1160.66
76.726,1313.61
76.6231,1444.99
79.6581,1146.4
78.7267,1147.47
80.1528,1640.83
77.4008,1285.31
75.2024,933.349
78.0158,1343.42
77.2536,1477.27
78.8398,960.441
76.3356,1573.81
76.2462,1100.72
76.4912,1469.65
79.8198,1062.16
79.295,1065.56
79.9971,1044.85
78.0131,947.562
78.8544,1368.46
79.1826,1885.57
79.4219,1388.75
79.593,1706.67
78.5854,1296.92
78.5457,1346.81
80.4147,1168.62
78.4241,1236.35
82.8851,1247.95
79.9475,1142.87
76.35,1085.54
75.9867,661.944
78.8264,1246.76
78.2813,934.768
78.3691,824.948
79.9984,1067.51
78.0489,1304.64
77.9014,1653.34
79.6169,1558.36
80.5494,1100.95
78.0774,1346.18
77.8645,1037.98
80.1059,1058.8
79.0506,1260.82
78.179,1135.45
79.3619,1332.32
77.0137,1534.88
77.1785,1020.07
77.8239,1174.09
79.4315,1079.52
77.8612,847.383
77.5398,995.776
78.301,1075.38
77.8339,1126.25
79.4086,1735.3
79.4447,1071.92
76.2319,977.907
79.2288,1010.5
78.8486,1599.77
80.7815,1078.18
78.668,1215.7
80.2289,1002.48
76.7915,1454.76
75.0143,1338.03
80.1425,1156.99
79.2871,1089.33
78.2443,1041.02
77.6117,1131.5
79.2813,1016.58
76.8123,953.364
78.2057,1433.22
79.3471,1255.94
78.2398,1084.59
80.845,1490.03
76.7778,1117.52
76.7698,981.297
77.4475,1102.99
78.4027,1227.85
78.3728,1265.16
78.7503,1344.06
77.4784,1060.63
79.2769,1502.07
79.3281,1183.45
77.8078,1059.03
78.4957,1544.04
78.616,1422.46
76.8332,907.231
80.6867,1119.68
78.4104,1223.37
82.3136,1147.41
77.8347,1388.89
78.354,1172.75
78.6142,1179.36
78.7991,1040.06
79.342,1301.02
77.2278,803.619
80.0777,1450.59
81.0144,1205.05
76.6853,1263.7
78.8009,1022.21
76.973,1099.84
77.6804,1388.83
77.6057,1763.31
76.3112,862.343
76.1423,1597.14
77.3277,1924.8
78.8632,1185.87
77.5233,1365.96
78.1789,873.258
78.2091,1438.62
78.3388,938.557
80.1174,1096.96
79.3243,915.474
80.0239,762.929
77.8938,1038.88
77.1659,850.83
79.999,1315.51
80.6701,1082.21
78.634,1842.36
80.35,1049.7
77.5026,1377.68
78.401,1320.92
78.371,1374.66
78.4039,1240.13
79.7243,853.674
78.2822,1038.4
78.5188,1136.27
79.5031,1114.25
78.8295,820.217
78.5646,1471.41
81.0859,1051.53
78.8359,1443
77.4147,1309.98
78.5815,1427.36
77.8177,788.417
76.5477,995.743
76.5233,1116.5
77.4288,1103.61
78.3516,1322.89
78.4529,903.659
77.4346,1091.07
78.996,1493.33
79.0323,1049.65
78.6037,1089.08
78.9693,1180.9
79.8552,824.147
79.8564,876.526
79.9085,1227.31
79.8599,1331.98
79.9733,1462.3
77.4829,1027.22
76.4606,1554.63
75.786,913.254
78.5146,1434.82
77.9544,920.261
76.0662,1493.7
78.3618,1468.1
78.4955,1154.52
79.5604,980.67
78.6528,1151.61
77.2617,1273.08
78.0806,1000.5
78.3989,1215.6
78.6118,936.298
76.0907,908.829
77.5697,1261.23
80.7263,1074.82
76.7268,1169.1
79.2623,1252.77
77.5769,1107.53
78.3578,1444
78.8919,1038.56
77.5016,1469.24
79.8672,852.948
79.4332,1412.32
78.5424,1156.7
79.9047,1471.2
78.7277,961.928
80.4575,1212.31
80.2748,957.852
75.7472,1104.43
78.7281,1273.42
78.9789,1265.63
78.3012,1435.55
79.5833,1433.45
78.6471,1185.33
77.8562,1582.55
76.9103,994.91
79.1648,1024.58
80.4011,1299.23
79.1019,1256.19
80.8101,1113.9
79.5721,1147.6
75.9363,1122.92
77.9831,1115.16
78.6353,1035.67
81.2266,777.021
77.5262,1217.94
77.3632,1627.21
77.0997,834.411
77.5205,1541.96
77.8963,930.247
79.7765,1221.64
77.5747,1074.2
79.9176,1117.8
79.4073,907.582
82.8035,1202.82
78.8953,1155.39
81.2247,1115.03
79.6044,961.525
78.1672,1177.93
77.7757,968.08
76.8229,1414.5
76.3947,1315.05
79.105,1010.19
83.3721,1303.35
77.3317,1423.79
79.1726,986.259
78.2556,956.496
80.6193,1181.99
79.523,1084.49
77.5164,1292
77.6537,786.481
79.0242,1299.53
77.5233,1636.09
78.0348,1244.47
76.6453,968.427
79.5841,1404.39
78.4536,1118.02
78.6036,1030.68
77.7354,859.66
78.1507,1120.35
79.8941,995.982
79.7428,1429.9
78.4812,1379.58
77.8558,1338.1
79.339,951.875
78.4312,1680.01
81.6155,1286.68
81.0793,1131.06
76.7141,898.178
77.7286,1006.39
77.2733,1042.97
76.9889,858.072
77.5418,1437.44
80.1857,946.803
77.8755,1089.08
77.307,1354.8
79.3926,1062.91
78.2785,1414.6
79.4807,1066.47
79.0079,1246.51
81.0901,852.089
81.1979,1054.41
77.0821,1071.54
78.0864,1255.44
75.9737,1036.67
77.3861,1484.08
76.6244,1194.66
78.0655,878.482
77.7618,1174.27
78.3246,1355.61
76.4298,1185.14
74.5879,1116.77
78.5785,1264.72
79.5137,1485.6
80.6777,1678.91
80.1211,1134.96
80.385,904.662
81.1679,1234.8
77.0909,1075.43
77.9626,1178.65
76.7168,1155.99
76.2381,1521.28
78.473,1061.69
78.9014,1263.9
79.0556,990.79
77.3348,1275.52
79.0962,1034.93
77.6273,1154.91
78.9482,952.361
78.9938,1876.83
78.7163,1037.9
79.8492,1331.6
76.4815,1606.29
78.9469,1415.12
77.1716,1811.71
77.6755,1608.94
78.3825,1383.52
78.3733,1213.94
76.408,1107.18
79.3203,1113.11
77.7099,1085.46
80.6352,1233.35
77.6663,1208.18
77.8547,1465.64
77.2745,1480.51
77.5738,1263.54
79.1105,1416.49
80.5178,1174.94
77.134,821.885
77.5547,1644.72
78.6176,1128.82
77.301,908.423
78.7729,1058.61
77.6327,1174.75
78.2879,1247.3
77.8688,749.069
79.0634,1195.04
79.2322,1060.79
79.5463,1500.53
77.5357,1004.65
77.1552,1114.79
79.1739,1420.07
78.2023,886.697
75.9604,884.112
80.2672,1732.26
81.8522,1686.3
78.9857,777.343
79.1872,1822.14
78.6548,1432.21
79.951,1289.17
77.8623,1483.16
80.4144,996.232
77.8253,1328.11
79.1651,1316.32
78.9609,1077.73
78.9563,1038.95
79.5864,1184.31
80.9471,898.324
78.4742,1089.5
80.6619,1304.35
80.2247,808.019
78.2038,934.908
78.2079,1270.51
78.7684,872.417
78.0554,921.091
76.4749,1356.63
78.2309,970.653
78.8178,1103.14
78.446,1382.82
81.21,1588.77
79.9731,970.403
80.5366,1203.23
75.28,988.578
77.429,924.939
77.6297,984.821
79.1213,1272.42
79.018,921.035
78.4963,1773.33
78.6211,1005.93
77.7297,1247.26
79.3782,1297.13
76.536,1043.06
75.6997,977.051
81.0932,989.781
79.1195,1181.28
78.7791,941.474
77.9677,926.109
80.603,984.756
76.0594,1322.56
78.1557,1925.65
77.3792,1328.37
77.9414,1487.87
78.2766,1384.67
81.6077,1432.91
78.4645,947.231
79.3089,1213.76
79.692,1351.14
79.5591,995.989
77.1479,1042.64
79.2038,1523.2
76.3518,990.733
78.641,1363.64
78.965,1986.67
78.1441,1208.75
77.1411,1931.9
78.0994,1863.77
76.9747,1190.44
78.1708,1248.12
77.3268,1077.9
78.4284,1308.53
78.3995,1578.63
75.4205,874.096
78.5555,1381.24
78.4215,1120.44
78.5855,1108.31
80.4241,1496.83
79.5831,918.581
79.9334,974.567
77.3442,1164.9
81.3403,1271.63
75.8722,1382.06
77.7219,776.031
78.5181,1393.81
78.0913,1203.71
80.6114,1358.72
79.3643,1227.95
75.6269,1135.18
79.4021,1245.75
78.648,890.704
77.4056,1330.68
77.4763,1538.47
78.851,1113.31
76.9352,1086.96
77.609,1151.91
77.5336,1121.73
78.309,1077.69
77.6615,1211.21
79.7729,1034.77
77.2795,1395.39
78.1721,950.352
78.2587,718.777
77.0752,1213.03
78.3344,1387.24
78.9589,1059.25
77.8753,973.128
80.2538,1280.09
79.2635,1238.62
79.134,1133.42
78.0942,998.429
79.5815,1090.24
79.512,768.728
79.9264,1103.9
78.8117,1432.65
79.303,952.834
81.1395,1067.2
76.8523,1550.59
77.2164,974.143
77.3888,934.051
76.5356,1569.8
78.6323,846.889
78.1847,1083.05
76.5159,1184.67
77.8977,1354.28
79.7328,1249.22
77.8443,1619.28
77.7549,1319.01
79.9667,1783.01
78.1327,861.166
78.1243,1152.99
80.7249,1224.24
79.0063,1051.55
78.6964,1249.18
78.3267,1163.74
76.7657,1288.23
79.6043,762.926
77.739,1120.4
80.562,1203.37
82.7198,1206.95
74.8444,1342.1
79.2683,1304.9
77.2913,1133.09
77.4304,1860.61
78.4166,1126.22
76.7796,898.55
78.8203,1097.71
76.9584,1245.16
76.2506,1147.6
81.4932,1009.81
80.0346,1150.9
78.7317,1471.38
78.9825,1440.97
78.9183,1178.39
75.797,1070.45
78.445,1559.1
78.3273,792.55
77.4678,1273.1
77.8959,1333.31
78.2172,1164.39
76.6672,1565.56
81.0841,1320
80.6429,1629.16
76.858,1168.12
79.3245,1727.02
81.2794,1257.49
79.283,1407.32
78.5067,1135.82
78.4122,1613.8
80.4788,1025.62
78.0823,1083.91
78.1623,1505.51
76.7072,1071.13
77.974,1900.55
77.3747,1585.57
77.1992,1177.24
77.6767,1265.86
78.6297,756.497
79.1942,1178.53
77.7206,1106.24
80.9268,1149.24
80.9834,944.56
79.6526,1245.68
76.3221,906.511
81.0892,1195.12
75.8345,1109.58
75.767,1077.37
77.9539,1400.56
76.6135,918.461
78.4904,1006.38
76.3077,1101.86
76.2499,1194.08
77.8498,1236.01
79.304,1153.19
78.6645,1453.18
79.2315,1348.56
78.7601,1371.62
81.0982,1120.49
80.9174,1094.94
81.3547,1148.04
77.6681,1041.37
78.1828,1016.07
76.8315,1398.17
76.8359,1193.94
79.4167,1379.68
78.1535,845.044
78.3922,1527.78
78.8353,1681.75
79.5765,1095.12
79.612,1523.41
