Greedy
55.877,216.921
55.91,216.921
55.9532,216.921
55.8788,216.921
55.899,216.921
55.9244,216.921
55.881,216.921
55.896,216.921
55.8882,216.921
55.899,216.921
55.8824,216.921
55.8784,216.921
55.8962,216.921
55.889,216.921
55.8828,216.921
55.8852,216.921
55.9394,216.921
55.9164,216.921
55.8784,216.921
55.9392,216.921
55.901,216.921
55.9388,216.921
55.9454,216.921
55.9438,216.921
55.9488,216.921
55.8858,216.921
55.9424,216.921
55.9612,216.921
55.8944,216.921
55.8856,216.921
55.8826,216.921
55.8886,216.921
55.885,216.921
55.8814,216.921
55.8858,216.921
55.9456,216.921
55.9194,216.921
55.909,216.921
55.9684,216.921
55.89,216.921
55.8832,216.921
55.9012,216.921
55.883,216.921
55.8806,216.921
55.8818,216.921
55.8788,216.921
55.8856,216.921
55.8888,216.921
55.9672,216.921
55.8798,216.921
55.8784,216.921
55.9558,216.921
55.9106,216.921
55.9686,216.921
55.9358,216.921
55.974,216.921
55.8796,216.921
55.8808,216.921
55.8876,216.921
55.884,216.921
55.9494,216.921
55.899,216.921
55.89,216.921
55.9506,216.921
55.9516,216.921
55.902,216.921
55.894,216.921
55.9402,216.921
55.932,216.921
55.8944,216.921
55.9268,216.921
55.8808,216.921
55.9336,216.921
55.8854,216.921
55.9098,216.921
55.8786,216.921
55.9428,216.921
55.923,216.921
55.9236,216.921
55.907,216.921
55.8794,216.921
55.8954,216.921
55.9764,216.921
55.9454,216.921
55.9496,216.921
55.8822,216.921
55.8936,216.921
55.937,216.921
55.9436,216.921
55.9682,216.921
55.8926,216.921
55.975,216.921
55.9528,216.921
55.9012,216.921
55.9522,216.921
55.949,216.921
55.9244,216.921
55.8788,216.921
55.914,216.921
55.9576,216.921
55.9588,216.921
55.9004,216.921
55.8824,216.921
55.8938,216.921
55.8802,216.921
55.9374,216.921
55.9438,216.921
55.8792,216.921
55.8786,216.921
55.8826,216.921
55.8878,216.921
55.9052,216.921
55.8788,216.921
55.8852,216.921
55.8988,216.921
55.939,216.921
55.9276,216.921
55.8802,216.921
55.9014,216.921
55.881,216.921
55.8802,216.921
55.8792,216.921
55.8768,216.921
55.936,216.921
55.878,216.921
55.8824,216.921
55.8854,216.921
55.92,216.921
55.882,216.921
55.8796,216.921
55.9356,216.921
55.8834,216.921
55.9728,216.921
55.8812,216.921
55.8998,216.921
55.8798,216.921
55.878,216.921
55.8818,216.921
55.8838,216.921
55.8802,216.921
55.9532,216.921
55.9432,216.921
55.8978,216.921
55.8956,216.921
55.9364,216.921
55.9238,216.921
55.8906,216.921
55.9138,216.921
55.9654,216.921
55.9464,216.921
55.9474,216.921
55.9136,216.921
55.8886,216.921
55.911,216.921
55.885,216.921
55.8784,216.921
55.896,216.921
55.939,216.921
55.8906,216.921
55.8996,216.921
55.939,216.921
55.8798,216.921
55.9364,216.921
55.8798,216.921
55.8862,216.921
55.952,216.921
55.929,216.921
55.946,216.921
55.9038,216.921
55.8802,216.921
55.9356,216.921
55.9376,216.921
55.8838,216.921
55.8772,216.921
55.9386,216.921
55.8964,216.921
55.88,216.921
55.9622,216.921
55.8852,216.921
55.947,216.921
55.8948,216.921
55.8792,216.921
55.9042,216.921
55.971,216.921
55.9466,216.921
55.8874,216.921
55.9096,216.921
55.879,216.921
55.9036,216.921
55.9356,216.921
55.9778,216.921
55.8786,216.921
55.971,216.921
55.9474,216.921
55.8826,216.921
55.8938,216.921
55.8844,216.921
55.8794,216.921
55.9382,216.921
55.9402,216.921
55.8782,216.921
55.885,216.921
55.9302,216.921
55.8794,216.921
55.8786,216.921
55.8804,216.921
55.8854,216.921
55.8874,216.921
55.9034,216.921
55.8782,216.921
55.88,216.921
55.88,216.921
55.9172,216.921
56.001,216.921
55.9244,216.921
56.0058,216.921
55.8856,216.921
55.9376,216.921
55.894,216.921
55.9388,216.921
55.878,216.921
55.9374,216.921
55.88,216.921
55.8902,216.921
55.9426,216.921
55.8804,216.921
55.9394,216.921
55.8856,216.921
55.9206,216.921
55.9374,216.921
55.8916,216.921
55.8898,216.921
55.9452,216.921
55.879,216.921
55.902,216.921
55.9432,216.921
55.907,216.921
55.8822,216.921
55.8858,216.921
55.9016,216.921
55.888,216.921
55.96,216.921
55.895,216.921
55.8784,216.921
55.9426,216.921
55.8802,216.921
55.9466,216.921
55.8804,216.921
55.8782,216.921
55.8912,216.921
55.8792,216.921
55.879,216.921
55.881,216.921
55.8966,216.921
55.8786,216.921
55.939,216.921
55.896,216.921
55.8814,216.921
55.8804,216.921
55.933,216.921
55.8786,216.921
55.911,216.921
55.936,216.921
55.9476,216.921
55.9364,216.921
55.8786,216.921
55.963,216.921
55.9332,216.921
55.879,216.921
55.9094,216.921
55.8836,216.921
55.897,216.921
55.8804,216.921
55.9212,216.921
55.8912,216.921
55.9506,216.921
55.975,216.921
55.9462,216.921
55.8856,216.921
55.9242,216.921
55.8896,216.921
55.8788,216.921
55.8808,216.921
55.8904,216.921
55.9376,216.921
55.9404,216.921
55.8784,216.921
55.8818,216.921
55.9336,216.921
55.8862,216.921
55.934,216.921
55.8998,216.921
55.89,216.921
55.8822,216.921
55.8822,216.921
55.9488,216.921
55.8994,216.921
55.8798,216.921
55.881,216.921
55.8794,216.921
55.9016,216.921
55.888,216.921
55.8778,216.921
55.8778,216.921
55.88,216.921
55.9372,216.921
55.8784,216.921
55.883,216.921
55.8784,216.921
55.88,216.921
55.9062,216.921
55.881,216.921
56.011,216.921
55.8864,216.921
55.9414,216.921
55.8802,216.921
55.8794,216.921
55.909,216.921
55.9492,216.921
55.9154,216.921
55.9098,216.921
55.879,216.921
55.8788,216.921
55.9718,216.921
55.9386,216.921
55.9108,216.921
55.9336,216.921
55.8944,216.921
55.9604,216.921
55.888,216.921
55.8952,216.921
55.9194,216.921
55.9044,216.921
55.8878,216.921
55.88,216.921
55.9402,216.921
55.9596,216.921
55.891,216.921
55.9122,216.921
55.901,216.921
55.8792,216.921
56.0434,216.921
55.9008,216.921
55.9076,216.921
55.9018,216.921
55.937,216.921
55.8946,216.921
55.9044,216.921
55.8816,216.921
55.8954,216.921
55.942,216.921
55.9372,216.921
55.9392,216.921
55.9352,216.921
55.8864,216.921
55.8856,216.921
55.938,216.921
55.9112,216.921
55.9354,216.921
55.91,216.921
55.9018,216.921
55.955,216.921
55.8856,216.921
55.9036,216.921
55.9624,216.921
55.9548,216.921
55.9414,216.921
55.8876,216.921
55.969,216.921
55.8866,216.921
55.882,216.921
55.8788,216.921
55.9486,216.921
55.8842,216.921
55.885,216.921
55.8824,216.921
55.9494,216.921
55.8858,216.921
55.901,216.921
55.9732,216.921
55.8792,216.921
55.9648,216.921
55.8794,216.921
55.879,216.921
55.89,216.921
55.8804,216.921
55.885,216.921
55.878,216.921
55.9606,216.921
55.9438,216.921
55.893,216.921
55.8928,216.921
55.94,216.921
55.9336,216.921
55.9344,216.921
55.9532,216.921
55.8818,216.921
55.9086,216.921
55.8864,216.921
55.961,216.921
55.9698,216.921
55.933,216.921
55.8904,216.921
55.9244,216.921
55.9464,216.921
55.8782,216.921
55.95,216.921
55.884,216.921
55.8914,216.921
55.8944,216.921
55.8836,216.921
55.8788,216.921
55.8948,216.921
55.956,216.921
55.9392,216.921
55.9506,216.921
55.891,216.921
55.903,216.921
55.9174,216.921
55.8832,216.921
55.882,216.921
55.8854,216.921
55.8784,216.921
55.8916,216.921
55.8808,216.921
55.936,216.921
55.8854,216.921
55.9448,216.921
55.9428,216.921
55.9546,216.921
55.9378,216.921
55.9036,216.921
55.9348,216.921
55.9192,216.921
55.8806,216.921
55.9,216.921
55.9562,216.921
55.8828,216.921
55.9146,216.921
55.8838,216.921
55.9426,216.921
55.9254,216.921
55.8848,216.921
55.8808,216.921
55.9888,216.921
55.944,216.921
55.9612,216.921
55.935,216.921
55.9114,216.921
55.8826,216.921
55.8812,216.921
55.8902,216.921
55.8798,216.921
56.0038,216.921
55.9438,216.921
56.0034,216.921
55.9,216.921
55.8804,216.921
55.8944,216.921
55.8944,216.921
55.9442,216.921
55.9378,216.921
55.8806,216.921
55.8784,216.921
55.949,216.921
55.9414,216.921
55.9488,216.921
55.8788,216.921
55.8778,216.921
55.9578,216.921
55.8818,216.921
55.908,216.921
55.9666,216.921
55.895,216.921
55.8832,216.921
55.8796,216.921
55.8818,216.921
55.8828,216.921
55.929,216.921
55.942,216.921
55.8796,216.921
55.9568,216.921
55.9364,216.921
55.9408,216.921
55.8794,216.921
55.8878,216.921
55.8806,216.921
55.8838,216.921
55.9496,216.921
55.982,216.921
55.8948,216.921
55.8804,216.921
55.9036,216.921
55.9464,216.921
55.8784,216.921
55.933,216.921
55.8814,216.921
55.8786,216.921
55.8782,216.921
55.8866,216.921
55.8792,216.921
55.9436,216.921
55.9544,216.921
55.8926,216.921
55.89,216.921
55.9596,216.921
55.9422,216.921
55.9384,216.921
55.9374,216.921
55.9356,216.921
55.9362,216.921
55.8862,216.921
55.8852,216.921
55.8802,216.921
55.879,216.921
55.9064,216.921
55.91,216.921
55.9398,216.921
55.88,216.921
55.8882,216.921
55.8774,216.921
55.9128,216.921
55.9096,216.921
55.8918,216.921
55.8802,216.921
55.8936,216.921
55.9244,216.921
55.8782,216.921
55.8808,216.921
55.9586,216.921
55.878,216.921
55.8996,216.921
55.9606,216.921
55.8804,216.921
55.9676,216.921
55.914,216.921
55.8888,216.921
55.878,216.921
55.8848,216.921
55.8922,216.921
55.96,216.921
55.9,216.921
55.8816,216.921
55.9466,216.921
55.9244,216.921
55.8812,216.921
55.8782,216.921
55.8806,216.921
55.9336,216.921
55.9066,216.921
55.959,216.921
55.8826,216.921
55.9348,216.921
55.9536,216.921
55.8806,216.921
55.8782,216.921
55.9536,216.921
55.8832,216.921
55.9234,216.921
55.9078,216.921
55.9198,216.921
55.9394,216.921
55.9516,216.921
55.8784,216.921
55.8804,216.921
55.8802,216.921
55.9444,216.921
55.9056,216.921
55.8846,216.921
55.9418,216.921
55.8818,216.921
55.9448,216.921
55.9098,216.921
55.879,216.921
55.9544,216.921
55.9854,216.921
55.9374,216.921
55.8792,216.921
55.9442,216.921
55.9168,216.921
55.8826,216.921
55.935,216.921
55.9202,216.921
55.8796,216.921
55.9414,216.921
55.9326,216.921
55.9146,216.921
55.8852,216.921
55.9426,216.921
55.8816,216.921
55.8812,216.921
55.8784,216.921
55.8794,216.921
55.9366,216.921
55.9334,216.921
55.884,216.921
55.878,216.921
55.9524,216.921
55.9374,216.921
55.8898,216.921
55.9344,216.921
55.8788,216.921
55.9744,216.921
55.9544,216.921
55.9048,216.921
55.8864,216.921
55.8858,216.921
55.9014,216.921
55.905,216.921
55.8998,216.921
55.893,216.921
55.8786,216.921
55.9052,216.921
55.9722,216.921
55.8818,216.921
55.9162,216.921
55.945,216.921
55.8802,216.921
55.956,216.921
55.8978,216.921
55.8798,216.921
55.8778,216.921
55.8786,216.921
55.9228,216.921
55.8786,216.921
55.8782,216.921
55.8926,216.921
55.8776,216.921
55.8788,216.921
55.9502,216.921
55.8982,216.921
55.9532,216.921
55.8932,216.921
55.9788,216.921
55.9112,216.921
55.9652,216.921
55.9024,216.921
55.9164,216.921
55.9362,216.921
55.9348,216.921
55.9386,216.921
55.8804,216.921
55.8884,216.921
55.8882,216.921
55.903,216.921
55.9364,216.921
55.883,216.921
55.8808,216.921
55.96,216.921
55.8792,216.921
55.893,216.921
55.8804,216.921
55.89,216.921
55.8796,216.921
55.8784,216.921
55.8812,216.921
55.8994,216.921
55.8802,216.921
55.8774,216.921
55.944,216.921
55.9238,216.921
55.8812,216.921
55.9794,216.921
55.923,216.921
55.8956,216.921
55.9442,216.921
55.8872,216.921
55.878,216.921
55.8828,216.921
55.8798,216.921
55.9642,216.921
55.8796,216.921
55.909,216.921
55.9156,216.921
55.9464,216.921
55.8988,216.921
55.8812,216.921
55.8798,216.921
55.9266,216.921
55.9454,216.921
55.9416,216.921
55.885,216.921
55.8776,216.921
55.9354,216.921
55.8864,216.921
55.9404,216.921
55.947,216.921
55.8878,216.921
55.947,216.921
55.9406,216.921
55.88,216.921
55.9048,216.921
55.909,216.921
55.9094,216.921
55.938,216.921
55.8904,216.921
55.8838,216.921
55.8802,216.921
55.895,216.921
55.8992,216.921
55.9028,216.921
55.8918,216.921
55.8894,216.921
55.8848,216.921
55.8968,216.921
55.9598,216.921
55.9348,216.921
55.879,216.921
55.8818,216.921
55.9342,216.921
55.935,216.921
55.8794,216.921
55.8784,216.921
55.9462,216.921
55.9294,216.921
55.9242,216.921
55.8902,216.921
55.8882,216.921
55.9362,216.921
55.8834,216.921
55.9342,216.921
55.8786,216.921
55.8824,216.921
55.8818,216.921
55.915,216.921
55.9108,216.921
55.8804,216.921
55.8992,216.921
55.937,216.921
55.8792,216.921
55.8784,216.921
55.8802,216.921
55.8858,216.921
55.8852,216.921
55.8798,216.921
55.8808,216.921
55.8828,216.921
55.8794,216.921
55.958,216.921
55.9582,216.921
55.891,216.921
55.9432,216.921
55.8814,216.921
55.9116,216.921
55.9592,216.921
55.8906,216.921
55.9348,216.921
55.9162,216.921
55.8792,216.921
55.891,216.921
55.9636,216.921
55.885,216.921
55.8946,216.921
55.9664,216.921
55.8844,216.921
55.8794,216.921
55.8832,216.921
55.897,216.921
55.8968,216.921
55.8852,216.921
55.8808,216.921
55.94,216.921
55.8804,216.921
55.9362,216.921
55.901,216.921
55.9412,216.921
55.8936,216.921
55.8798,216.921
55.943,216.921
55.9122,216.921
55.9156,216.921
55.9206,216.921
55.8858,216.921
55.8802,216.921
55.9106,216.921
55.908,216.921
55.9622,216.921
55.939,216.921
55.9324,216.921
55.9362,216.921
55.888,216.921
55.9122,216.921
55.9364,216.921
55.8882,216.921
55.9414,216.921
55.948,216.921
55.8788,216.921
55.907,216.921
55.969,216.921
55.936,216.921
55.8788,216.921
55.9532,216.921
55.9214,216.921
55.9432,216.921
55.8866,216.921
55.8864,216.921
55.8784,216.921
55.9466,216.921
55.923,216.921
55.8902,216.921
55.9098,216.921
55.8786,216.921
55.9444,216.921
55.8822,216.921
55.9112,216.921
55.8804,216.921
55.8802,216.921
55.8804,216.921
55.966,216.921
55.8986,216.921
55.8782,216.921
55.9344,216.921
55.8878,216.921
55.8818,216.921
55.9376,216.921
56.0154,216.921
55.9058,216.921
55.8964,216.921
55.9402,216.921
55.8794,216.921
55.8854,216.921
55.9356,216.921
55.94,216.921
55.881,216.921
55.885,216.921
55.9352,216.921
55.8828,216.921
55.9344,216.921
55.8862,216.921
55.9188,216.921
55.8796,216.921
55.8788,216.921
55.9236,216.921
55.8804,216.921
55.9418,216.921
55.9556,216.921
55.8786,216.921
55.9004,216.921
55.9352,216.921
55.898,216.921
55.8906,216.921
55.883,216.921
55.8876,216.921
55.943,216.921
55.8788,216.921
55.8796,216.921
55.9666,216.921
55.8996,216.921
55.8832,216.921
55.9592,216.921
55.8822,216.921
55.9354,216.921
55.9372,216.921
55.9046,216.921
55.8854,216.921
55.891,216.921
55.9472,216.921
55.8788,216.921
55.9036,216.921
55.9212,216.921
55.8906,216.921
55.8776,216.921
55.8784,216.921
55.9018,216.921
55.9376,216.921
55.893,216.921
55.9136,216.921
55.9444,216.921
55.9446,216.921
55.9446,216.921
55.8976,216.921
55.9066,216.921
55.8806,216.921
55.8874,216.921
55.8812,216.921
55.878,216.921
55.88,216.921
55.9516,216.921
55.9022,216.921
55.9256,216.921
55.9086,216.921
55.9014,216.921
55.9596,216.921
55.94,216.921
55.8792,216.921
55.884,216.921
55.9366,216.921
55.904,216.921
55.8964,216.921
55.8984,216.921
55.8866,216.921
55.9334,216.921
55.9028,216.921
55.88,216.921
55.9232,216.921
55.8896,216.921
55.9744,216.921
55.8848,216.921
55.88,216.921
55.944,216.921
55.9386,216.921
55.8816,216.921
55.8788,216.921
55.8806,216.921
55.9548,216.921
55.9478,216.921
55.9814,216.921
55.8872,216.921
55.88,216.921
55.8826,216.921
55.9016,216.921
55.8884,216.921
55.8806,216.921
55.881,216.921
55.9392,216.921
55.9364,216.921
55.94,216.921
55.8788,216.921
55.886,216.921
55.8856,216.921
55.8852,216.921
55.9106,216.921
55.9384,216.921
55.9098,216.921
55.883,216.921
55.9244,216.921
55.9414,216.921
55.9458,216.921
55.8772,216.921
55.879,216.921
55.8818,216.921
55.8806,216.921
55.9044,216.921
55.9002,216.921
55.8778,216.921
55.8796,216.921
55.9498,216.921
55.9438,216.921
55.879,216.921
55.8808,216.921
55.8844,216.921
55.9416,216.921
55.8798,216.921
55.8986,216.921
55.9326,216.921
55.9122,216.921
55.9604,216.921
55.8794,216.921
55.8788,216.921
55.9322,216.921
55.941,216.921
55.9392,216.921
55.8826,216.921
55.9378,216.921
55.8838,216.921
55.945,216.921
55.8816,216.921
55.8988,216.921
55.879,216.921
55.9384,216.921
55.9014,216.921
55.9566,216.921
55.9384,216.921
55.8772,216.921
55.8798,216.921
55.945,216.921
55.8838,216.921
55.8816,216.921
55.9244,216.921
55.8842,216.921
55.9422,216.921
55.9768,216.921
55.8854,216.921
55.8886,216.921
55.9374,216.921
55.9068,216.921
55.946,216.921
55.8932,216.921
55.9044,216.921
55.8866,216.921
55.8826,216.921
55.9358,216.921
55.878,216.921
55.947,216.921
55.9568,216.921
55.9016,216.921
55.9414,216.921
55.9102,216.921
55.9442,216.921
55.88,216.921
55.8864,216.921
55.9188,216.921
55.8844,216.921
55.8836,216.921
55.8784,216.921
55.8852,216.921
55.9336,216.921
55.8824,216.921
55.8784,216.921
55.876,216.921
SD
64.1456,216.751
64.9786,223.88
62.3804,182.208
66.8118,244.879
60.6018,201.565
64.5468,242.389
59.942,182.094
65.059,234.975
61.7748,200.07
63.3654,216.225
60.8558,193.844
60.7082,203.357
62.6118,185.622
64.0796,208.295
61.5652,211.305
62.8704,244.836
58.8494,185.612
62.524,207.612
62.6404,185.369
67.1164,252.55
66.4518,232.469
60.9674,216.463
62.6688,239.181
62.8464,173.297
61.9818,211.078
63.122,229.109
64.6944,208.657
63.4082,200.663
60.5524,220.037
64.7588,211.504
59.9842,199.327
62.6008,200.513
64.7758,222.875
66.4926,218.303
61.6716,197.595
60.9946,193.654
63.2888,229.095
66.26,213.973
60.6744,176.234
61.915,200.2
60.715,171.628
63.9276,217.249
62.2072,202.768
64.1278,201.403
60.9872,200.83
62.4096,211.33
63.6594,218.439
63.4842,237.388
60.892,184.026
64.554,213.206
62.968,216.309
64.1974,219.465
62.0838,198.145
62.903,221.303
62.3382,216.927
61.6746,196.004
65.72,208.449
63.5828,218.129
62.3036,193.418
65.4958,218.394
62.168,227.262
61.9756,182.879
61.2322,187.088
62.6214,205.538
63.617,209.173
64.6472,206.415
61.3978,210.678
61.7664,203.671
64.4928,225.188
61.1698,180.005
65.1852,228.839
62.9534,216.49
61.8132,225.157
63.0416,216.737
62.9758,196.835
59.9492,164.942
62.168,183.199
61.946,182.494
60.8278,234.209
65.4316,211.01
63.6158,191.745
63.9436,208.532
61.649,213.704
65.9902,249.056
63.6186,234.943
63.5814,212.345
65.436,214.435
64.525,228.228
60.6732,211.611
65.5434,252.232
61.2868,196.323
61.5484,204.144
62.0902,249.96
60.1282,176.175
61.3106,220.403
61.4144,210.635
63.2978,194.674
63.9768,246.271
61.4032,223.81
68.0438,240.747
62.9612,180.389
61.5052,217.73
63.1906,196.148
59.0818,192.622
60.1536,209.365
63.3538,208.316
61.429,203.712
61.2486,215.722
63.3142,197.309
64.7858,217.879
62.3614,204.733
62.138,207.345
60.7366,210.33
64.0316,203.882
63.3708,228.035
63.6268,219.941
63.085,196.317
60.6954,216.441
62.1242,203.073
63.4776,214.388
61.5788,204.762
62.8512,230.302
63.0364,227.064
62.1844,213.614
65.3956,232.069
63.6254,209.579
62.3666,211.028
63.8202,225.084
60.5828,224.918
62.7864,235.745
62.6626,207.468
61.367,187.099
60.5994,201.445
62.4382,195.793
64.2454,216.509
62.5152,220.015
62.1902,224.692
63.3614,221.405
62.594,206.797
63.4258,202.882
64.023,222.973
62.2922,189.608
59.2426,194.892
59.9988,186.545
61.8382,195.018
62.4886,196.528
66.8634,209.416
62.2858,221.093
63.327,197.96
63.6952,209.79
61.796,177.889
63.0868,190.331
59.8742,195.657
64.12,207.204
63.3676,207.734
61.4956,204.697
64.7634,212.037
59.9968,204.097
64.4294,226.924
62.3806,223.883
67.5278,244.581
64.3676,185.509
62.6826,219.058
62.9832,206.409
62.4836,197.018
62.4888,196.352
63.2942,240.296
61.9682,183.551
60.7816,198.97
63.7062,214.256
65.8596,204.343
65.7868,248.954
60.2506,213.055
62.7914,193.013
62.3062,202.093
63.4656,160.617
61.6096,188.898
61.3912,211.181
65.1546,227.933
63.0406,234.583
58.3734,151.232
62.856,206.543
60.7934,167.487
61.812,191.327
61.7736,168.921
63.6094,200.698
62.336,230.755
63.3806,175.676
62.0792,192.46
61.1894,203.804
61.0026,183.942
62.4072,216.724
60.019,208.131
61.7552,217.044
63.0606,222.334
60.2386,226.274
60.9712,190.167
62.0786,203.837
60.8064,188.576
61.362,213.359
62.167,205.251
61.2046,202.732
64.257,198.596
61.7066,202.456
62.6392,213.2
64.6242,198.634
63.4932,212.636
63.5918,196.825
64.7182,245.01
65.55,220.583
58.4172,193.757
61.3914,188.213
63.2554,227.359
59.4408,185.814
62.8212,215.122
62.3682,208.742
61.5506,237.3
61.185,203.494
63.8486,225.918
60.4756,202.095
64.705,231.31
63.4906,239.806
61.4922,202.333
64.5574,250.243
62.1314,227.568
62.8766,233.957
60.0538,185.511
60.1028,177.569
64.4886,225.101
63.237,233.469
63.8016,238.338
61.8506,206.03
65.6286,219.188
60.1676,176.607
61.8338,182.364
61.4662,199.935
65.7248,217.358
59.9162,215.31
61.1478,222.774
63.4196,245.905
64.0134,229.34
62.5518,202.82
63.2036,237.153
61.6994,201.776
63.62,220.758
61.6404,198.041
61.849,197.954
63.066,214.389
65.4084,204.771
62.3392,212.47
62.4476,224.2
66.366,228.484
66.1354,210.713
62.873,214.237
65.0764,226.373
65.514,218.2
63.7472,201.276
62.3738,182.414
61.1624,194.847
64.8326,223.866
66.396,225.35
60.5588,186.684
63.4448,191.643
67.6452,233.009
62.7908,207.982
65.5158,214.665
61.0896,219.549
63.2204,199.129
59.4402,202.333
63.3806,200.721
62.3016,214.495
63.924,231.996
62.3356,214.828
60.3394,201.193
59.8924,184.126
62.7514,214.324
61.4712,185.71
65.19,206.489
61.2726,209.841
60.8294,219.087
61.798,196.666
60.8166,191.421
63.4232,243.695
64.578,241.749
61.3212,185.337
60.2428,189.941
62.4196,183.043
60.6798,211.125
61.6438,202.587
64.4468,201.096
60.419,220.779
63.9114,209.18
59.8164,212.913
62.2402,193.239
62.587,213.162
61.8076,194.179
63.2512,214.046
64.142,189.806
64.6498,211.52
66.6108,250.54
62.6912,217.217
62.1536,197.128
62.2584,203.83
64.3566,207.457
59.3186,184.778
60.2316,167.116
64.0468,222.237
64.373,240.507
64.8046,212.463
63.0548,222.634
61.4844,185.669
65.894,230.709
62.296,192.286
64.437,219.58
60.3306,201.838
63.3836,226.751
63.3162,203.783
64.1378,236.048
60.4578,183.115
63.3366,228.006
62.2154,204.101
62.2748,200.715
62.6314,217.463
65.3604,192.703
63.0892,197.408
63.2276,182.674
64.133,218.603
64.3796,193.71
67.1142,205.648
63.1446,207.591
64.683,242.46
61.6254,187.385
61.7746,219.42
61.8048,196.49
61.8004,193.106
61.6702,179.813
61.8186,160.008
63.813,205.81
62.8746,225.07
62.209,234.729
62.064,182.234
60.0246,193.806
62.0626,191.714
63.774,189.937
63.1966,212.03
59.1524,197.253
60.6216,197.025
62.2256,198.515
60.7398,198.622
61.6908,194.898
62.0474,182.631
62.976,230.683
62.4842,215.879
61.3428,217.036
64.2328,219.388
60.7358,196.886
61.9966,223.946
62.5788,220.039
64.642,228.057
65.7812,255.48
62.3948,197.698
63.7802,197.123
62.447,178.575
63.785,207.523
62.262,202.513
64.5626,233.306
63.7458,202.466
64.8854,232.292
62.3916,202.471
61.5156,191.515
62.9298,206.303
62.2186,211.151
62.6074,222.145
63.4626,211.936
61.6438,170.7
62.1362,181.593
62.9948,218.259
64.6924,204.109
61.7438,167.867
61.967,215.163
61.9576,183.457
63.2556,240.845
60.448,183.338
62.8236,185.11
65.5146,227.826
60.562,209.448
62.2476,191.13
62.9428,220.297
66.4242,203.242
65.2384,203.369
62.2022,192.729
60.0952,190.856
61.6082,203.928
61.2062,200.693
60.7636,176.11
60.0066,185.43
62.4676,189.05
65.1564,234.953
63.4418,234.732
63.635,200.781
64.9746,221.7
63.4906,182.224
67.4796,230.329
62.1812,197.512
63.7066,199.701
62.667,209.685
64.1316,200.74
63.8998,239.382
62.165,177.566
64.2738,237.522
68.5486,233.03
63.1482,225.417
61.8444,189.715
62.0586,211.164
65.463,221.04
63.87,203.442
61.9026,232.345
64.379,226.52
63.7648,203.99
65.0594,219.423
61.0462,200.552
64.0218,211.022
64.5406,239.416
64.446,228.487
61.2354,190.804
63.142,195.137
63.0734,199.854
64.6412,231.123
64.4404,226.349
61.3974,208.844
64.5406,235.05
62.6742,248.965
61.4268,180.23
58.8444,178.65
64.2902,206.06
61.904,185.27
66.3412,215.365
62.0602,193.565
64.237,202.288
64.4986,200.525
60.4236,179.588
62.9416,221.406
65.0578,238.31
61.2182,201.441
62.6188,215.272
66.4098,201.855
60.9502,203.185
62.4988,193.507
61.4334,192.83
62.0872,204.593
60.5716,184.686
61.6124,200.321
62.257,222.196
60.6594,192.053
61.7448,216.286
62.7798,197.128
65.7054,216.189
63.2664,199.667
60.4898,202.71
61.3502,194.579
62.7542,179.451
64.2976,199.596
61.6994,226.287
65.1134,208.231
63.2414,202.629
64.4868,209.396
60.8674,218.502
65.3418,230.188
61.9214,184.103
60.8186,217.099
62.017,228.375
61.9024,200.112
61.5996,171.514
63.4642,199.326
70.739,238.196
61.8832,216.576
60.2196,181.617
64.5848,210.184
62.9554,218.882
63.554,197.447
61.0518,201.617
63.4866,206.174
64.871,221.428
62.1564,197.29
64.324,224.967
63.667,214.096
59.273,172.196
63.909,186.277
61.6362,204.036
60.7134,191.746
64.6872,209.616
64.3592,223.678
65.0732,230.57
62.8066,240.602
62.9724,203.636
63.5032,205.742
63.1158,195.577
64.745,214.769
64.9388,232.912
61.0424,183.874
59.9742,192.52
63.3552,237.912
61.1614,215.552
63.6658,206.89
61.3404,186.712
66.241,233.122
62.3782,189.891
64.513,204.04
62.2148,206.659
62.6004,205.801
64.1508,211.978
60.311,195.491
62.3568,183.658
63.1034,203.042
61.4718,202.719
63.6744,203.199
61.7576,215.583
65.4008,229.38
61.113,185.731
62.7386,226.825
63.0516,194.459
63.177,246.612
61.411,210.48
61.5582,205.624
62.3304,205.897
59.8598,165.954
63.2914,223.608
62.8806,209.534
63.49,203.676
62.6476,193.461
63.664,204.165
62.7454,212.844
61.0148,192.615
62.188,206.286
63.6468,220.515
61.8828,183.394
66.2664,237.296
64.5956,220.377
63.4632,238.751
60.6482,179.186
58.9758,185.068
64.3306,192.102
61.696,194.842
64.0788,210.83
63.9194,234.161
62.0152,205.364
67.1994,241.734
61.7288,195.278
60.5616,209.406
64.2544,211.006
62.407,213.889
60.129,199.904
62.7436,213.359
63.7072,210.4
63.1486,222.976
64.541,204.45
61.8312,198.553
65.3918,221.256
63.469,207.202
62.2612,187.9
62.632,208.12
60.0724,201.97
63.7836,221.479
62.6148,204.129
65.807,210.2
60.824,195.111
67.0514,234.824
64.1818,235.599
64.5422,228.762
62.7692,219.502
63.2008,197.9
58.7752,179.311
62.6284,193.273
62.8846,214.545
61.5728,224.961
66.5718,220.579
65.4278,202.1
61.1204,220.025
61.736,192.865
63.9718,203.606
63.0842,213.273
62.5388,219.209
64.0818,214.784
63.368,186.759
64.714,216.418
61.4338,206.487
62.982,203.039
62.5812,210.341
67.3894,205.42
61.32,207.515
66.3314,193.95
59.6414,169.84
63.7718,218.515
64.78,202.707
61.3686,203.991
60.9632,179.634
64.4924,215.914
62.576,184.266
65.9816,222.311
66.6668,221.212
63.8404,205.465
63.1212,200.919
62.3166,199.911
60.8466,201.368
64.4096,200.823
62.6858,207.169
62.3802,200.072
61.6618,204.325
62.0884,195.062
62.6662,203.393
61.1762,232.681
62.4832,192.287
62.734,228.949
63.6448,227.374
62.4732,209.62
62.922,202.079
62.6898,186.537
66.7686,212.65
66.685,219.994
64.8064,226.958
64.384,216.132
64.9746,227.892
61.5242,201.926
62.2064,218.757
62.305,202.964
68.5044,247.139
67.1086,244.548
66.361,234.906
65.177,236.662
64.8938,222.043
63.5116,209.841
61.0154,196.102
63.52,209.727
62.8524,210.132
61.1304,200.258
64.8424,221.436
62.985,212.343
64.9608,223.863
61.6316,208.878
61.4892,187.705
62.913,217.48
62.3246,242.848
62.7628,225.199
61.782,189.839
63.6562,223.037
62.0754,189.861
60.5184,197.579
63.1128,192.27
62.3574,196.218
60.1232,193.615
64.8136,200.788
64.5542,224.212
62.0178,193.494
62.733,182.153
61.9624,195.212
61.6226,190.213
64.6314,210.038
65.9078,230.889
65.626,232.369
64.7386,219.833
61.3874,177.415
61.8482,217.401
60.8406,226.289
64.3974,194.927
62.7108,198.01
60.574,201.825
64.0496,201.505
58.0392,191.8
59.5024,178.973
60.8018,197.493
63.224,223.179
60.696,205.235
64.3612,228.968
63.5468,187.883
64.0838,252.274
62.7624,209.26
62.2184,220.105
63.4242,210.851
63.4252,191.628
62.567,187.245
63.287,233.281
61.529,187.736
60.4598,187.938
60.5574,225.147
63.2608,209.299
62.0992,215.738
64.8056,239.283
69.0758,221.907
66.6622,240.423
64.0162,206.38
63.039,234.055
62.0094,210.318
61.336,194.061
61.6196,167.785
66.9774,227.652
64.8756,210.037
61.8182,203.218
66.2086,211.336
61.3602,227.11
64.4844,221.433
64.8614,190.798
62.7342,241.212
63.0078,210.473
67.54,226.381
64.5526,245.547
62.5398,212.189
63.5942,189.908
63.197,188.687
63.492,206.537
64.7886,215.002
62.1764,241.661
64.129,231.623
64.9978,254.263
63.4504,243.977
62.4626,202.935
62.1606,242.585
64.2262,237.851
63.5752,250.002
63.1186,193.327
63.0204,210.032
63.834,185.027
62.4736,194.932
63.394,190.064
62.5666,221.543
61.6858,202.181
62.9442,216.828
63.6078,209.285
61.5456,196.5
62.0324,225.674
62.2148,190.639
62.9164,232.621
60.0458,241.242
60.9818,195.507
61.879,203.592
62.549,257.231
60.794,199.295
63.4742,194.072
60.1334,200.347
59.6122,206.726
64.1904,218.934
63.9404,213.202
62.6708,247.064
60.5362,239.456
62.7942,218.594
62.8276,222.692
61.2014,194.87
61.4578,223.778
64.1628,216.94
61.4434,186.375
66.7858,212.762
65.1736,241.165
61.1462,188.072
61.0168,192.17
59.6406,173.637
62.669,210.384
62.5614,221.816
60.3668,203.122
61.2708,192.444
63.9412,189.504
60.916,197.606
60.0006,184.328
63.5886,200.041
62.0968,221.687
62.9662,228.263
65.1904,208.988
62.3352,208.322
62.2122,219.691
65.0932,207.211
63.179,210.72
63.8774,211.946
61.7072,209.203
60.2854,208.492
63.1164,191.357
65.8116,206.042
59.92,206.881
61.6006,208.663
63.8718,205.722
62.2766,211.013
62.365,207.215
62.3872,235.117
60.3594,230.63
62.7196,221.027
61.0714,189.161
61.36,200.409
62.1604,198.984
66.0594,232.011
62.6838,183.17
62.2504,204.35
62.6692,197.201
61.7188,199.955
66.9248,245.763
64.2712,191.829
63.8256,188.524
68.5108,236.933
61.6906,222.542
63.053,217.826
66.0598,233.048
64.7856,233.741
61.6838,217.813
61.2744,186.408
63.378,233.075
62.3976,220.503
65.0924,241.239
67.4006,215.758
64.2046,202.135
63.7032,203.231
62.9848,230.5
63.3304,223.531
62.2594,190.594
62.099,225.673
64.4486,182.332
62.3792,210.093
63.0156,198.466
62.4918,207.792
62.5412,199.837
60.7052,196.736
64.3666,205.177
65.964,226.953
61.6944,206.584
67.1886,215.279
63.0258,203.344
62.6166,221.62
61.2792,182.64
64.643,216.418
60.599,213.884
65.4128,206.352
63.4198,193.194
63.1598,187.097
63.7,194.721
62.2834,204.591
62.8592,203.278
63.5082,204.214
62.4966,208.111
63.775,196.509
65.0366,212.529
62.2878,196.037
62.0104,209.433
64.6294,234.653
67.4156,205.471
61.36,210.906
63.2998,192.985
63.1882,219.296
63.515,248.554
62.941,199.46
63.5828,207.579
67.6062,247.205
61.2884,215.337
61.793,201.002
62.819,227.754
64.8406,239.709
65.4614,223.857
65.9292,223.67
62.235,230.624
64.1302,215.702
60.8116,197.126
61.1372,213.351
64.0266,235.545
62.8056,223.979
61.6896,175.186
63.451,187.715
63.5678,217.639
61.0394,231.506
62.946,210.582
62.068,214.754
61.8058,216.812
62.3476,227.969
65.8498,209.096
66.1228,210.061
59.9836,174.542
62.4374,213.388
63.098,210.66
62.9418,208.527
62.4728,212.027
61.2894,216.484
61.993,198.786
64.4618,246.657
59.0096,173.835
61.7714,196.937
64.856,225.713
64.0798,199.572
62.3034,194.731
64.292,189.471
63.49,186.952
63.8366,220.07
62.729,215.399
66.645,227.243
63.2174,190.819
64.1576,203.962
61.4056,227.352
62.5044,209.024
65.0662,234.069
62.7852,185.158
61.7984,211.355
61.5344,222.173
63.8342,226.215
59.9558,170.308
63.312,214.85
61.0412,229.441
64.9934,211.716
62.8016,221.571
59.9492,156.127
62.1858,197.106
65.0836,240.945
60.1794,189.392
61.378,176.084
61.789,195.555
60.444,167.987
62.399,216.826
60.7326,199.637
64.9064,228.709
63.1602,233.557
62.8872,217.676
63.5266,237.204
63.3712,207.57
63.7604,195.177
61.7242,213.01
62.0138,222.571
62.6548,190.75
60.7768,226.415
61.533,204.963
61.4764,206.379
61.5766,197.836
64.136,189.749
65.4314,217.307
61.9068,228.541
63.2152,202.728
65.3638,220.372
62.1204,222.803
66.6652,224.62
63.4412,210.193
62.48,179.983
60.5336,193.28
63.6968,197.842
65.9186,226.697
61.579,187.249
64.9102,232.604
64.2908,244.085
63.1446,208.784
63.8418,223.51
63.1674,222.713
60.9056,175.13
63.8924,232.648
62.2084,229.785
66.7852,232.642
68.4738,260.248
64.5538,201.069
62.8746,230.225
62.7142,250.296
67.1188,227.949
61.6538,215.941
63.686,218.411
63.351,228.145
61.1166,202.073
65.3262,203.677
62.2018,222.444
60.9756,188.979
61.1534,193.821
64.0648,205.001
64.089,237.353
66.1774,248.517
64.6088,227.202
64.2554,198.1
61.3346,208.255
64.1512,187.886
62.2492,193.862
63.2466,219.132
60.411,176.995
59.9594,178.528
60.9134,178.775
65.3242,229.079
60.7134,176.055
60.9902,187.105
61.8744,213.188
61.4438,194.624
64.0506,195.22
61.5102,207.95
64.9762,208.056
64.0956,220.526
62.7534,207.982
61.0252,220.89
63.6938,221.816
61.3154,195.106
62.116,203.702
63.4354,208.457
61.2862,220.441
66.2944,226.408
66.4752,218.72
63.4936,226.359
67.2194,240.796
67.794,214.447
61.9182,207.178
63.7748,204.572
63.7386,199.541
64.5388,226.504
61.6288,206.628
62.1786,229.567
62.7592,185.705
62.961,191.329
64.8932,207.095
62.6998,205.482
WO
54.3754,305.434
52.93,290.166
51.6342,277.311
53.9844,285.095
57.2232,287.546
57.4384,300.514
54.1144,279.076
53.3136,292.134
57.1216,278.07
54.7042,310.685
54.1756,276.468
54.0976,297.408
52.837,284.075
51.4376,273.062
56.6634,302.146
55.275,288.561
54.5234,298.57
57.705,291.135
54.323,285.266
52.6422,272.975
55.6612,280.832
54.626,303.075
56.4332,282.423
54.455,285.558
57.1926,304.104
54.5342,300.784
56.405,279.357
56.4584,265.379
53.8884,290.204
56.371,298.979
53.2078,290.002
52.9904,286.791
54.1194,286.586
53.7468,295.333
55.0822,288.095
57.376,294.253
57.0256,272.441
54.0212,298.996
56.8084,282.389
52.9196,292.472
53.8482,298.886
55.1986,293.349
54,277.96
55.9916,311.824
52.7186,294.026
55.7626,287.419
56.5108,282.632
53.5108,278.488
55.171,287.623
54.8892,303.531
54.4014,287.403
53.7408,290.448
53.9464,284.975
53.6356,289.29
57.108,286.244
52.9056,286.397
53.6168,283.508
56.63,269.184
55.0714,288.76
57.8108,304.047
55.282,290.645
54.9426,274.956
53.5872,275.17
50.7416,281.762
55.2802,300.646
55.3772,281.773
56.6022,308.96
51.0668,276.438
56.056,301.62
51.964,277.067
54.3736,295.2
55.4772,274.262
53.3966,270.752
57.2316,281.23
56.5944,297.312
56.522,282.741
53.3136,279.612
58.3114,306.502
51.6426,276.545
54.9006,281.48
58.1022,295.484
56.7996,271.872
55.0852,293.81
52.6756,295.306
53.193,285.616
56.9396,304.808
57.6934,278.103
56.655,279.279
57.6968,293.758
54.361,282.159
52.7024,266.081
53.5452,291.203
55.9482,295.552
53.9408,294.486
57.4698,293.345
55.3684,282.026
50.2372,278.7
53.089,276.453
55.1698,257.481
53.5258,276.29
53.2756,290.103
53.2796,265.268
52.7248,283.595
53.6518,273.41
52.4536,279.335
54.3332,281.3
53.529,300.713
52.8648,283.074
58.3714,283.079
53.7644,303.145
55.1624,282.877
53.2848,283.881
54.1908,277.312
53.3298,294.284
52.9538,270.666
56.0874,286.878
52.6924,282.266
57.1828,309.909
54.5102,287.024
56.5072,299.759
55.7056,291.282
51.524,280.07
53.6378,286.845
51.3398,282.633
56.4534,292.52
53.946,283.361
52.5188,296.596
56.3798,285.993
53.775,299.106
55.6568,288.167
56.2142,299.786
54.7468,319.588
55.1496,274.94
55.0424,277.965
53.8116,282.701
55.9514,290.543
57.2198,287.715
55.1006,299.369
56.6078,296.275
58.833,316.506
54.8104,289.322
56.2134,291.962
54.1256,280.043
54.7812,285.789
53.5008,283.192
54.2622,263.283
54.6,297.255
50.9178,275.382
53.1376,282.276
57.2786,278.3
51.693,292.797
52.2444,274.13
55.5502,284.98
54.4728,277.879
55.2956,286.237
54.8106,288.353
54.7714,270.429
56.4816,305.839
56.138,290.152
51.806,271.351
55.0564,297.451
56.0196,291.559
54.2768,292.966
56.63,288.926
59.1976,284.633
54.254,291.616
56.5912,297.454
53.0674,263.946
54.1484,279.933
57.0606,294.63
53.6218,295.345
54.5854,280.696
54.3046,282.963
54.6494,291.329
55.1372,277.638
57.6738,277.169
55.1202,291.908
55.7372,311.433
54.77,300.72
55.6276,283.543
51.3846,267.34
56.974,275.123
56.3046,291.173
56.2268,302.709
54.0212,275.455
53.9518,300.415
55.0438,292.262
52.79,279.289
55.181,291.336
55.15,299.816
53.9892,286.094
54.1164,280.079
53.4788,268.417
53.1596,275.307
54.0264,286.601
52.8464,285.178
53.2766,292.21
53.9402,265.861
52.7262,273.861
53.1736,291.04
54.7238,292.451
52.7952,281.756
56.8508,280.507
51.5846,275.904
54.7956,284.375
55.8988,302.396
55.6168,298.878
54.9512,286.087
54.2198,289.825
56.098,305.783
56.4846,287.803
55.1822,293.808
54.841,297.714
55.5252,295.667
55.4052,295.128
54.1834,275.782
55.604,279.792
50.413,273.681
54.992,280.353
54.677,292.836
55.5352,278.021
54.1294,290.28
53.6554,269.512
51.649,283.817
55.2188,275.513
55.73,272.373
56.196,287.451
53.2418,277.587
56.1636,294.158
56.893,296.15
53.3666,280.432
56.7458,274.513
53.0172,299.918
56.1794,292.497
55.3492,272.927
56.0694,292.221
52.8706,283.672
54.157,281.115
56.2894,288.201
57.311,296.67
54.7826,285.275
53.4916,290.294
52.4176,265.275
56.861,275.155
52.709,276.873
54.6054,286.884
54.4176,273.466
55.7092,280.74
58.9086,293.046
51.5076,272.028
55.4916,292.001
54.5626,285.499
55.1916,281.176
54.7088,281.005
53.8242,276.502
56.1772,280.982
55.963,308.865
55.074,292.27
53.4048,281.256
53.0244,280.405
56.978,294.66
54.7342,282.082
52.3278,288.731
54.314,279.609
52.4048,275.665
54.6996,297.773
53.906,298.404
54.6936,307.32
55.5746,301.65
59.0428,275.738
53.5534,308.669
54.5916,300.767
57.8304,293.055
54.0586,292.439
56.8402,295.378
53.7828,299.97
54.0392,298.647
52.0468,298.512
52.0114,290.277
56.3884,289.502
54.1162,273.264
53.0254,287.576
53.0264,276.054
51.5834,279.259
54.445,307.43
52.896,296.79
52.6634,286.251
53.8706,279.947
52.8782,273.409
53.2378,287.689
53.4696,281.751
51.8186,271.999
54.4374,286.77
54.2066,284.436
52.014,269.658
56.2024,291.494
55.5446,281.078
58.2174,296.329
55.2588,295.355
57.2836,266.747
55.2354,272.922
58.3696,273.462
52.1146,274.324
52.867,291.602
54.1182,309.435
56.522,284.301
55.877,289.378
55.0988,300.944
55.66,298.779
54.5794,290.215
56.2354,299.97
53.5736,288.71
54.6178,292.268
54.1336,295.551
55.3696,272.466
51.3934,269.015
55.4574,295.449
52.5406,288.479
58.3878,298.09
55.5352,297.08
54.557,290.214
53.9634,287.715
53.1292,287.536
54.1292,284.871
55.1956,295.164
54.999,292.965
56.4152,275.747
54.1496,273.569
53.838,297.208
59.3272,276.358
54.4532,305.692
51.4306,280.066
55.5836,280.188
54.979,279.653
55.3746,278.19
52.9894,267.208
57.1828,293.078
53.3666,276.153
52.864,285.32
56.6642,284.171
55.4738,280.199
55.5876,286.006
52.7094,282.826
52.393,279.636
53.8602,285.579
55.6272,300.38
54.0756,302.38
53.0574,280.27
53.203,285.039
54.0952,291.014
53.2558,273.352
54.1858,303.306
53.888,272.695
54.3156,297.148
54.9878,277.876
56.5214,292.231
54.6692,290.6
53.8702,292.318
58.7392,314.447
57.3394,281.887
55.2278,300.975
53.1424,291.913
52.6144,275.112
56.2068,269.401
52.9118,284.805
52.6968,286.184
58.2218,300.513
54.6448,294.295
57.6674,291.59
56.0566,284.355
55.9362,288.102
59.4078,280.897
51.4994,287.976
53.1656,284.852
56.3874,288.544
57.566,305.656
56.3068,303.676
59.7478,278.858
52.4636,275.919
55.1318,298.421
53.3104,271.431
56.5632,290.47
54.4474,293.689
58.1388,283.248
54.3292,288.396
57.4094,271.948
54.24,297.956
53.8624,281.329
55.0108,293.71
58.1254,287.179
55.0966,296.712
52.1924,288.506
53.0882,291.13
52.77,287.663
51.9846,260.412
57.8264,273.434
54.5382,300.882
54.9916,291.754
54.382,298.159
54.1182,270.672
55.47,299.71
57.0164,291.026
57.1644,301.326
55.2076,277.81
54.7898,291.854
54.415,290.481
55.8088,289.73
53.5154,293.859
54.6836,295.302
56.473,304.981
53.0156,272.055
56.1686,287.643
57.1394,285.176
54.7186,276.954
56.9428,275.173
53.826,284.346
55.153,275.25
58.9634,287.68
53.0792,287.968
57.1006,283.896
55.7478,296.671
55.6876,283.175
55.811,275.855
55.3612,319.063
52.2358,285.508
57.9458,298.019
52.6084,277.911
54.2244,277.091
57.969,295.325
53.7502,303.547
55.1944,273.007
53.557,279.818
55.3576,294.077
51.5906,278.564
54.3842,283.805
55.6238,282.372
53.6446,287.809
55.3302,288.38
54.9632,286.58
56.1112,281.306
54.089,289.701
52.6342,278.209
53.4174,284.742
56.4428,311.443
53.4202,272.36
55.6772,288.585
55.3508,314.341
58.59,277.189
56.8144,308.373
53.9038,279.609
54.067,288.225
55.918,286.394
53.9248,281.633
52.904,291.006
52.2698,297.481
55.191,278.555
53.21,271.888
53.845,274.951
53.9766,292.204
53.985,292.323
55.3274,297.139
54.9232,293.722
55.0664,305.079
55.387,294.06
55.9982,284.285
55.6714,293.237
50.9988,266.456
52.7608,271.136
50.9804,269.583
54.4032,283.922
55.609,288.743
50.3878,266.877
57.948,276.286
56.0294,293.203
53.6848,306.633
53.8022,284.257
55.2812,298.082
52.1198,275.774
51.5798,275.232
56.845,278.765
52.6486,294.857
53.3822,284.679
53.8024,298.171
55.6468,286.187
56.2432,278.228
51.4688,269.067
58.2208,311.852
56.8076,285.35
54.3502,287.333
52.4468,274.868
52.6752,276.71
54.678,291.191
53.2872,276.595
60.1798,289.863
55.4204,287.562
56.431,315.598
55.41,305.242
54.1618,286.932
55.611,283.564
54.128,278.408
52.1074,284.237
51.0452,296.196
56.4472,285.558
55.2298,282.936
54.1,281.466
55.2334,307.725
55.943,301.093
53.945,281.942
54.3158,290.674
55.048,307.582
54.897,292.88
53.2642,293.604
53.974,291.109
51.4514,270.749
52.946,278.957
53.9198,281.866
53.3132,283.41
55.1192,287.477
58.265,287.595
53.4288,297.453
55.8118,301.679
55.8002,282.853
56.474,291.483
55.2566,274.549
55.329,286.536
51.463,270.855
52.4152,292.831
54.5744,276.253
54.8256,286.229
53.7876,287.398
53.971,288.163
55.15,289.836
53.2528,283.833
52.605,282.397
51.9062,292.559
50.96,264.57
52.9752,276.612
51.4938,274.962
53.808,287.574
55.1996,285.784
53.0926,287.279
54.1106,286.55
55.9656,291.054
54.247,271.568
55.5002,293.877
54.9726,289.262
55.96,291.192
57.006,277.18
55.4756,295.271
54.7526,279.739
57.1668,302.621
56.0624,307.58
54.6838,293.412
52.979,279.325
55.7452,295.514
53.2182,266.192
53.601,280.218
53.2902,280.446
52.642,286.296
56.7906,283.621
56.3546,285.379
53.5118,275.527
55.397,294.412
54.233,289.833
52.16,286.281
54.0732,306.079
54.7604,273.484
55.337,300.275
56.4448,290.106
54.1196,294.121
54.9022,279.572
53.2978,286.366
50.4922,277.114
56.6024,284.488
55.3902,283.259
54.5738,288.121
56.6694,297.707
52.4154,271.299
53.9342,302.363
54.841,280.495
55.1296,273.407
51.7608,262.758
55.0404,287.079
56.3458,280.372
56.7684,278.794
51.919,261.025
53.1172,287.399
51.6568,289.082
53.1852,272.103
56.8242,288.207
52.536,279.957
56.3906,284.444
52.6812,286.065
57.346,277.473
54.9172,286.412
53.4248,285.023
54.4958,284.24
56.9208,290.741
54.558,296.169
55.2174,270.127
54.1432,305.356
54.7332,297.289
54.2734,289.856
50.2962,268.308
53.8576,282.57
54.6978,309.645
51.3798,275.929
54.1448,304.095
58.597,286.144
51.334,258.521
53.1254,276.455
53.5338,278.086
53.4782,279.576
54.3574,292.906
58.3506,294.935
55.5396,285.859
51.754,268.877
53.4318,292.817
55.1264,299.978
56.5422,291.07
54.4312,298.739
55.4374,286.807
53.6756,290.467
56.1574,305.082
56.903,285.443
53.4286,271.382
57.0618,290.78
53.5308,279.061
53.2854,274.895
54.8056,301.614
57.8504,319.591
51.6466,283.21
53.0362,294.158
52.8972,291.632
53.206,267.878
55.592,294.268
54.7084,304.818
55.002,298.123
52.4382,299.14
56.479,297.288
51.8512,269.273
51.436,279.854
52.206,277.928
53.4282,287.466
54.9588,288.615
54.3226,285.439
52.7046,272.44
53.7652,292.661
54.3054,296.81
59.1162,292.13
52.1394,266.482
52.6584,291.031
53.295,288.369
55.5408,320.932
53.9228,286.176
55.4448,279.126
57.4008,281.812
55.618,307.575
55.2422,290.303
55.9852,282.427
52.449,279.772
56.5344,281.43
51.9182,286.287
51.216,291.373
55.7558,309.28
56.4362,289.505
55.381,288.427
52.3896,276.783
56.3496,267.216
53.915,291.537
54.2642,298.521
53.6876,252.68
53.2276,299.709
54.4758,293.03
54.35,279.204
56.1922,308.089
54.1068,282.161
51.7962,290.847
52.8024,282.393
51.1772,282.859
57.7524,282.38
54.5844,272.223
55.0274,298.2
52.9088,290.06
55.422,270.455
54.4554,295.555
52.7286,285.151
55.0426,298.387
54.6134,277.299
56.34,275.701
52.9682,293.081
53.4184,294.402
50.324,279.697
55.8234,306.274
55.4734,315.281
52.8018,285.739
56.818,296.07
56.2776,289.095
52.5672,298.742
54.1876,303.613
55.8396,292.37
53.2934,285.391
54.4802,298.602
56.737,306.102
54.8788,288.577
53.613,280.011
52.9886,276.785
53.2772,280.575
55.4944,297.564
54.9382,283.31
54.1242,301.236
55.1362,281.263
53.2838,287.788
51.3544,271.86
54.5828,290.166
52.746,274.82
55.7194,300.086
53.9794,298.637
52.1418,273.615
54.8188,296.516
56.0314,287.954
54.6958,282.034
52.5368,281.369
55.1796,295.5
54.3328,304.061
51.726,273.708
51.7324,280.357
53.9754,278.368
53.755,272.58
56.1126,289.106
54.9416,280.692
54.7888,277.86
58.8082,291.533
53.2648,288.396
55.832,280.861
54.2084,286.68
51.8356,262.415
57.0514,288.12
57.4586,288.856
56.599,284.749
52.8952,279.856
52.1506,276.649
55.0176,290.491
58.818,292.814
54.4908,298.009
53.732,261.459
55.0494,289.161
53.3292,285.1
56.238,286.731
54.7608,283.342
52.6318,279.698
51.0952,275.69
53.0532,272.31
53.794,273.239
53.7114,278.907
57.3458,296.574
52.6584,279.459
54.333,280.722
53.7414,301.846
52.739,263.264
54.2516,288.634
54.8552,290.023
56.2534,287.7
54.1442,294.069
55.6352,301.857
54.0194,299.387
54.1826,282.924
58.4942,299.767
56.8658,281.562
54.2724,292.343
60.9232,293.662
54.6072,288.622
56.9874,290.918
57.1428,296.953
56.2154,289.187
51.7218,270.103
52.8394,287.302
52.502,292.735
57.4746,282.963
56.745,282.08
54.4594,285.684
53.245,280.272
52.8426,272.453
52.9268,284.405
51.7868,284.741
53.9844,279.841
52.9052,289.698
54.8484,292.361
53.771,291.415
52.7842,270.885
54.6444,292.268
57.0308,280.94
56.3928,291.014
54.6336,286.515
54.617,276.609
54.1688,281.032
54.976,278.844
53.8144,293.273
58.2346,298.557
56.5204,297.298
56.9026,304.672
52.5232,275.474
55.995,291.83
51.6826,288.412
54.1344,299.527
55.5736,286.967
55.2314,297.066
57.8504,296.41
55.223,274.314
59.3676,314.826
53.7874,302.093
54.7274,287.577
53.4406,294.749
53.029,273.58
59.5138,296.474
52.7374,284.068
54.6486,276.839
53.897,299.709
52.6918,277.173
56.7336,296.118
54.3432,269.869
54.9106,299.158
54.287,286.012
56.207,303.328
54.3448,287.813
55.7508,295.491
54.4774,287.332
53.8206,288.929
54.9052,290.155
56.038,283.599
53.9666,286.519
54.7868,290.91
57.6842,292.281
52.0448,277.851
54.4154,293.667
54.1616,289.537
54.9726,276.776
56.5248,286.705
59.3102,303.078
54.403,295.662
53.7832,280.086
54.0276,274.813
54.4242,291.893
52.0106,284.849
52.2452,268.942
54.0124,275.105
56.8742,302.228
52.9844,306.623
56.1164,293.54
50.8972,279.362
53.479,290.491
56.4984,295.992
54.111,293.439
53.7786,282.926
55.916,294.465
55.9074,301.941
54.0424,275.651
52.7046,286.521
58.5726,292.315
56.5804,292.237
53.8898,282.829
53.3234,285.89
55.4962,279.625
54.7546,288.03
55.7858,306.897
52.608,293.196
55.8148,287.193
54.861,298.83
54.1146,288.905
55.3572,279.101
53.624,273.924
53.0046,271.164
54.6364,286.167
53.7424,297.973
56.2748,290.695
53.4432,274.541
52.0742,288.457
58.5976,315.435
53.1994,289.702
56.3098,315.464
53.1052,269.497
55.8416,303.218
54.5974,287.785
54.4636,275.518
54.755,294.788
54.5342,280.377
55.0294,285.559
52.0612,284.016
54.3668,281.729
54.9238,298.146
54.691,289.89
54.246,298.785
58.7414,290.377
55.2306,295.003
56.2126,273.218
54.8026,271.504
54.7034,292.217
55.094,280.931
53.797,285.234
55.4274,291.257
55.1162,291.798
52.3392,288.11
52.0448,284.798
52.7106,274.409
52.6226,284.508
51.512,293.927
52.8454,291.463
54.4268,287.818
57.2376,289.44
53.5026,279.477
52.3472,269.671
54.954,271.593
54.8554,317.228
52.581,295.954
54.0874,296.651
53.669,286.456
53.9056,297.061
56.1602,297.319
57.1802,299.176
53.8958,281.28
56.535,288.404
53.0484,275.903
56.4396,284.21
53.8476,292.649
55.612,289.486
52.9536,286.941
56.6738,285.637
54.5582,314.495
54.6906,279.771
53.315,279.923
52.933,276.247
51.381,270.051
55.2622,278.35
53.8656,287.28
51.8926,303.698
58.8822,302.715
56.6176,287.902
54.9776,286.424
54.1782,274.241
57.1554,299.398
53.9482,284.996
56.4542,302.935
55.192,299.781
54.366,297.899
53.1564,282.317
52.4884,283.129
56.1078,290.599
53.8856,274.445
53.2504,279.787
56.6942,288.43
55.0262,279.807
55.6398,282.195
55.077,295.11
55.9538,294.552
54.0556,287.945
57.3326,293.144
53.6908,271.548
52.9804,277.896
55.2964,290.893
53.5086,275.739
55.3002,293.703
56.0324,272.101
55.5712,289.467
53.9006,290.238
55.909,294.989
58.5438,298.5
61.4012,301.687
56.719,292.771
55.6924,288.58
55.0362,298.138
54.686,283.525
53.6564,298.386
52.5702,277.339
50.9096,261.856
54.261,281.887
54.2166,289.084
56.2622,289.823
55.4716,300.423
54.8014,289.709
53.6664,296.045
55.461,295.429
53.9354,296.61
54.1572,267.787
53.4058,293.515
52.0446,274.795
54.4646,284.863
58.2072,280.262
54.3214,281.345
52.1408,294.904
53.087,288.659
54.0226,283.675
51.711,264.972
52.1964,279.475
53.392,292.363
54.2498,298.117
53.397,270.373
56.5008,297.861
55.6968,289.77
54.5634,290.77
53.3492,284.276
OPT
46.5278,137.166
46.2836,132.157
47.2626,122.154
46.8228,135.402
45.022,112.947
45.8904,115.128
49.0428,133.414
46.223,133.736
45.5488,128.633
45.237,117.927
47.6492,129.357
45.034,123.313
44.5294,112.469
45.451,111.347
46.085,120.216
45.2578,117.923
45.4244,113.128
46.6918,122.58
45.56,118.158
44.873,117.438
45.632,122.33
46.954,120.375
46.3054,128.416
45.786,112.983
46.6752,136.259
45.9862,122.561
45.8456,114.917
46.7178,126.939
45.7408,127.355
46.2132,127.334
46.2764,119.888
44.6946,112.766
45.9248,122.027
45.2718,119.384
46.3518,129.228
47.2202,123.17
47.0862,129.669
46.7608,121.748
45.7758,112.298
45.472,127.227
45.6184,125.079
46.5492,129.158
48.8764,136.818
46.8592,119.185
47.2824,135.906
46.1948,117.64
47.4936,121.008
45.9062,120.056
46.6816,122.669
46.5316,124.153
45.578,125.573
45.0806,114.378
46.1328,119.359
46.0478,120.914
47.2094,125.299
45.342,116.807
44.6084,114.154
44.7254,125.504
46.4468,117.762
46.0962,117.811
46.3252,127.945
46.991,129.442
45.456,123.898
45.2916,124.334
46.0226,116.606
45.6836,117.834
44.6814,109.741
46.9806,141.676
46.5086,129.952
45.9446,131.199
46.4714,120.928
45.561,117.736
47.449,129.077
45.2994,125.99
45.4404,118.57
45.5412,110.717
45.712,121.389
45.1168,117.999
45.6452,116.786
46.0562,129.929
45.7088,129.782
46.4648,123.267
46.3158,127.905
46.8772,132.825
44.9142,125.185
45.5092,123.844
45.6032,123.092
47.1936,118.546
45.568,129.69
45.5912,122.853
46.4844,122.069
45.7706,116.891
47.0824,125.202
46.2422,126.694
46.3622,120.531
46.6664,130.03
46.7866,126.009
45.2008,121.466
45.2308,120.196
45.7744,121.9
45.5824,127.064
47.2176,120.303
46.1614,124.522
45.733,124.759
45.0564,112.541
45.6758,120.681
46.8472,125.565
45.7618,126.79
45.6236,113.483
47.5424,137.668
45.3272,117.512
44.8756,121.306
45.501,125.485
45.864,127.956
46.5666,124.793
47.6686,115.927
44.513,118.252
45.9866,123.657
46.2316,127.734
46.6604,131.27
44.9838,121.988
47.2446,131.777
46.4766,121.76
46.8868,129.341
44.5292,116.34
47.0464,139.18
45.1442,115.816
46.6088,125.654
45.692,130.414
46.0808,128.128
46.7764,128.991
45.9008,126.349
45.5978,117.783
46.8074,130.634
46.4232,121.03
45.7336,123.122
46.3046,130.211
47.259,141.286
45.3096,118.859
46.062,123.426
44.7744,122.24
46.4712,121.956
45.8222,111.337
48.019,132.865
46.1048,126.224
46.2584,126.828
45.592,120.207
45.619,125.695
46.3144,119.429
46.4462,116.937
46.4726,121.797
47.1902,130.887
47.2086,122.735
47.3594,133.433
46.0628,127.43
46.8726,129.245
46.5266,121.367
45.5778,123.129
46.076,124.018
46.0608,125.203
45.2512,121.622
45.6822,128.33
47.7462,145.828
45.1642,118.71
45.5538,113.305
45.1248,116.371
44.597,113.666
47.6884,123.257
45.9462,130.155
46.2874,129.536
44.9322,121.062
45.6152,117.28
45.307,112.639
45.529,125.059
45.8854,126.286
45.424,120.881
45.7256,127.287
45.8194,124.403
46.4304,117.243
46.3102,121.189
47.314,125.556
46.803,130.532
47.0644,141.197
46.8558,118.206
46.4752,140.537
47.174,121.101
46.9364,134.426
45.2012,119.371
46.2314,123.476
46.417,130.474
46.388,126.316
46.4006,125.305
45.0112,114.316
45.4764,111.749
45.446,118.898
45.2588,120.97
45.0866,119.403
47.3986,121.96
47.9174,119.061
47.193,116.62
46.0188,122.725
47.4742,139.212
45.8638,120.173
46.3606,127.25
46.3426,116.841
45.385,122.895
45.2614,117.824
47.355,133.481
46.2212,121.8
45.6742,121.75
45.042,118.669
46.5928,125.153
46.5474,132.554
47.5098,123.323
45.5214,120.924
45.221,119.859
46.9384,133.508
46.0846,118.522
46.517,130.173
46.7772,135.106
46.596,114.281
45.9016,125.624
45.7466,128.575
46.3198,133.106
47.1142,130.355
45.3612,116.01
45.2472,118.677
44.2836,115.312
46.4578,125.032
46.4644,128.695
47.2824,134.008
46.638,123.282
45.2784,121.043
45.0466,117.076
46.2214,121.232
47.2418,127.372
45.8062,125.187
46.1192,119.102
46.095,119.91
46.4818,130.121
45.4114,123.159
46.2508,117.435
46.2732,120.525
46.5552,118.676
45.267,107.006
46.58,129.201
46.1174,120.946
45.7832,131.885
45.3454,119.519
45.5712,127.028
46.085,125.005
46.2606,123.052
47.8936,141.561
46.8642,133.054
46.8446,140.588
46.4962,126.872
47.6482,135.853
46.181,116.825
44.8232,122.037
46.8034,118.914
45.8372,119.04
45.2244,119.266
46.6806,132.89
46.0356,120.055
47.1608,126.278
45.9564,130.414
48.124,120.274
46.2178,114.414
45.6018,134.284
45.4538,124.053
46.4538,122.286
46.7766,121.703
46.7108,126.131
45.4014,116.558
45.3268,113.743
46.8398,129.227
46.426,138.73
45.3186,130.93
46.5732,130.215
45.921,115.671
48.3122,119.987
44.9886,117.291
47.1528,133.9
45.8662,127.796
45.3614,122.915
46.7426,133.453
47.404,127.394
46.4386,110.016
45.9514,127.47
44.5532,119.512
47.1136,130.407
45.5696,119.36
47.5668,130.525
46.7494,127.025
45.1566,117.02
46.271,131.295
45.8416,118.319
45.3544,122.055
45.7556,129.111
45.4156,117.412
46.6632,130.029
46.0362,134.283
46.2054,122.05
46.036,129.782
47.2738,127.768
46.0456,123.275
46.3272,126.009
46.3048,134.69
47.7582,128.85
46.1018,126.091
45.7634,122.882
45.6046,116.885
46.445,116.333
47.2056,123.605
45.66,125.708
46.6532,121.401
47.0682,128.861
47.164,121.277
47.272,130.551
46.6512,125.17
46.0358,119.935
46.5838,124.147
46.264,132.569
47.0848,132.243
45.1208,128.988
45.4056,119.454
46.64,118.321
45.9974,128.722
46.3774,119.767
44.6208,110.388
45.6874,121.646
45.5564,121.99
44.9506,108.765
46.9742,135.263
46.4828,124.753
46.809,130.884
47.9804,135.432
45.934,118.755
46.2464,122.75
48.448,121.572
46.4646,127.243
46.1032,135.155
45.6334,116.512
45.7192,120.109
45.6142,122.754
46.5866,124.499
47.3306,131.914
46.9564,132.708
45.9258,117.814
45.5974,117.436
45.0848,119.066
45.59,120.937
45.8592,128.195
47.0774,122.811
46.5346,131.32
45.9438,125.038
47.2988,132.022
45.4574,118.002
46.1624,127.51
45.23,118.924
45.9628,119.306
44.9042,123.94
45.6286,126.835
46.412,125.948
45.4064,120.947
48.2324,131.415
46.781,129.003
45.894,127.371
45.1502,122.922
45.5858,123.012
46.7226,131.994
45.3444,122.977
45.873,123.254
46.092,128.102
46.1228,123.73
45.6892,116.035
46.3318,122.675
46.3328,131.296
45.5214,118.816
46.3036,122.563
46.1374,127.804
45.5014,121.678
46.8472,135.646
47.8774,133.505
46.279,127.42
46.048,116.642
47.2852,123.797
46.9304,120.458
47.0434,137.363
45.0874,113.584
46.6848,129.121
45.3552,124.388
45.3024,109.558
46.5152,125.139
46.6306,120.512
44.9292,121.082
46.502,127.074
45.7522,121.934
46.0698,128.263
46.023,122.399
46.5964,123.993
45.7694,124.515
45.9164,116.758
45.3458,118.876
45.9446,123.218
46.025,122.191
46.9636,119.903
45.218,119.716
46.1412,139.441
46.0806,123.296
47.5706,132.879
46.0518,124.194
47.2588,130.062
46.2228,123.354
47.3716,120.356
43.98,112.141
46.0056,120.867
46.4334,124.875
47.3718,125.262
45.5652,118.903
46.5898,123.56
45.2462,121.651
47.1216,132.879
46.351,110.973
46.993,132.113
46.5058,129.382
46.5426,124.126
45.6832,120.134
46.4134,131.967
45.2036,116.536
45.6052,120.356
46.3158,117.207
47.1542,120.16
46.4986,118.386
46.6814,127.296
46.3432,106.444
46.11,123.654
45.2508,119.188
46.2956,131.869
45.8474,125.706
46.2738,135.828
46.1476,131.026
45.2,119.485
46.6878,121.162
45.6654,127.414
46.683,132.911
45.5434,125.275
45.436,121.032
47.0852,125.565
46.0764,119.492
44.8964,118.381
47.534,133.459
45.5152,108.741
45.5288,126.983
46.9322,123.097
45.3066,120.556
46.51,121.895
44.982,123.625
46.3926,130.825
45.7252,122.28
45.572,124.098
46.54,131.753
47.7778,132.232
46.9256,120.246
45.8314,130.022
46.9828,126.09
46.6032,128.33
45.3516,117.494
45.8076,112.141
46.6864,120.048
47.5138,135.944
45.844,110.123
46.3844,121.205
46.4518,126.899
46.0116,115.536
46.566,120.191
45.9408,122.219
47.3834,127.199
47.2034,115.263
46.5502,126.635
47.6514,129.608
45.2456,120.873
44.6722,114.86
46.3638,130.335
45.5828,116.579
46.8828,118.662
46.3682,124.395
45.2708,120.906
46.2342,124.91
45.0618,120.772
47.4294,128.454
46.5752,115.68
45.7234,128.474
46.5,117.542
46.9846,127.053
45.9816,127.77
45.4748,130.834
45.1566,113.883
46.1122,119.038
45.1408,119.58
48.0236,145.936
47.5442,130.427
45.8346,127.609
47.4986,120.786
45.1808,118.753
46.7016,122.312
47.7874,126.571
45.6822,116.495
45.8344,120.826
45.582,125.014
44.9832,117.654
45.4994,131.947
45.8296,124.253
45.8306,114.051
47.4096,125.425
45.9342,134.227
45.9204,115.412
46.1636,133.379
46.5032,118.838
44.5516,119.317
45.98,126.765
46.6962,129.119
45.8404,120.824
45.7968,123.557
45.2534,120.06
45.544,116.528
45.5838,125.42
46.2528,122.875
46.3962,125.15
46.6452,122.854
45.9336,125.866
46.1542,123.667
44.9158,124.271
45.588,127.531
46.6458,133.53
44.9146,110.569
46.503,119.128
46.7026,131.328
45.7174,118.754
46.1546,121.951
47.5638,120.507
46.4398,131.395
46.6804,116.568
46.1402,124.566
46.1244,130.894
45.6494,124.46
45.971,125.418
46.2024,125.807
45.8238,115.383
46.9996,138.053
45.618,124.662
46.678,124.359
46.1558,128.438
45.7648,126.091
46.4044,125.074
45.5202,125.132
46.2684,117.779
47.2146,131.234
45.4824,127.345
45.3616,112.647
46.2392,113.65
44.9888,123.382
45.1428,120.523
46.1504,114.288
46.4654,128.191
46.3446,120.83
46.0658,118.393
45.42,114.07
47.4986,125.48
47.9684,123.342
46.2768,139.085
46.0734,124.028
47.4838,124.4
45.6922,129.385
45.164,111.809
47.0644,130.696
47.5504,126.167
46.6068,153.576
46.2686,129.235
45.2824,118.811
45.478,115.467
45.0428,118.07
45.3926,121.165
47.851,131.301
46.5556,122.478
46.2152,129.105
45.59,119.667
46.4624,125.34
46.2966,124.153
46.59,121.929
47.215,136.527
46.5602,121.646
45.8828,120.013
45.61,120.784
47.4912,125.758
45.696,123.789
45.463,126.111
45.1282,120.804
45.469,115.196
45.255,118.197
45.8486,125.771
47.111,122.135
46.2358,128.684
45.7506,121.423
46.6754,123.67
45.341,122.967
45.7276,114.821
47.043,123.431
45.8236,121.585
45.8344,124.617
47.7608,127.805
45.4194,117.072
47.3482,126.74
46.8176,122.715
45.8044,126.911
46.714,129.505
46.9158,125.545
45.2386,115.627
47.5878,127.216
45.2926,116.66
45.9954,127.479
46.1522,136.699
44.82,124.976
46.0992,137.906
45.6936,117.979
46.632,130.478
45.7582,131.229
45.3838,117.811
46.0244,112.601
47.0074,122.609
45.4784,113.481
45.237,124.226
46.5682,114.885
46.9554,132.717
47.6604,134.135
48.1252,128.923
45.4078,119.137
45.4262,119.052
47.3436,134.959
46.8906,128.391
44.6048,118.44
47.363,129.228
46.0204,116.589
46.3376,127.079
47.3618,123.053
46.5382,123.946
46.1912,128.246
46.3764,123.575
45.1514,118.67
46.175,133.48
46.1428,133.333
46.0334,129.581
46.4152,131.27
45.9448,131.836
45.7858,121.656
45.6234,110.505
45.8198,120.066
45.496,120.728
45.8782,122.349
45.6788,123.675
45.9944,122.987
46.5376,131.725
46.7754,126.306
46.218,112.541
46.72,122.25
45.3308,123.535
47.1076,127.203
47.4032,126.796
45.4616,117.467
46.4232,117.783
45.2596,121.343
45.5434,117.624
45.6844,125.22
46.4784,120.495
47.1706,130.374
46.767,118.678
46.02,118.173
46.9272,128.925
46.2196,130.307
45.0264,122.636
45.5182,126.906
46.3676,116.311
46.0238,119.147
47.6706,131.763
46.5892,131.693
47.5188,143.319
47.6592,122.088
45.5222,116.11
45.5106,117.21
46.819,129.45
46.107,120.66
45.6796,128.219
46.5126,118.188
46.8664,120.305
46.242,121.858
47.019,132.884
47.669,124.857
45.5466,127.75
45.8702,136.8
45.9962,121.044
46.2102,120.982
48.1078,138.256
46.2648,130.455
46.023,123.419
45.8388,124.645
44.5272,109.804
46.3392,134.034
46.5358,136.747
46.696,120.838
45.9822,127.417
46.6234,112.627
46.3224,124.8
44.8118,115.262
46.3588,126.626
45.6432,121.44
47.242,142.743
45.5178,119.51
46.349,132.269
46.8904,124.805
45.4224,117.763
46.325,123.625
46.3178,126.664
45.189,119.7
45.4252,129.079
46.4418,134.544
46.2622,128.808
46.2744,119.245
45.6904,116.183
48.2756,120.265
45.8144,123.752
46.488,137.836
46.1456,125.411
45.6644,109.264
46.0194,122.131
47.391,127.979
48.081,144.375
46.2902,132.923
47.448,137.174
46.8052,123.199
46.4136,126.587
45.8612,122.758
45.99,115.472
46.0618,113.4
46.743,124.819
46.2248,127.322
47.006,134.499
46.7448,121.471
46.5776,122.004
45.3484,121.026
45.9606,124.068
47.1032,129.446
46.76,118.903
46.7808,115.716
46.9352,130.408
46.8986,127.358
46.6148,120.652
45.5512,124.808
46.2714,140.386
45.7094,118.995
45.261,128.906
47.2306,122.323
45.4874,119.207
45.9386,117.305
45.8404,117.762
46.8838,127.624
45.8932,122.439
46.801,121.435
46.3994,120.284
44.9354,123.42
46.5808,127.353
46.3938,128.146
45.6284,114.814
46.398,123.373
46.6632,125.593
45.4812,124.52
46.019,130.685
46.1236,118.658
45.7682,121.829
46.0426,130.356
45.4628,133.069
45.531,127.789
47.3586,117.555
46.1766,120.438
46.515,125.851
46.3692,118.335
46.109,130.397
46.79,123.393
45.9262,120.224
45.7586,123.742
46.6004,117.221
45.4162,120.772
46.9724,134.172
46.9508,126.727
46.37,129.407
46.6312,117.472
47.201,123.215
45.8874,126.78
45.5836,125.352
46.312,117.434
46.5368,123.769
46.8228,117.299
45.8498,124.031
46.4194,118.834
45.369,108.743
46.166,123.541
47.33,117.781
46.0386,122.109
46.0526,127.686
47.1312,133.884
46.1122,120.896
47.6408,119.196
46.7768,118.444
45.639,120.166
46.486,131.245
45.742,125.788
45.9886,128.491
45.8052,122.479
45.39,112.992
47.6906,127.616
45.2916,125.555
45.134,117.655
46.7088,122.076
45.4538,130.023
46.045,123.2
44.811,116.82
45.8054,119.547
45.9586,132.112
45.9016,124.337
45.1822,130.082
45.2244,126.157
44.9852,117.691
46.0648,127.517
44.6484,118.226
45.8836,123.873
46.4986,130.796
45.854,129.183
45.5224,123.018
46.9762,135.46
46.1888,126.564
46.1656,130.061
45.956,124.355
46.6624,134.842
47.3548,128.219
46.5548,117.511
46.5514,126.235
46.4016,128.563
46.2204,121.686
46.1396,121.067
45.4876,113.665
46.7358,123.593
46.7948,123.68
45.3594,124.735
46.3334,127.705
46.0516,119.335
45.559,128.893
45.2362,123.026
49.68,133.705
45.8052,114.543
46.3066,128.499
46.3828,116.148
45.3212,120.05
46.175,118.13
46.5542,126.259
46.9128,126.254
47.7116,127.072
47.1468,126.912
46.6574,127.839
47.606,127.452
45.0798,124.916
47.103,127.749
47.0654,125.65
46.0964,120.067
46.5926,131.824
47.1964,135.54
45.3352,119.991
45.6268,121.736
45.9142,114.777
44.9298,115.04
46.7168,144.754
46.8364,142.818
45.9366,120.638
46.093,124.392
46.8472,131.045
46.8452,140.871
46.4426,123.119
46.7238,130.707
46.615,126.977
48.5208,144.303
45.875,113.559
46.8568,118.27
46.8178,127.907
46.6908,120.107
44.9394,122.421
46.3436,123.234
47.6494,137.246
45.5562,120.568
45.553,112.736
46.1176,133.062
47.6644,149.109
47.2966,127.274
45.8618,121
45.982,113.055
46.3686,121.463
45.302,112.477
45.5758,129.046
45.593,131.023
45.531,127.161
44.5346,111.723
46.1602,129.463
45.7302,123.145
45.7224,113.105
45.8276,114.148
45.9128,119.699
46.8722,134.816
46.1384,113.483
47.283,134.252
45.8964,118.367
46.0338,127.188
46.1448,119
46.9926,134.871
45.367,125.942
45.8302,124.317
45.7558,129.533
46.977,119.705
46.5188,115.603
46.8988,134.861
46.0812,129.273
45.885,125.687
44.3076,112.501
46.676,132.293
46.6304,125.716
45.84,124.479
46.8108,122.394
45.8842,123.695
46.4168,139.549
46.878,120.835
46.2932,122.949
46.9894,129.151
46.4012,124.353
46.1092,127.19
45.9584,124.456
46.1482,125.843
47.2752,129.975
45.3202,121.818
46.7932,125.531
47.4238,129.244
46.6932,139.309
45.6774,128.052
47.3092,115.535
45.7806,123.201
46.6662,124.769
45.8296,121.615
46.2758,126.813
46.0286,123.278
46.3272,130.12
45.7586,126.99
48.3654,129.881
46.646,117.346
45.6898,117.985
46.33,122.161
45.3894,118.578
46.721,122.353
45.9032,119.524
44.94,113.29
46.5004,130.445
46.4194,118.874
45.1348,123.685
44.9502,121.682
45.48,121.298
46.4592,121.373
46.5074,121.383
46.0972,114.451
46.3722,112.424
48.087,128.41
47.6796,136.25
45.7142,118.932
47.281,112.988
47.1774,131.296
46.3756,116.278
46.481,118.834
47.0338,134.546
45.6552,128.791
46.2804,118.39
46.8344,119.878
46.6602,125.303
45.9892,126.134
47.6052,127.007
46.4512,121.263
46.219,130.911
45.8622,130.73
45.3758,109.155
45.928,128.343
47.737,128.117
47.55,130.197
44.636,109.67
47.7674,113.956
46.2208,119.663
47.0888,134.188
46.3238,116.999
47.357,137.992
