Greedy
50.4306,1573.07
47.0668,1295.91
50.5452,882.149
49.506,1294.68
51.097,984.118
50.7596,1268.88
49.8732,1335.07
52.5744,1470.86
50.088,1551.27
49.1142,676.365
49.9386,1498.28
49.5596,2076.47
53.8084,574.524
49.9324,1026.7
52.6658,1287.73
50.1852,2067.09
50.012,1310.05
50.3496,727.136
50.081,1507.53
51.4002,1380.72
49.3948,1210.71
51.1482,1283.43
49.8382,1369.65
53.2406,1353.04
49.2804,1701.39
49.2526,577.193
48.935,1325.26
51.187,1498.69
49.1996,694.964
50.6498,546.739
50.2168,848.494
50.6788,1479.28
51.0974,1532.1
53.1416,593.385
51.7758,1132.02
50.7568,1781.1
48.8478,923.234
50.7556,1369.86
50.3412,724.184
48.697,2383.71
51.3746,913.612
50.6556,1030.94
49.4182,1303.17
50.6112,1445.53
50.4864,1045.42
50.2734,1846.35
50.5744,1106.54
51.751,974.189
49.965,1103.94
49.6488,844.189
50.7026,821.278
49.6638,976.074
47.6328,1677.54
50.7916,866.552
52.4066,1502.77
51.0052,1898.3
49.9006,1736.18
52.253,798.951
50.6148,1787.03
52.8714,1321.8
50.6156,1081
50,725.25
53.7114,902.249
51.8458,884.528
52.2586,1143.1
50.5504,1375.53
50.7198,1054.56
50.4028,625.102
49.586,2082.03
51.3254,1333.89
50.9664,3097.17
49.5218,1919.94
50.7904,1196.12
49.5756,1854.37
52.9036,998.693
51.3532,1751.87
47.7894,1233.38
51.5698,559.768
51.5338,683.806
50.0672,524.576
49.5188,1352.29
48.3668,1157.81
49.0558,1145.71
49.0148,2163.53
49.2712,1217.71
51.1276,982.779
48.3678,1073.32
51.8912,1270.79
50.6008,1369.83
53.4014,658.07
49.4356,590.66
49.6902,1289
51.4124,1185.59
51.1392,910.795
52.5042,1719.28
50.2416,1200.74
48.2604,1756.87
50.7824,1861.22
52.0022,1243.38
50.0296,947.565
49.3186,1148.52
49.6302,1140.25
51.1382,2584.41
49.7784,748.411
49.3614,568.319
51.3256,1310.12
49.8098,1711.64
51.112,787.343
49.4358,575.295
52.3414,1657.17
49.703,1886.67
51.2034,1499.36
49.0604,1295.2
49.5822,1326.26
52.7938,854.701
51.1822,1721.17
49.8738,3350.08
50.281,1340.76
51.7836,633.213
49.8238,969.927
51.869,1521.25
50.3016,2239.57
50.163,747.256
47.2552,1368.92
50.163,895.155
48.396,1419.13
50.2352,1267.3
50.961,773.782
48.5938,1367.4
48.7008,552.784
52.3058,1177.95
51.2954,1615
52.3162,1130.73
52.3798,713.073
51.1304,553.42
49.1522,1195.19
48.9996,702.513
51.589,2267.63
49.925,1259.8
50.1544,1312.17
50.428,1514.11
50.7586,1168.88
52.344,2147.84
51.3746,1014.04
53.4672,1112.69
53.7876,911.357
51.911,796.925
53.151,954.047
50.4958,737.805
51.5242,1473.77
51.0412,593.321
49.4902,1094.31
53.784,1805.71
52.3688,1315.18
51.8966,874.617
51.4266,557.917
52.8168,523.951
51.7858,1914.45
53.3988,858.538
48.2764,2157.1
52.281,1502
51.8518,951.888
49.9122,2252.06
51.9568,2117.36
49.4666,1904.14
51.5726,1399.97
51.9954,994.461
50.8472,1031.12
49.7936,2560.98
53.2814,1002.18
51.9094,1431.95
49.6508,1823.07
50.7222,2309.61
48.5912,1373.61
53.0286,885.974
51.119,1170.68
47.8794,885.54
49.628,1064.54
49.5756,1123.38
52.6622,1282.64
50.2016,1303.72
50.5068,719.464
52.0954,701.549
49.22,772.069
52.5372,687.365
50.1828,1973.06
52.7508,939.557
51.6084,558.822
49.3706,1301.31
49.1746,1055.2
54.092,1786.46
50.5664,1347.95
50.2216,760.553
50.5888,752.665
48.884,755.55
52.0192,2125.95
49.8284,956.315
54.1498,813.782
51.969,2698.13
50.504,523.214
49.6994,1433.05
50.6374,2569.97
49.9986,1564.74
50.1724,963.412
49.0754,1089.42
49.1612,1485.7
49.8598,724.261
51.5208,1020.43
49.4988,2763.78
49.8702,1364.36
49.5642,758.74
51.8014,913.383
49.3464,2300.84
50.058,984.24
50.3166,1357.24
52.1942,655.08
50.3132,2015.04
50.4714,1364.98
49.4168,2977.6
51.3514,1164.24
50.2682,730.431
50.2728,1068.25
53.5066,1217.73
51.8832,1153.03
50.955,1467.3
50.5176,1361.78
51.2796,746.924
49.9112,2120.62
49.7876,1541.27
52.3616,1021.6
49.4814,1731.43
48.9282,996.768
51.1582,1431.57
47.4752,806.187
49.9072,988.777
49.3642,574.727
51.4604,1404.24
50.6822,882.572
52.053,2264.66
52.1012,1698.82
50.0778,922.618
50.9786,779.793
51.69,611.93
51.0286,1307.69
48.025,1008.01
50.549,1217.73
49.106,2420.52
48.703,2203.31
49.9674,853.438
48.3994,1190.53
49.838,1163.63
50.6914,1354.17
52.8726,823.236
48.3298,1643.17
48.8464,1397.57
49.8714,2396.08
52.892,1118.33
51.2948,1485.79
49.315,1518.61
50.9984,1879.08
49.129,1778.27
53.7546,1220.72
50.1614,1066.17
51.2818,2216.87
49.6184,981.058
49.126,463.889
51.578,1126.66
51.0442,1761.24
50.3764,947.968
51.7394,1773.77
48.932,1671.27
50.3844,1300.6
50.0596,1170.91
48.7714,1089.37
51.7328,1133.31
49.703,1247.95
52.6138,758.344
54.0518,1510.92
49.5454,562.175
49.9294,1295.13
48.3944,882.477
49.0784,2728.85
49.4858,883.843
49.6786,1665.08
50.3482,536.814
51.7514,760.253
49.8692,1603.67
48.2606,1434.4
52.6458,1864.23
49.5988,1064.09
48.4196,655.329
50.0244,961.611
51.0702,1063.75
49.871,1290.45
49.1836,1724.05
51.6728,1269.44
50.8716,1189.58
53.9314,724.935
50.0524,1400.8
50.3748,1329.98
50.0164,950.848
50.0324,889.359
53.8948,1757.93
52.2876,879.439
50.9004,1764.56
49.9624,2023.11
50.7696,1228.71
49.3302,1272.79
50.9098,1419.94
51.8876,858.069
50.9512,530.299
51.2292,1504.37
51.4556,782.432
51.3538,1254.29
52.1268,1645.44
50.1212,2184.06
52.328,1555.06
51.4868,1966.22
50.3898,762.637
52.5344,562.126
51.1926,2240.79
49.8154,1773.41
50.688,752.373
49.5216,1221.29
50.5078,1054.45
49.1664,3331.13
49.8562,837.455
49.2464,3118.8
49.7828,1683.68
51.519,2093.66
48.744,740.437
52.7708,1100.01
49.0164,1019.91
52.0974,1566.83
48.3658,1569.43
49.0516,1841.15
51.0104,1487.75
50.4776,1722.06
51.3952,648.394
52.5096,494.495
51.4122,1090.6
52.4394,1200.17
50.9924,1683.79
52.289,2645.48
51.2368,1378.72
51.9852,1420.09
53.4002,844.426
51.3418,1969.03
52.9996,2483.45
49.2232,785.563
50.9228,716.148
48.863,1396.24
53.3412,1744.28
49.3102,1171.09
51.3924,905.085
50.6618,898.137
51.7118,873.673
50.109,1772.42
50.388,925.439
49.6182,727.111
51.994,752.84
50.404,1678.93
49.7308,691.275
49.2204,1119.11
52.4738,2148.3
48.9876,571.116
48.3248,508.336
50.9844,777.351
49.7516,923.789
49.425,1496.26
47.7778,1253.06
50.0814,1375.58
50.4166,941.399
49.3172,1194.96
51.2002,839.692
51.4684,1331.42
51.5008,655.746
49.0252,1770.45
49.0734,1863.53
51.2136,1424.64
49.9542,588.521
49.3998,2031.79
50.2182,1266.63
51.5208,1157.72
49.1972,1094.56
49.4362,592.456
50.3504,1450.74
52.4694,1710.63
50.4682,1434.61
49.2326,582.48
51.9038,973.661
47.7178,935.024
52.7636,798.216
51.0532,1503.65
52.1044,632.007
52.1812,1078.77
49.915,1309.68
51.7856,910.436
50.6336,860.463
51.4014,1781.18
51.9104,1209.02
50.1942,1397.74
51.3724,549.592
49.7518,1752.69
49.0706,992.22
50.7662,1935.93
52.425,1313.64
51.0042,640.688
50.9916,1419.98
50.9742,959.384
51.074,981.807
49.6666,580.764
50.2258,813.417
50.0974,743.715
49.975,840.728
52.5586,1561.2
50.656,1791.43
48.7082,1730.85
48.6144,1619.54
49.7626,1312.5
49.9246,1658.48
51.0562,526.964
50.7086,1314.18
52.7178,1662.17
50.968,887.684
52.735,1044.07
51.716,1403.19
50.8102,1951.09
52.8552,1937.39
51.0968,1654.86
50.9986,1544.12
50.4724,702.287
50.4876,695.703
49.9568,892.004
49.6458,1317.92
50.9432,781.888
51.0984,2161.27
50.3486,629.156
51.2274,2848.46
49.2936,2061.57
49.061,1103.91
50.5408,1652.22
50.4382,1577.51
49.5176,567.573
49.6028,599.623
50.2648,1634.14
48.8362,1316.61
51.36,2206.23
50.0942,2319.41
50.1174,1588.3
51.7408,956.89
49.1758,1489.37
50.8106,1443.98
49.8468,1266.03
53.8024,1952.39
52.3494,1643.86
52.021,1881.77
48.911,728.097
49.8728,1824.5
49.3312,1509.97
49.6562,645.819
50.4724,2180.41
50.6896,849.03
52.9324,1141.02
52.2554,962.636
48.0444,1840.48
49.6744,720.364
50.5702,1629.81
50.1196,1573.82
52.085,1532.17
48.7738,1396.84
50.0364,1322.38
50.7812,1405.47
50.9886,1539.84
49.5714,938.795
54.5106,811.129
51.3942,599.976
50.8416,756.085
47.9538,1453.61
52.2448,732.392
52.8072,522.966
49.7762,1002.7
51.0968,1258.42
51.6792,854.925
48.8636,672.368
47.772,1341.88
51.6252,1057.66
48.8016,1379.14
51.2742,1768.82
50.8864,2064.41
51.3912,2382.96
48.152,923.107
50.5372,1515.62
52.0694,886.744
49.4924,1010.7
53.6132,981.845
53.412,1142.92
52.0248,1200.36
50.6606,1039.6
50.9126,833.677
48.2302,1596.54
50.7968,739.186
49.5144,916.072
51.518,1311.32
51.2674,1363.1
49.2926,796.622
50.2922,955.971
49.0556,1272.33
50.1924,2451.1
51.4848,2087.25
51.8534,1106.65
51.0358,3668.79
50.3016,992.669
51.9378,1798.8
51.3762,1179.21
50.3834,1459.62
50.1434,537.982
54.004,1293.3
49.9044,1675.37
51.0774,689.841
51.405,1412.82
53.0802,1549.1
49.2094,1562.56
50.1562,1699.55
50.834,2127.09
53.4584,657.892
51.209,2699
50.9656,1129.72
51.2914,1764.64
51.5042,814.768
52.5358,551.991
50.1828,1219.23
52.874,936.558
50.3082,1017.68
52.1838,1350.07
51.3718,1130.4
51.042,914.887
50.014,1049.86
48.0148,1172.28
49.4724,1014.58
49.466,976.724
49.843,551.319
49.8238,1668.92
49.711,1172.94
50.74,1776.16
50.9914,1718.67
50.8294,1356.98
51.5716,1251.6
49.3752,1677.29
53.121,767.36
50.5584,713.303
49.5742,850.435
51.9412,735.594
50.6082,1168.66
52.252,1249.96
49.714,560.985
51.5314,1322.02
51.4228,1030.12
47.7382,1385.06
51.9286,1082.64
49.7748,862.016
51.348,818.607
51.0806,1266.21
50.7916,1052.43
51.2934,1217.69
50.7324,1266.86
49.3312,1060.88
49.6004,1326.05
49.7528,928.86
50.0098,800.975
50.969,1825.5
50.6724,811.815
51.6948,848.287
48.913,724.605
50.4872,993.099
51.9996,2239.73
48.7914,1326.63
50.6124,505.525
49.9082,881.568
49.0762,1577.57
48.7578,2608.48
48.9286,698.682
51.7226,1728.97
49.2666,810.894
53.4094,1031.71
51.3158,1640.67
48.1572,2321.61
51.5122,1422.87
49.6922,1672.32
49.8814,1461.44
50.0638,1959.56
51.8794,1868.09
50.443,1105.46
50.991,1931.25
49.9118,1958.96
51.8172,2554.53
52.0298,1456.97
48.78,1343.19
49.9078,944.779
48.8578,2540.46
52.9632,936.385
50.6958,2882.55
52.0046,1618.69
51.1278,1427.58
48.6948,1034.27
50.48,1513.15
51.9052,504.466
49.2422,1271.89
51.5858,760.939
48.0686,1915.3
50.213,889.047
48.9468,2226.38
49.8854,887.142
50.4612,760.026
49.9644,4352.01
50.9578,2818.86
49.4554,792.303
49.717,1577.32
52.258,989.856
49.0886,1366.28
50.8436,2146.57
49.733,1199.35
49.6792,554.509
49.6104,1291.77
50.1126,992.321
48.9648,766.367
49.8322,1965.42
49.7762,2448.05
51.3614,1064.15
51.598,1265.9
52.601,791.313
53.2586,786.122
48.5756,1122.63
52.5512,676.106
50.2876,1267.49
49.1406,901.51
49.3204,702.646
49.4014,1799.32
48.1542,1697.3
49.6382,1425.44
51.1608,1576.33
49.7242,1121.49
49.9982,1975.83
50.3822,1568.96
50.1234,1431.13
49.1144,3321.86
49.7682,606.544
50.6782,1778.23
50.8214,659.688
48.8808,499.26
48.764,785.609
50.7648,1271.36
49.3768,710.078
50.9664,1537.44
52.1494,1511.76
51.653,1963.06
50.962,1760.42
50.001,1468.76
50.2344,859.925
49.1016,1766.85
55.2136,2154.36
49.2426,1107.3
49.444,789.832
49.3614,852.889
49.3832,1112.78
51.549,850.773
49.5358,1624.51
52.0278,3158.97
48.9284,893.931
51.054,1584.31
49.8826,1554.85
50.5896,1257.23
50.0736,1427.75
50.2774,1858.36
50.1936,1093.12
52.1596,715.609
49.7834,676.468
52.087,1356.1
49.0944,750.115
49.5036,1017.44
51.2842,1756.11
51.941,1070.92
48.2464,2714.23
50.8192,1421.47
50.0012,826.111
51.877,1567.43
51.4258,1174.41
49.7038,1226.4
49.8164,1083.09
50.486,1685.67
50.1206,968.858
50.2304,1383.95
50.631,1239.73
50.923,535.913
50.202,620.684
51.6196,1099.94
52.5318,585.379
48.7992,1137.77
49.2376,499.812
51.062,813.423
50.9704,757.979
49.9932,905.583
49.129,1424.58
47.4696,3082.32
50.9586,1248.54
50.9748,1052.31
52.3666,1805.62
48.6108,2358.85
50.1248,932.372
51.5168,2002.78
49.562,2092.52
50.9438,631.214
52.0674,1638.36
51.312,949.158
48.883,672.297
51.3604,1956.54
51.752,1021.74
52.7272,542.302
51.8252,1373.37
50.4758,1307.51
53.1112,1311.29
49.442,994.26
48.2878,1949.28
52.3124,757.177
49.2938,920.274
51.109,687.237
47.8304,597.919
51.718,2207.6
50.2678,913.945
53.9376,2681.47
50.1152,2192.17
49.9232,1076.66
51.1204,2454.88
50.4036,1135.43
50.015,671.577
50.7678,577.86
50.4236,1375.09
49.7306,1318.53
48.5988,1515.31
49.3352,1026.87
50.0918,1077.85
50.2284,746.311
50.5234,2080.77
50.3584,859.337
50.5348,1795.82
49.9256,1347.02
49.6694,2052.39
51.4604,1637.65
52.0166,766.047
48.8592,1294.12
49.749,3151.03
48.8404,1661.12
54.9844,690.823
49.684,849.592
50.5886,1331.55
49.454,502.855
49.959,514.413
51.4138,948.231
49.1146,584.802
50.2772,969.904
49.707,1421.58
49.8326,1496.8
49.04,847.501
51.0026,1025.51
53.1498,549.356
51.3212,2365.22
48.5738,2260.33
50.073,1512.9
50.8786,2004.34
51.741,780.295
49.5054,1199.71
51.188,1338.98
49.4724,1344.41
52.7272,824.69
52.4526,895.178
48.673,1102.19
48.9946,1343.78
49.921,1133.69
50.3254,2093.13
50.797,1465.17
51.1922,819.45
49.5496,2028.91
49.3004,2287.43
50.266,894.438
49.8654,1068.7
48.747,1421.61
50.8438,1699.14
52.6164,966.08
49.8906,831.199
49.8332,1259.12
49.3746,2073.72
50.3886,783.968
48.3378,876.23
50.6924,1145.76
49.7392,2250.02
46.8364,545.626
51.1708,1540.48
50.6462,2836.86
50.1822,1626.4
49.7098,1543.79
53.043,2286.15
51.7394,945.16
52.869,532.648
50.9154,1721.79
48.4648,523.069
50.4714,2011.26
53.4542,1044.17
51.6636,1475.52
49.7968,569.32
50.8012,1177.77
50.921,740.457
49.0338,1431.88
50.0226,625.234
50.5042,1182.45
50.5796,1549
51.0314,693.861
49.0796,1706.65
47.5778,961.836
50.0686,632.438
50.1996,3032.42
50.7436,1250.84
49.099,617.452
49.1556,1773.22
48.8364,1644.19
51.1558,631.341
50.2432,1549.67
49.348,965.148
50.749,1535.97
50.958,1081.79
47.5686,1540.73
51.2698,923.635
49.8576,2214.1
50.7508,2013.65
49.5394,881.338
52.256,962.833
51.2562,955.12
50.886,1366.96
48.4286,562.302
47.8598,986.741
51.0002,868.909
51.4084,1241.83
49.7828,1879.64
52.0682,1297.79
52.0832,1386.91
49.9448,941.625
51.2106,1336.84
50.4638,1734.73
49.6404,1971.01
51.3286,1435.12
50.322,1901.95
50.1538,1839.45
50.325,954.123
52.8706,1774.82
50.092,673.796
50.8298,1689.32
52.3252,515.514
50.1018,897.696
50.858,1033.48
52.413,1528.46
46.446,1036.2
48.5334,1273.84
48.8494,2490.76
50.6386,1442.25
50.1476,1814.01
49.6946,692.385
48.5612,1294.75
49.4362,905.553
49.441,1163.62
49.0498,1118.48
49.6666,1439.61
52.6124,1370.95
51.5302,637.84
51.7812,1150.2
50.0496,672.753
50.0346,1136.7
51.309,733.607
50.6184,1569.74
49.5416,1269.34
50.1764,1261.82
51.7566,1992.92
50.1064,1326.23
50.1796,699.542
50.6074,1273.53
51.037,1560.09
50.736,1029.7
49.2908,1735.94
50.8568,1942.54
48.8,918.977
53.6574,1637.27
49.9522,964.524
52.0222,793.427
51.3176,1525.77
51.6094,1245.17
49.9062,693.599
50.941,969.553
48.2454,797.802
51.5434,1388.47
50.99,1746.08
50.4106,1092.66
50.789,668.463
51.132,1002.22
49.4848,1098.14
50.2528,968.402
53.2176,1278.55
49.8428,1401.53
50.7256,1013.7
50.0858,2149.18
49.7482,1894.55
49.6472,1220.58
50.746,1022.48
51.2308,2033.43
51.2796,1780.61
52.388,2462.78
50.54,1473.37
49.434,770.328
49.4834,884.358
50.1488,1088.02
50.3238,1492.85
51.648,725.771
47.9568,784.282
49.7106,805.129
50.4756,1129.76
52.1978,2340.91
51.296,2599.11
51.8408,1960.8
49.6548,1467.32
50.2742,1797.54
50.4148,1379.97
47.2582,2321.91
50.4186,842.466
50.503,1652.07
51.8376,1468.04
52.2494,718.547
50.3802,1553.82
50.1428,2230.13
51.6488,1172.42
50.3242,726.424
51.183,673.68
52.4494,3060.65
52.0468,1570.36
49.4522,882.75
50.9614,916.049
53.3012,1313
50.4994,1103.89
50.489,1035.68
46.337,1693.4
50.1184,3003.5
50.5122,1705.49
49.9644,1062.24
51.014,518.974
50.131,589.661
51.7302,1081.29
52.099,1633.62
49.8572,1381.7
49.19,1378.36
50.4228,932.742
49.9254,1670.86
51.0618,1758.64
50.2652,1168.3
49.646,2927.25
52.6176,686.942
51.7508,1380.1
48.0964,1124.25
52.1046,1357.63
53.423,857.408
50.1522,1070.94
51.602,935.859
49.9756,1491.65
51.5976,1308.77
51.3036,777.59
51.1438,1140.18
50.7082,2119.83
49.2094,1682.22
51.8282,3692.34
48.4028,2458.56
51.0398,814.949
48.9736,2195.59
52.9798,545.939
50.5196,2056.25
50.2032,1372.79
52.7762,1678.78
50.5446,1746.9
51.5116,1662.7
51.3838,1652.34
51.4902,1467.54
51.7288,702.906
51.3264,800.156
50.3614,955.276
49.9388,1481.39
51.2236,1497.62
49.9198,1102.41
50.1418,1508.7
52.172,812.584
49.0222,1230.45
49.9328,2496.33
49.7396,1266.97
51.891,849.37
49.6982,1682.91
51.5748,1496.43
49.857,1415.26
SD
49.2982,424.154
51.5072,480.462
49.2328,1376.87
48.2468,406.002
48.932,494.063
48.978,449.082
48.3002,455.507
48.0164,420.936
49.3084,1702.29
52.2888,618.739
51.05,490.986
50.4754,746.968
49.3354,471.068
52.5984,522.676
48.6116,693.591
51.3352,820.032
49.2944,442.685
50.2836,487.195
51.1614,511.447
51.468,485.227
48.9914,470.417
50.1678,492.249
49.3056,959.843
48.0474,444.331
49.6644,449.55
51.646,458.744
50.9226,817.765
50.5498,502.139
50.0574,560.65
49.7582,567.494
50.0302,480.801
50.5798,650.032
50.484,492.17
48.5746,470.864
51.5586,479.32
49.8572,486.375
49.9458,638.952
49.1762,727.409
50.8558,567.931
49.9,717.94
51.1726,793.846
48.7162,459.708
50.1112,447.335
49.4604,897.846
49.0894,463.37
49.5854,484.291
48.5434,434.118
51.8308,1558.63
48.7834,458.521
51.0676,518.102
49.5792,484.018
50.14,472.228
48.1748,851.762
47.763,548.179
51.4442,561.318
49.5242,474.309
50.2836,478.083
49.3786,1044.69
50.6394,476.401
50.236,499.068
51.6242,506.768
49.604,444.515
50.1012,484.982
52.0064,462.01
49.127,492.34
50.246,616.334
47.7658,447.293
50.7878,446.456
49.9026,590.305
51.7226,492.667
51.0134,521.1
51.3766,793.095
50.4654,452.516
49.0396,455.874
49.124,482.681
50.7372,678.993
50.3328,1222.86
50.2462,485.173
48.9096,581.735
50.2408,952.073
48.0556,538.984
49.043,498.352
49.294,607.976
49.5062,464.023
51.3796,541.929
49.8092,453.874
49.4046,495.157
51.1876,458.848
51.2664,1061.55
49.712,491.474
51.3392,537.863
49.389,467.015
49.193,435.143
48.4844,478.765
51.1388,700.046
49.3478,456.843
50.2972,429.764
52.9274,506.899
49.2838,490.402
47.062,411.974
50.322,498.589
50.8466,513.354
50.7048,514.235
49.3948,486.78
51.1966,525.251
49.94,758.543
50.5528,477.547
49.1322,451.336
50.5702,419.927
50.4584,1180.88
53.0814,478.549
49.3982,482.104
48.9192,577.704
49.0364,494.267
49.4858,485.693
48.9864,507.283
49.942,469.839
49.89,450.236
51.0374,430.541
51.922,791.951
51.706,519.498
47.214,451.921
49.8386,1457.82
49.5574,513.304
51.3326,812.304
49.7878,819.765
49.8708,517.172
47.3762,400.711
48.2422,408.94
48.1052,452.13
50.3726,438.695
48.6586,556.468
52.0272,602.687
49.3024,442.247
48.5828,463.567
47.6564,442.34
47.986,435.525
50.006,476.826
49.5866,483.664
48.7008,489.885
50.5418,466.545
48.2588,420.19
50.5024,461.121
52.589,507.078
50.8708,469.233
50.1918,447.437
51.3518,478.166
50.6554,492.259
49.7754,882.394
49.0354,726.306
50.0582,541.197
50.0576,644.538
48.452,431.529
51.9262,1244.81
52.1146,482.566
50.0536,1194.52
51.0368,566.492
48.7266,441.024
49.4898,843.328
50.5602,613.746
48.7678,495.275
48.0634,634.605
51.433,485.79
50.6508,477.481
49.4898,473.998
51.0958,600.913
50.006,470.486
50.8732,520.901
48.3828,424.083
50.7376,941.726
51.7358,771.704
47.6272,474.935
51.0156,590.19
50.2286,530.559
48.9328,472.679
50.6594,427.672
49.6614,460.554
50.6366,661.517
51.2282,470.563
51.2762,482.244
51.4572,494.173
49.8366,438.895
51.6798,1577.54
52.0206,512.447
50.126,451.06
51.2918,494.21
49.0154,440.088
50.2392,443.972
49.607,478.359
49.562,453.384
48.6296,429.954
51.1248,476.346
51.3128,1070.46
49.9732,478.278
49.8002,503.972
49.5258,497.723
49.0468,588.766
51.3644,483.288
50.2826,667.635
48.3586,467.885
50.1142,474.981
51.2874,464.33
51.2392,869.967
50.696,466.788
49.7746,456.955
49.3188,451.311
50.4344,1149.37
50.155,851.027
49.7608,496.526
53.6832,973.182
49.8122,476.023
47.6534,412.998
50.0164,459.672
50.4584,477.555
47.9794,1106.57
50.1186,493.177
48.0816,438.355
50.9564,457.055
50.289,619.854
50.8772,466.599
50.7422,501.223
49.3032,484.957
49.0392,435.757
48.7242,569.992
49.6712,473.33
50.6136,476.169
52.0406,558.657
50.0172,638.319
49.1492,475.073
50.3332,513.033
49.2156,479.374
50.3068,1097.66
50.463,482.645
49.8792,477.156
49.0432,438.692
52.5932,514.748
49.5346,442.671
49.3754,571.405
50.8652,493.134
52.3698,622.827
49.2846,500.867
52.0794,886.992
48.0342,440.111
48.3826,462.582
49.6974,849.297
52.0864,489.297
50.1016,720.41
52.5528,548.934
49.1336,487.515
50.381,449.631
49.3032,487.755
51.1586,813.704
50.4864,485.881
49.8022,456.709
49.4842,449.577
50.9116,478.86
50.3788,452.821
48.3574,585.063
48.9296,540.9
51.9052,1596.52
49.0356,472.492
50.889,476.947
49.7646,461.053
50.7754,658.086
46.5434,439.078
50.123,1231
49.9108,1033.19
49.4158,484.495
49.7956,473.342
51.2818,495.345
48.3232,418.484
47.6472,457.277
50.1046,478.989
51.1754,481.792
50.2896,1997.5
50.5096,484.951
49.1668,824.341
49.1304,508.755
51.5106,480.391
50.4872,998.146
49.367,494.551
51.2052,660.641
51.8164,821.658
51.3922,704.088
49.2836,443.014
48.4372,458.797
50.1278,503.011
50.4926,708.702
50.119,519.563
50.7636,470.749
48.6222,454.618
49.9432,478.33
54.1132,577.46
51.6812,838.469
52.3656,490.17
50.1466,1265.23
51.894,498.373
50.079,493.67
50.8026,542.268
51.2992,480.362
48.5426,444.674
49.1322,467.733
48.9694,745.218
48.8322,798.307
49.733,462.921
52.6762,548.357
50.5406,462.161
47.6114,532.661
49.0764,462.321
51.925,513.954
49.6346,783.553
51.7458,722.9
48.3772,441.855
50.1178,473.831
51.4664,467.845
51.613,477.513
49.9872,557.25
50.8248,1018.88
52.072,468.335
49.5954,417.648
48.7994,543.722
50.1986,485.832
51.1808,489.521
50.788,578.669
51.5782,516.313
53.5772,555.639
48.9172,700.88
50.0112,723.957
50.4836,506.484
52.1698,525.834
49.6478,601.029
49.9256,499.182
49.3044,490.137
50.1116,500.664
51.3856,984.159
50.7024,662.968
50.8588,506.131
51.14,496.343
47.7878,460.007
51.8188,1237.38
51.1432,1516.05
50.73,491.912
52.3206,512.638
50.6836,475.349
49.3024,490.538
50.6292,507.74
50.4602,465.208
49.3108,456.09
53.4768,529.425
51.4872,808.688
48.1686,440.082
50.1052,447.03
51.1934,477.938
49.104,436.528
47.085,424.791
48.9036,761.832
50.4424,478.745
49.8988,707.095
52.0482,488.995
50.5196,462.685
49.6588,861.786
49.9984,456.566
54.2162,468.308
48.972,459.647
49.1584,848.302
51.4938,491.547
48.251,461.493
50.308,486.942
50.659,493.398
50.2072,454.723
50.6368,459.94
48.2988,546.664
47.1794,582.936
48.9086,454.536
48.6878,1235.66
51.2788,518.401
53.5432,535.418
51.434,494.204
49.6914,910.273
50.3576,776.113
49.2934,450.826
50.8318,529.627
51.7216,530.661
48.8206,450.785
50.052,453.158
51.0056,618.279
51.211,524.163
53.0706,540.136
51.7038,482.778
49.6296,439.004
51.7244,484.97
50.2746,459.803
48.8466,751.115
49.0866,573.72
51.6912,694.177
49.225,1028.21
48.207,444.504
50.1272,455.047
50.1114,460.379
48.0176,443.345
50.3334,441.072
51.189,500.567
49.6754,483.49
50.5178,500.34
50.5738,477.535
52.211,534.132
49.3882,477.276
48.9406,442.433
50.211,2251.76
48.5398,434.582
47.5692,500.867
51.3506,474.607
48.1138,418.073
50.5118,475.098
50.9186,515.851
49.9604,489.241
49.89,455.72
50.6624,506.516
49.2066,784.728
49.7198,808.412
50.2518,470.233
49.3062,437.003
50.1624,1274.42
51.4274,457.73
50.1692,801.896
51.092,493.591
49.4004,416.881
54.1988,541.075
49.81,818.517
48.625,469.615
48.2252,1019.82
48.6988,1103
48.7802,426.549
50.8066,435.273
50.6566,525.027
50.0442,525.767
47.9384,455.415
50.4284,766.137
49.825,639.625
49.8686,490.738
49.3972,437.774
48.8606,476.267
49.8746,804.36
52.075,492.918
51.4972,756.537
51.1292,499.326
51.3586,474.271
48.041,873.333
48.4086,509.548
50.722,615.518
51.2794,1310.33
50.1684,423.563
52.3102,1280.8
48.9844,459.641
49.9782,1074.07
49.6912,484.797
50.6126,480.173
48.9514,614.86
48.543,442.321
51.8216,496.008
49.245,578.448
48.7426,778.799
48.204,437.722
48.4756,515.785
48.823,448.365
50.9358,461.416
48.8918,455.976
49.6958,482.699
52.488,641.213
49.9502,460.5
48.9058,473.502
49.4976,428.358
51.0366,488.071
49.3964,490.536
51.0178,1073.51
49.539,470.091
51.299,450.65
51.502,463.935
49.0864,439.542
49.1706,462.792
51.2598,708.201
48.338,779.33
51.125,496.52
50.6902,477.697
49.0626,514.302
49.1372,449.323
50.5194,489.886
49.7076,470.074
51.5894,485.404
50.9836,1226.6
47.4628,420.38
47.1166,708.978
51.3614,621.13
48.724,479.041
48.8372,447.339
50.8612,495.674
51.1294,771.957
50.261,450.211
50.4632,455.598
49.5798,633.971
49.8716,636.283
49.4642,497.29
49.0084,589.882
51.1092,502.739
47.9016,404.091
49.2858,494.997
51.2038,684.064
51.3082,508.026
51.3176,868.748
53.3444,512.901
48.8246,457.347
48.4844,813.214
48.6086,479.234
52.341,511.926
47.9174,495.941
50.4184,454.978
50.1592,526.441
49.4214,516.785
50.1724,844.038
53.8378,1020.91
48.5634,943.143
46.9968,444.293
51.9008,517.411
49.5572,461.081
52.5514,644.554
49.1346,1331.31
50.9036,552.211
52.9206,488.423
49.7664,462.426
48.6758,464.068
49.5202,996.597
51.7124,533.502
51.2022,974.471
51.688,508.465
52.229,650.1
51.529,789.901
50.558,443.053
51.5764,497.181
49.0842,504.443
50.5132,488.905
49.9524,2004.3
49.9544,631.979
51.477,1152.07
51.566,1625.76
49.6782,489.559
49.6872,522.029
51.9618,491.475
50.7624,525.696
52.8086,514.049
50.0724,492.761
50.0638,462.571
48.8944,947.03
48.9352,432.385
51.027,517.487
49.785,453.892
49.056,455.804
49.6072,499.835
48.6402,480.007
50.7938,463.388
49.045,468.023
49.4484,1458.16
48.5396,461.419
50.6992,496.957
48.305,470.955
49.4828,458.901
49.5456,502.008
53.1996,516.49
50.1364,478.462
49.7128,474.752
50.211,468.925
49.0642,445.106
49.464,468.662
51.0344,506.959
51.5404,923.646
50.1788,460.05
50.7066,487.333
51.414,460.799
50.4844,949.53
52.1858,471.566
49.2142,470.925
48.779,459.472
50.349,1235.03
49.1714,487.749
48.1288,427.257
50.0086,454.852
51.6658,503.201
50.4718,479.824
52.6916,780.987
48.2926,430.991
49.508,1727.31
52.1944,1703.66
49.4232,983.801
51.0242,691.538
50.799,490.118
50.4758,961.434
50.0138,492.947
49.7306,452.561
49.0166,465.434
50.3976,443.897
50.4108,494.327
50.5098,441.941
49.015,446.396
49.7164,454.842
49.3424,495.127
48.5932,445.57
51.4742,484.535
49.741,496.429
48.5964,464.632
47.8836,468.564
49.725,502.494
51.1032,901.492
50.7078,543.722
48.2868,826.717
52.0002,518.778
53.154,531.314
51.3252,541.176
48.8654,457.517
49.2782,457.063
50.7872,930.441
49.3564,439.508
51.865,515.22
52.129,502.047
49.9482,496.381
48.6522,454.625
49.2516,902.697
48.5366,488.737
50.6544,494.293
50.2,784.438
51.3402,512.262
51.715,673.697
49.4944,465.525
50.1464,1436.28
48.793,461.59
49.5948,1025.84
50.4914,490.876
52.0664,521.35
48.2156,449.498
49.9726,462.547
50.8764,497.02
49.2896,449.689
47.8384,1764.17
49.375,488.621
49.7524,522.413
48.9112,461.524
48.1762,456.591
49.9672,459.749
52.2692,892.564
50.1822,450.369
51.1432,500.456
52.425,1877.58
50.4426,471.314
48.427,458.118
48.295,426.426
48.18,463.76
52.5284,510.946
50.303,536.236
50.7226,496.23
48.8818,476.69
50.4408,606.352
50.751,449.352
48.1684,459.523
51.5494,497.701
50.5608,484.463
49.8118,568.593
50.5868,486.305
50.4566,844.471
48.869,736.284
47.438,822.186
50.5918,489.921
49.7148,487.511
50.4314,481.887
49.1922,459.479
49.5632,443.814
48.674,484.705
47.0548,457.409
51.2842,489.878
51.0938,455.642
48.8374,444.999
49.8192,782.514
50.8458,900.634
53.0766,527.87
49.6806,722.288
50.6336,704.251
49.63,468.64
50.373,512.245
51.2802,694.042
48.974,445.109
52.3556,611.366
50.24,479.664
50.4988,459.105
49.4134,484.1
48.8608,488.493
49.6304,493.4
48.8394,472.572
50.1848,468.858
48.738,1523.35
47.6718,462.378
50.1424,436.944
50.8572,727.919
50.57,461.64
48.637,468.351
51.6406,770.698
50.7762,480.082
51.387,484.973
49.6864,679.999
49.4812,466.451
47.9858,467.006
50.0418,457.452
50.4088,477.998
47.9358,419.345
49.9986,490.517
52.9034,1237.78
52.193,569.032
50.8042,453.821
52.5954,689.857
51.39,1996.42
55.1124,599.09
50.426,580.784
48.5352,459.913
54.2006,1034.51
52.4478,507.117
48.4624,1015.52
48.8836,435.738
51.7052,468.311
50.473,646.455
51.1332,468.962
49.802,477.241
49.642,469.228
51.379,507.06
49.791,693.737
48.589,457.921
49.757,453.906
49.9402,474.708
49.9608,481.565
48.7092,482.166
49.9352,452.67
48.6952,485.191
48.4822,1347.97
51.1962,425.013
52.7602,550.41
49.34,603.163
51.4412,469.322
48.9668,455.674
51.3542,492.972
47.9422,456.363
49.7912,503.052
50.524,485.938
50.6722,800.844
48.3862,492.898
53.6604,516.612
50.3722,493.316
50.0324,470.852
48.7816,479.511
50.4592,448.617
50.761,453.433
50.149,455.302
49.7058,473.628
48.7522,440.284
49.343,773.852
49.9416,1303.7
50.3622,458.681
51.562,858.48
50.8176,703.031
51.1836,973.696
51.6656,510.786
53.2314,623.447
50.1584,440.263
49.15,1325.21
48.6644,474.433
49.1376,489.902
50.6234,747.229
51.4936,825.477
47.6248,444.305
49.552,744.033
48.6722,457.864
50.3574,1590.99
50.6038,525.684
50.1514,452.297
51.2582,477.442
48.0094,475.607
47.5278,543.992
49.5502,501.902
50.7482,524.544
51.099,453.499
49.4914,460.871
49.1014,439.073
49.7132,465.905
48.114,501.452
49.3108,539.215
50.8508,665.797
49.7974,449.702
46.4538,410.797
48.4342,432.372
48.8366,438.167
49.178,482.611
49.6528,471.677
48.6876,443.877
48.7584,433.406
52.3162,496.738
48.402,563.978
51.5808,487.377
51.491,560.931
51.114,471.554
51.7204,1551.74
48.795,458.357
54.297,521.504
51.9982,508.948
47.601,515.313
51.0014,1036.19
49.8074,497.736
52.1776,476.321
51.6528,492.455
49.6976,610.965
50.233,484.897
48.8082,443.713
50.8994,492.537
51.0758,792.376
49.8478,526.595
48.7732,446.338
51.1396,485.852
50.5836,910.782
52.6096,486.346
53.5718,538.94
51.1688,510.955
50.393,1034.99
50.347,565.209
52.8838,893.514
49.4912,463.21
51.201,907.06
50.202,470.079
49.0756,535.075
51.099,825.301
50.586,562.112
49.9358,468.63
51.87,799.483
51.1558,493.059
53.564,552.334
52.573,838.481
48.5926,464.204
48.5174,417.469
49.7398,564.748
48.7712,624.92
49.859,481.104
49.0384,475.564
49.2418,484.958
49.3014,1682.19
49.5194,481.31
50.7854,600.665
47.9224,658.657
49.1012,457.8
49.4018,449.41
49.8304,459.446
48.874,650.528
49.85,493.851
51.2258,548.513
50.1016,515.729
51.9326,498.031
50.2256,437.729
52.3962,916.254
50.0052,458.969
48.9874,452.452
49.8038,981.761
48.8596,463.741
48.278,650.628
51.649,512.785
49.9448,458.762
48.7178,1037.89
50.734,488.027
50.6492,493.517
49.6258,468.55
50.6058,482.444
48.3646,937.963
48.9478,664.604
49.2218,495.072
51.9222,1921.77
52.8464,1212.89
48.7264,468.584
51.528,481.173
51.7806,490.446
50.5854,1081.47
48.0882,424.517
49.527,694.393
49.724,589.86
51.6026,501.626
49.0616,474.686
51.2888,463.132
48.48,427.363
52.0692,982.774
48.421,462.4
50.2048,464.974
50.5118,496.809
50.549,463.591
50.348,521.2
50.1362,447.654
50.2798,1427.79
50.0664,1264.51
49.8416,476.552
48.8374,464.039
49.97,502.543
49.977,475.064
48.7858,423.827
48.0046,451.59
50.0602,513.684
49.8166,453.208
49.5902,479.253
49.547,537.308
49.9908,443.923
50.4222,501.615
49.7624,518.09
50.0834,442.685
49.796,437.226
51.796,430.728
49.7522,470.71
49.892,561.107
52.2548,636.834
50.3496,496.42
50.465,520.732
50.2156,455.572
50.2216,644.748
49.3886,497.778
49.3492,437.598
50.1126,486.476
49.675,860.233
48.591,457.257
50.263,801.296
49.025,463.753
47.7736,425.094
48.506,434.005
49.7052,502.352
49.2886,502.346
51.0366,492.397
49.559,645.124
50.8504,449.674
49.5714,517.269
51.5422,494.895
51.3266,1543.77
51.0692,496.739
52.941,530.961
48.3994,999.226
50.5128,1304.6
51.0874,945.988
48.3692,427.29
48.1546,459.747
50.0426,495.691
48.9604,440.016
50.825,522.993
50.4412,1068.73
50.021,667.649
50.3912,679.137
47.0346,460.266
49.0012,549.313
52.267,914.073
51.2446,630.103
50.6914,497.461
51.4152,524.906
48.8928,548.802
49.607,457.597
50.5732,501.282
50.0376,466.019
50.6146,485.91
51.3304,516.519
51.9618,507.407
47.7706,482.602
49.4326,1690.66
50.642,489.448
50.203,604.92
50.2482,457.545
49.7346,537.652
52.4972,566.654
52.0542,482.825
49.9442,774.033
47.22,452.17
50.573,461.981
50.4928,510.073
50.6006,504.346
49.9798,479.129
51.0032,457.416
49.65,1202.5
49.7956,833.119
49.7054,496.922
51.5488,522.92
48.3858,900.062
50.4948,797.452
48.806,1518.95
52.6698,498.959
52.1848,583.241
49.255,461.631
49.416,443.288
49.9744,1246.45
48.228,472.16
50.9444,466.481
51.866,478.203
50.3846,485.233
50.7334,497.383
49.548,855.759
50.2428,497.506
51.1422,467.099
49.9998,458.266
52.787,511.235
49.321,788.251
WO
75.876,562.36
74.7336,281.106
74.3214,333.036
75.2716,312.035
81.4902,309.652
91.4444,367.532
78.2672,316.612
80.5192,654.167
80.2632,998.878
80.7258,436.006
82.2162,739.318
74.8022,271.952
78.2404,328.697
71.5854,389.498
77.8126,1206.09
77.489,311.542
73.3658,354.675
72.275,304.281
71.4242,609.499
73.4212,313.21
73.6178,305.549
70.1104,262.034
73.332,304.323
76.1484,335.051
75.5942,675.221
80.0034,714.117
71.0632,1433.11
79.6556,292.096
64.3182,259.641
76.4868,345.223
71.8184,1281.01
82.2574,285.585
78.111,316.985
68.0062,269.223
80.0794,272.205
76.4776,385.264
73.0506,897.964
76.0736,477.776
72.0098,287.222
81.7012,867.832
81.0296,320.898
79.9116,301.537
75.3408,325.181
69.4744,310.499
68.7276,323.269
76.5358,740.641
79.7342,797.162
68.4198,232.244
78.0282,306.291
75.6816,335.467
80.6194,287.254
74.4642,283.962
72.859,347.052
66.9524,263.883
73.9362,357.633
73.4268,300.638
74.7428,1576.84
76.7716,269.072
78.7714,349.396
84.4526,284.067
73.1882,784.04
74.859,1253.69
78.3738,303.19
72.7048,576.28
80.0736,834.099
73.7868,324.082
82.5604,344.694
79.6972,278.426
74.8438,325.302
78.5504,1126.85
79.6686,632.146
73.688,299.403
76.048,303.177
75.7918,303.352
72.0522,588.149
78.5278,391.468
68.5394,293.74
88.5868,721.309
79.8904,306.817
73.0522,1369.95
75.2032,330.246
81.1802,353.795
75.237,379.057
76.9876,594.422
75.9386,285.468
72.0928,251.444
75.2718,343.73
75.4606,818.323
75.6284,336.499
69.5542,380.853
80.2002,411.132
77.8744,699.526
81.2096,615.063
76.0222,355.464
76.6402,276.499
77.6922,281.862
69.249,378.491
72.313,295.949
78.248,319.455
81.8962,280.254
76.9244,407.894
76.5838,503.247
69.7528,285.152
79.2298,331.211
75.0576,793.265
71.3216,608.932
82.8874,665.828
73.4968,354.2
76.061,675.372
67.566,197.231
77.6684,361.369
74.3804,239.342
74.1864,294.328
72.752,310.44
71.706,408.431
72.1978,965.013
75.338,280.364
75.045,285.683
68.9754,253.846
75.824,895.016
74.8756,297.214
75.1112,783.1
80.6394,664.976
70.519,309.239
74.5846,1399.79
73.1364,643.152
73.0812,339.776
77.2526,398.771
77.4822,295.125
77.0166,298.84
75.9038,277.158
75.4176,346.261
79.9834,326.371
82.6928,327.627
74.817,272.508
72.6138,627.947
67.9042,2120.91
77.6578,287.482
74.0906,532.468
73.0838,748.301
81.9542,395.742
75.3998,710.542
69.6652,496.816
82.3884,309.087
70.4354,308.306
70.1252,271.187
70.797,1032.9
79.3648,662.806
67.71,866.46
77.9302,274.81
85.5448,366.038
76.14,322.391
85.416,335.056
79.5214,326.613
73.652,972.034
80.7126,1339.65
83.2914,302.189
74.0776,840.498
80.3674,486.847
75.2282,301.926
77.4628,299.745
76.1604,266.146
70.8726,290.531
72.6022,291.376
70.992,913.752
73.631,234.888
82.4212,702.519
76.2434,1385.82
77.4928,621.156
68.7432,1275.52
76.4004,946.248
61.86,1133.28
75.6388,492.642
76.1626,513.968
76.2662,254.133
69.457,227.497
66.366,263.509
78.5944,282.85
68.7436,337.989
79.3524,318.711
81.0276,617.297
73.8234,387.725
80.379,598.761
77.2806,1151.4
79.3392,682.785
77.6414,462.912
79.9176,323.15
68.9348,294.298
74.9832,855.196
72.2576,326.243
79.6738,871.997
75.3506,1585.09
66.8894,589.573
79.2782,292.423
78.5592,893.444
77.1516,505.772
79.4958,333.441
74.0862,1362.84
73.5876,600.509
78.7648,288.637
70.9762,294
70.6532,249.83
75.1704,247.891
72.1388,250.186
70.7558,258.927
78.246,280.107
72.3742,297.454
74.4266,249.043
83.1614,735.769
76.0748,1824.07
81.7028,344.258
79.5488,490.146
87.4382,574.503
76.4834,295.199
76.6396,492.574
71.3174,529.397
75.6108,1033.19
78.4094,379.103
81.1344,339.921
69.8406,1110.55
77.7908,253.907
74.997,475.868
78.1582,1175.71
85.6708,423.556
80.907,328.021
70.636,570.058
75.0718,275.403
71.7558,389.85
68.74,289.558
63.8794,287.235
74.3024,281.731
74.9836,430.679
77.8234,339.529
70.0392,256.625
78.4136,397.302
68.3908,1115.35
70.9872,426.083
80.6198,303.828
68.9476,299.979
77.2058,300.051
80.2896,377.451
83.2118,398.253
80.014,1077.32
74.324,279.473
82.589,531.571
85.0182,331.936
77.6834,340.139
74.7492,292.54
79.6018,365.318
79.1622,470.988
76.5738,1586.16
77.162,883.024
81.1146,330.601
82.3032,674.77
67.4534,252.493
73.6692,921.406
73.814,332.505
77.9804,971.525
70.4908,518.567
74.1282,327.982
74.0508,281.599
73.1,1203.39
75.1472,306.386
77.6584,255.602
74.5972,403.47
83.7002,322.325
77.9254,336.382
69.2568,555.971
66.9286,350.023
71.4666,813.146
72.8944,323.252
78.013,611.67
78.335,364.043
84.6522,316.472
80.6834,948.253
71.9688,281.199
73.865,1079.1
77.1392,463.377
77.774,626.308
73.0758,283.155
72.4054,348.976
76.696,536.896
64.8668,664.083
71.554,1007.19
77.2588,309.248
83.5274,394.457
75.1592,430.323
76.3598,280.913
71.6276,281.995
83.3256,374.717
80.0394,699.64
77.2236,375.952
69.2154,629.242
77.8486,327.392
78.8004,447.838
74.9484,598.778
70.8922,301.712
81.4384,959.823
68.1302,304.158
75.712,292.552
82.158,569.29
80.8212,327.458
80.4138,564.194
77.1324,360.118
74.1138,415.217
70.6524,319.731
73.0838,1327.46
74.7082,937.75
77.984,435.929
70.7726,330.765
79.8762,319.747
73.3958,323.842
75.3038,954.799
76.8308,257.427
71.9986,283.609
71.2674,1052.75
74.7214,589.848
81.3378,336.447
70.8516,403.275
69.8566,683.716
70.4396,261.568
74.3212,239.516
67.1622,272.488
72.5528,1088.54
76.9572,477.502
73.7564,445.023
76.4664,670.06
70.9826,260.608
70.1968,611.025
67.4572,277.266
77.0794,306.384
76.1922,330.704
73.7926,321.997
73.6798,340.716
75.9832,274.183
76.8718,435.707
82.4106,285.118
75.0302,298.092
68.3614,344.123
82.2642,1001.66
77.2998,312.82
69.7212,267.345
75.2286,310.567
71.6822,314.745
76.9892,259.631
74.8558,757.627
74.0606,329.924
70.1724,265.856
82.1164,688.288
79.2542,340.299
71.313,670.745
75.7582,303.566
67.7888,1586.74
75.7646,497.993
79.548,944.348
71.097,359.132
77.9798,463.478
68.377,284.577
73.4804,247.576
78.1676,273.624
79.8576,482.856
72.249,705.993
76.756,1204.6
71.6588,827.778
78.2044,294.51
81.613,759.884
79.7452,292.91
79.2994,298.021
72.2732,300.946
68.7614,870.413
77.6144,556.928
73.518,261.821
83.5778,317.58
74.2158,655.515
68.9014,237.455
70.6816,270.408
81.4954,506.489
79.5424,356.801
71.916,674.341
76.112,384.74
78.1092,286.306
70.8852,695.59
75.7396,262.489
72.265,296.626
72.2392,454.14
75.9022,659.562
80.4082,322.599
69.8446,341.986
67.8966,285.816
74.9562,290.348
76.2782,439.718
74.4356,389.917
74.9504,349.938
78.192,349.528
79.1446,482.605
78.6688,1700.69
75.8088,346.41
79.5438,485.924
73.2502,270.634
81.1732,377.612
76.4596,291.797
72.0678,309.8
78.656,597.837
79.7578,692.045
74.1726,268.96
70.0378,1607.51
66.3222,482.152
70.5854,291.069
80.321,694.529
85.4354,327.521
66.934,314.103
71.8286,895.791
77.128,290.425
79.1088,868.211
71.801,698.308
75.5716,259.416
72.8338,301.905
77.5306,291.769
71.4116,574.256
76.9258,588.296
70.456,277.796
76.9078,314.963
74.3556,838.283
83.7548,454.654
73.5148,460.219
75.708,776.353
72.1432,302.787
74.7452,668.013
69.4274,2164.24
81.4876,357.094
76.1882,452.503
79.1024,637.185
80.3296,340.899
67.636,297.166
79.1116,585.546
78.1194,653.078
80.9528,562.124
73.096,1144.17
74.0092,447.842
76.5426,946.812
79.5084,282.775
84.9038,1280.52
77.4998,333.5
70.8968,250.736
79.4688,455.841
75.0278,303.469
75.1428,331.156
71.7012,408.535
68.3496,300.549
76.2434,286.658
82.786,1021.36
73.3742,755.982
81.2818,421.988
72.2504,358.737
74.6048,332.338
69.119,432.889
77.7336,462.298
81.7164,377.197
75.0584,1004.53
81.9738,325.575
74.6104,278.372
76.0636,601.853
78.4674,292.758
76.6796,367.175
67.274,532.441
68.0302,959.176
78.4978,367.609
70.0644,1059.77
78.796,764.459
75.0994,298.656
75.7582,279.615
84.8258,668.66
74.6234,331.946
76.171,258.391
81.58,281.842
77.6256,310.91
78.0024,401.052
79.8276,436.476
74.1802,314.927
71.7646,263.942
84.2688,344.873
76.1558,337.836
78.0226,828.567
79.215,1222.32
77.5954,329.123
74.0006,319.618
76.1134,292.165
72.6948,567.556
83.2176,329.078
73.9658,257.257
78.406,1550.04
79.5096,465.053
75.5774,2187.45
73.1214,334.95
77.1982,329.664
76.6908,395.601
70.582,366.58
75.3678,671.22
71.763,663.832
73.6178,276.172
78.2678,575.553
76.8102,284.685
76.6242,352.525
73.2886,248.582
72.869,457.561
75.2748,904.71
73.9942,2399.52
76.4848,292.108
77.8356,302.997
78.034,282.569
74.3998,668.095
72.1564,357.758
73.0278,290.053
78.727,629.382
76.7908,371.786
81.199,435.655
79.2062,346.881
69.6862,345.332
70.9252,377.036
76.5728,957.017
78.546,541.508
72.2004,468.912
81.0054,326.373
79.8522,319.34
76.6954,275.082
74.1132,357.561
74.8568,302.184
75.3722,297.939
77.7844,277.457
72.038,686.905
84.3364,300.139
72.193,804.712
68.1132,663.333
71.6872,448.171
67.7232,1020.64
69.0966,288.085
82.9152,322.994
78.2834,413.819
74.8956,283.64
68.139,1718.25
83.547,383.373
83.8182,308.623
74.5162,304.043
77.4058,772.541
76.6008,265.759
76.533,765.884
80.4162,336.515
74.4238,581.158
70.7802,303.839
78.8902,359.614
72.8914,555.904
66.3892,970.375
72.3118,623.046
74.9388,489.658
68.2956,1281.37
77.1562,363.449
72.8998,274.215
81.1676,288.793
73.2042,328.532
81.5124,492.98
71.8972,305.287
73.9316,281.974
79.1212,295.92
76.0838,771.861
72.2434,643.323
73.3252,1317.86
67.581,791.515
78.1782,352.813
81.1712,1304.24
70.6824,434.462
77.8688,1106.15
74.9108,339.258
80.8512,320.254
73.3418,262.551
78.052,292.683
73.824,310.424
79.5746,341.432
78.3738,324.62
70.8682,287.204
72.2148,1194.28
82.153,309.183
81.4306,309.245
72.247,337.293
74.016,284.592
71.2286,271.556
74.7466,577.078
74.8216,740.33
77.7978,344.807
80.9298,686.259
72.1166,256.463
79.3572,338.092
75.1868,408.661
79.029,427.995
66.1176,267.594
78.2152,893.694
70.551,820.197
75.8066,409.118
80.1738,237.55
70.1958,589.901
73.0876,273.793
78.3992,429.064
79.9598,362.333
76.245,373.48
76.1274,720.711
70.0596,310.531
78.3058,861.192
77.6746,280.934
71.9946,307.506
76.1308,319.411
79.8722,337.732
74.6694,368.424
72.1632,1429.42
73.99,298.515
79.8944,905.937
71.8786,1744.14
83.8416,345.587
73.8874,294.701
77.2446,937.738
77.3856,290.178
76.3994,282.261
81.2342,755.462
79.6368,314.698
71.5824,1207.86
69.229,938.822
74.1464,283.727
78.5738,263.824
73.2804,476.926
75.1832,247.285
69.9846,1873.4
67.613,405.072
83.4508,386.513
81.9334,1067.91
82.4006,741.622
72.224,878.915
81.6492,991.537
80.1682,325.612
75.3296,414.613
73.5332,275.116
78.8144,326.061
73.797,1808.36
80.6426,280.776
80.7454,411.715
79.1332,326.925
76.8128,1031.11
81.221,331.831
69.8852,273.72
75.1394,302.989
80.3424,289.268
73.6084,1286
74.5328,275.86
70.9284,339.454
72.5592,443.554
76.1926,410.274
72.5178,271.274
70.9152,305.654
78.6598,325.873
79.286,621.409
69.536,320.523
81.9696,350.033
70.2424,789.464
75.0294,350.882
70.9116,345.934
76.0748,326.213
82.0464,972.502
74.769,305.731
73.8634,330.197
74.2656,411.057
75.9516,811.202
77.7284,1442.71
76.4874,292.26
74.6754,889.194
76.7692,308.21
77.0036,302.779
74.0032,276.614
69.8102,383.769
78.8648,1249.05
73.8624,314.439
71.29,307.138
73.1782,1155.4
75.8812,260.59
71.207,271.53
74.8202,791.8
79.618,297.279
68.176,598.734
75.2188,866.53
74.897,395.122
78.7768,496.529
67.165,259.819
67.0472,720.204
68.9994,253.726
85.6184,709.91
80.2914,316.956
72.4142,1280.42
72.7382,464.38
78.4368,871.527
70.7128,800.582
76.9982,350.75
83.437,1380.26
66.5396,1214.87
74.5774,332.786
73.8648,286.251
74.3194,438.828
72.944,396.65
84.9802,367.322
76.2614,383.544
78.1438,1193.6
76.0104,409.583
72.6302,365.223
67.3744,395.899
72.104,260.025
70.9462,470.726
75.1588,315.044
81.2646,962.566
70.7744,480.222
77.9382,492.666
70.0792,285.44
72.6164,1074.17
78.927,321.645
75.5974,283.848
71.6496,238.942
77.7084,813.067
80.7148,334.447
74.9748,345.945
75.4858,425.472
72.7634,252.787
79.8186,344.323
71.0962,296.25
75.4808,323.439
80.3422,288.567
78.0176,599.622
75.8582,258.526
76.405,962.841
68.472,1452.75
77.7878,273.173
71.8526,281.147
71.0402,481.865
76.539,312.142
70.5732,298.667
75.282,1017.24
71.7166,382.274
72.4718,257.719
68.8248,271.426
74.7738,295.311
76.5818,1437.75
75.7482,486.534
75.163,236.796
75.8166,256.255
73.5108,272.39
67.994,323.462
68.9134,265.794
74.4018,545.768
75.7428,709.466
71.1792,339.339
84.5338,305.383
72.6064,390.95
80.7524,607.045
88.1564,369.79
77.5046,385.133
73.3154,325.341
75.0188,332.964
75.5692,1677.75
76.2994,331.64
77.756,355.844
73.3114,844.345
76.8364,279.598
76.4686,344.865
81.4818,389.492
78.8358,348.053
66.8306,747.791
78.896,461.627
73.0558,697.701
71.2558,1749.27
71.1722,895.949
70.4266,309.631
74.777,325.712
68.268,960.179
75.4152,360.541
72.3,297.795
71.305,269.715
74.4528,207.732
77.6792,944.98
79.3256,332.65
85.2094,363.942
86.001,331.409
80.9664,353.376
77.1072,583.651
75.1528,342.193
76.993,351.908
79.7206,1020.21
66.008,315.511
75.2946,520.054
74.7906,595.497
75.1532,328.683
73.0834,290.296
78.0734,794.783
69.085,406.23
70.604,1022.31
71.9122,313.843
69.8486,309.202
91.4716,343.387
73.3764,325.652
77.2106,327.027
83.2096,1122.7
68.5696,314.923
74.5586,320.859
66.651,296.829
72.7292,250.353
76.791,334.334
78.5174,281.863
78.169,421.169
72.2884,317.01
72.7414,2710.23
69.7666,285.232
75.859,631.124
76.6636,313.422
72.1292,309.883
68.4464,313.089
72.5918,905.853
85.352,814.571
88.588,1847.44
76.4366,290.359
73.4272,244.434
80.7438,323.281
79.1136,629.211
66.042,450.946
80.9804,327.236
74.4504,311.968
76.6886,286.229
85.8494,471.307
72.5098,278.186
75.7204,438.207
72.739,292.239
72.4074,852.833
86.6958,329.877
74.8818,1542.83
78.2154,267.925
72.8946,341.995
78.2206,916.523
69.6314,561.448
74.6328,534.494
81.184,311.574
78.4838,301.719
72.9358,1496.23
73.7638,355.727
82.709,380.356
75.7014,296.432
68.163,265.636
71.7634,503.718
74.52,768.317
85.3,354.211
74.323,709.347
75.71,331.105
68.793,301.945
71.2188,724.463
74.5156,442.004
79.4424,319.695
72.3566,664.807
77.895,325.314
72.3852,555.896
78.573,942.857
76.8144,559.475
77.6352,282.104
73.0884,294.374
71.4172,1147.13
77.6794,350.868
73.3036,390.254
67.4612,404.825
71.6724,261.415
70.318,363.265
76.6498,793.836
88.157,332.882
79.1462,377.084
73.5324,298.378
69.666,297.819
79.5264,344.214
77.4134,338.085
76.0842,276.272
75.3468,671.957
80.1994,322.956
79.2126,534.688
79.7862,311.911
73.975,362.085
75.669,667.612
78.902,448.96
70.5722,700.022
72.7328,338.808
75.3242,1057.4
72.4448,420.377
77.1228,283.85
73.2648,298.593
72.3228,276.647
71.2308,345.869
78.3746,573.758
72.5864,526.565
69.3566,302.059
75.48,328.341
82.871,325.153
78.7238,494.083
64.4288,424.446
67.8396,257.412
78.8784,324.384
80.0752,335.828
84.9348,1235.44
71.072,303.318
78.6626,427.098
80.2982,311.046
81.3996,930.233
70.6468,265.901
84.4972,846.128
76.9328,490.87
73.6944,302.165
73.4168,312.004
74.3632,701.434
68.999,1164.39
75.113,434.412
80.1332,993.747
67.1886,332.351
71.9872,308.272
74.2328,274.142
75.9512,270.943
81.6184,1248.5
68.068,1048.66
77.3352,522.747
76.771,257.738
69.562,317.455
74.8436,709.689
74.142,658.346
73.7772,268.464
72.223,293.092
74.2666,462.221
76.0438,373.546
71.7378,278.68
79.2172,858.08
76.8196,731.213
75.0278,358.861
83.1172,358.048
72.3214,1420.97
73.6486,279.367
82.6616,318.854
69.0876,309.665
75.6342,871.444
81.477,1027.72
74.727,731.473
74.2238,341.109
71.98,313.58
74.1402,1610.72
81.3806,331.839
73.474,259.285
73.0554,303.791
75.9172,468.17
72.5122,310.575
68.294,1127.67
69.5976,296.423
76.448,387.11
77.7518,440.737
72.3652,315.502
76.925,904.064
75.0118,584.128
72.3344,289.953
74.1548,302.162
74.33,681.688
79.5686,319.684
76.6798,699.229
78.7126,308.352
80.9298,401.624
78.9618,275.351
73.077,938.928
68.3422,696.579
74.6048,299.671
68.4224,322.172
71.0794,849.381
70.8398,292.042
71.8916,1386.19
76.3522,342.415
64.3542,444.758
78.908,249.498
79.0432,306.975
77.7876,327.143
73.593,311.213
74.5686,286.391
72.0104,317.596
71.7378,528.004
72.9044,290.726
71.979,342.15
71.701,284.682
81.9132,525.652
68.9838,256.52
74.489,361.067
66.1266,893.391
77.841,296.768
79.4924,322.662
75.254,339.982
76.0294,302.448
76.0186,1964.43
76.6064,320.192
78.4996,259.959
70.8646,248.57
77.1242,276.493
83.97,1231.72
71.4798,268.451
OPT
41.0622,447.361
40.6216,458.097
40.4518,448.613
41.5674,493.628
40.259,485.676
40.7752,419.025
40.831,479.641
41.1758,462.888
41.7738,543.191
40.7478,611.435
42.8418,483.836
42.6564,429.514
41.397,466.353
40.862,446.827
41.1712,610.855
41.0346,439.167
41.8458,450.303
41.1344,466.588
40.4294,442.897
41.172,440.007
40.1914,424.854
41.1672,435.477
41.1868,432.608
41.3082,586.522
41.8712,433.804
40.8266,491.699
40.6458,445.098
41.6408,455.135
40.9908,460.081
40.8534,453.921
40.7106,452.709
42.2084,469.206
41.207,456.339
42.0536,472.44
40.9134,476.202
42.624,449.284
40.0578,955.683
40.5134,443.191
41.27,442.175
41.1694,467.262
40.3032,480.388
39.9504,467.462
40.8038,466.975
41.4322,479.904
41.9646,656.484
41.0336,485.429
41.6188,418.726
41.2936,557.643
42.1522,461.357
41.076,442.971
40.8634,470.461
40.2602,459.04
41.8344,459.487
41.317,791.122
40.2306,445.953
40.9546,430.548
41.6046,473.278
41.5056,420.945
40.5512,418.827
41.6726,493.824
41.4706,430.209
40.8636,461.038
41.477,464.893
41.2984,475.578
40.5496,448.815
39.95,436.872
41.1072,446.965
40.2026,650.209
41.599,456.084
40.2216,465.069
41.1038,457.568
41.3748,503.771
41.297,456.832
40.9006,466.141
40.9488,448.889
42.0534,443.318
41.0384,436.828
40.815,451.088
40.3758,447.944
40.4662,455.028
41.422,463.631
41.2596,442.258
42.6454,493.644
41.611,440.277
40.789,691.64
41.365,492.08
40.9654,442.313
40.5018,461.216
41.926,469.564
40.5772,436.788
41.3014,468.463
41.1276,443.696
40.6306,482.648
42.2414,447.677
42.2102,480.635
41.571,1381.78
41.1968,469.119
41.041,445.696
40.7282,467.58
40.5088,449.102
40.7358,562.242
42.759,478.373
40.7066,458.793
40.6998,447.481
40.6486,464.577
42.1974,477.697
41.0482,459.056
40.4508,456.127
40.884,412.306
41.4024,918.102
41.0412,420.848
41.9606,462.057
41.728,494.173
40.274,486.347
41.0574,474.223
41.0996,820.176
40.664,442.108
41.0814,448.791
42.1494,574.133
40.5428,441.984
41.1112,1253.83
41.0502,439.895
40.7652,447.313
42.2404,457.601
40.6222,440.143
41.8156,437.964
41.3712,435.628
41.7908,457.785
41.1462,455.851
41.1714,432.197
42.067,465.973
41.8254,480.729
41.6204,456.839
41.603,461.349
40.8092,440.551
40.9546,476.93
42.1708,463.623
40.785,453.451
40.2052,470.935
40.1304,473.652
42.3348,426.368
40.8912,483.659
40.507,451.326
40.4484,439.676
40.9554,529.314
41.1488,462.658
41.082,1350.4
40.3782,453.629
40.482,501.166
40.2046,490.201
41.072,431.774
42.3124,456.87
41.4226,475.526
41.4024,428.248
41.4642,444.312
42.2692,522.451
40.5746,456.084
40.61,1062.27
41.3678,450.253
41.9234,451.369
41.7708,458.924
40.9528,436.246
41.5942,428.017
40.7938,468.927
41.1384,431.549
42.2102,453.932
41.6566,478.471
41.1484,443.26
40.9556,483.05
40.436,466.263
40.3828,439.333
40.7688,523.987
42.6674,444.539
41.2364,448.06
42.086,472.969
41.5846,464.401
41.1142,465.677
41.4774,467.5
41.2286,462.752
41.334,453.949
41.1916,478.829
40.1882,616.953
41.0546,464.579
40.8034,458.739
40.892,450.326
41.166,441.31
40.5372,473.761
40.8206,419
41.6172,443.597
41.2986,440.688
40.5444,459.009
41.38,458.757
40.0458,425.313
41.1842,465.962
41.4552,467.684
40.8122,445.832
40.3298,441.477
41.8428,441.716
42.1774,493.032
40.56,449.681
40.0656,466.456
40.5682,710.824
40.3082,470.369
41.0112,448.364
40.7714,471.775
40.8832,480.671
40.678,483.925
41.2332,434.765
41.079,444.955
42.017,448.856
40.2542,472.889
41.542,443.292
41.5282,419.771
40.3076,465.566
41.1858,465.128
41.0974,440.741
40.7376,463.298
42.1252,537.976
40.1992,470.614
41.0504,432.799
41.35,440.175
41.0756,461.656
40.3912,968.277
40.385,441.309
42.5982,465.968
41.1254,429.75
40.4266,433.859
40.1938,448.593
41.0362,436.886
41.6636,421.39
40.6962,472.577
42.0066,403.127
42.3146,447.634
41.9148,517.811
40.3034,448.017
40.5992,454.524
40.71,449.156
41.7464,490.326
40.7712,826.577
41.06,440.478
40.6356,464.625
40.9868,481.788
42.096,430.387
41.1368,428.918
41.623,722.825
43.0354,443.809
39.946,480.418
40.841,462.985
40.4666,448.347
42.1664,438.867
40.7062,422.227
40.775,483.969
40.9426,449.546
40.9932,445.679
40.9936,444.533
40.8784,449.824
40.8474,447.018
40.6612,423.424
41.5714,460.969
40.6066,433.566
40.769,451.054
40.531,468.886
41.3972,630.753
40.78,429.954
40.9644,462.175
41.6534,696.423
41.3816,478.156
40.53,430.43
40.38,453.558
40.8416,481.419
41.3578,467.747
40.8288,465.301
40.798,506.862
41.8788,597.048
40.4588,659.354
41.3098,461.702
41.188,453.196
41.2876,782.843
40.8348,444.353
41.0454,416.383
41.3742,531.042
40.4628,1334.18
41.739,452.894
40.4592,469.924
40.535,447.231
41.0504,457.481
42.3102,482.775
41.0362,465.164
42.2156,458.462
41.1086,420.632
41.1914,435.249
41.5926,460.657
42.3202,593.464
40.3942,435.567
41.7802,521.83
41.2668,485.337
41.6422,438.387
41.8278,425.517
42.1822,803.25
40.78,427.491
40.8208,449.364
41.1494,453.501
40.8992,459.535
40.6816,470.896
41.5972,441.523
40.1102,468.035
41.3136,475.649
41.4166,470.024
41.1462,443.027
40.909,459.665
41.1396,455.862
41.3308,1271.57
40.4892,537.595
41.0268,436.549
41.7226,444.535
40.9904,489.537
41.215,497.073
41.3378,537.734
41.4566,484.102
42.2274,590.367
41.428,439.655
41.72,445.283
40.8948,442.397
40.7046,439.732
41.283,431.679
41.073,478.836
41.9338,699.42
40.945,470.157
41.235,426.956
40.1332,457.077
40.6584,439.284
40.7044,436.662
40.869,434.182
41.9118,795.174
40.7194,456.59
41.4876,474.622
42.3244,825.922
41.739,462.853
41.15,845.437
41.5032,442.806
40.807,447.83
40.4732,432.387
41.2598,499.728
40.8092,472.346
40.909,455.232
40.9776,466.041
41.556,489.191
41.6216,436.065
40.7134,1175.26
40.7844,439.944
41.3168,481.795
41.8086,486.367
41.0794,434.3
42.413,476.237
41.019,465.158
40.2354,432.507
41.2982,590.187
41.7196,1080.46
41.2906,455.326
41.758,469.336
39.9558,451.108
40.3784,426.654
40.2516,412.568
41.9676,462.677
42.1202,470.022
40.8366,451.167
41.3204,444.439
40.4958,476.09
41.1888,566.433
41.7064,477.2
40.7166,444.378
41.3556,480.526
41.5552,442.172
41.2834,432.592
40.5152,553.688
41.3044,467.785
41.6326,486.797
40.6828,464.302
41.8922,463.262
41.4062,464.841
41.5722,584.347
42.4018,419.001
41.206,420.651
41.2502,443.779
41.727,467.063
40.9738,443.65
40.0852,427.133
41.7476,426.536
41.554,476.434
40.5194,471.918
42.2866,444.835
40.7608,437.089
41.3136,489.03
41.0106,449.405
40.6658,451.846
40.9212,454.204
40.3326,466.144
40.8554,466.82
41.1306,454.917
42.5142,960.587
40.605,863.346
41.0076,482.871
40.5894,469.587
40.9866,464.907
40.9618,455.566
42.3814,474.976
41.1038,468.913
41.6204,455.567
40.7262,471.509
42.1242,664.499
41.5764,472.677
40.9448,441.497
40.882,469.607
40.7264,460.284
40.6324,602.392
40.9376,476.61
41.1114,434.625
41.149,595.26
40.1272,474.732
41.3564,443.041
42.1458,456.169
41.248,457.352
39.4546,450.706
40.352,446.644
40.4436,456.183
40.3494,519.917
41.4722,426.506
40.211,533.715
41.588,445.463
41.5256,463.232
41.582,417.726
41.2766,436.219
40.808,468.602
40.9494,450.317
41.1224,458.988
40.7706,443.172
41.8488,991.933
41.259,481.328
41.8754,468.902
41.52,455.769
40.5898,468.432
42.3244,457.992
40.4072,458.942
40.8402,466.358
41.11,591.297
41.16,476.618
41.723,475.951
40.7166,467.523
40.828,431.355
40.7418,438.623
41.2956,474.352
41.3962,460.929
41.613,491.202
42.4032,440.624
41.0476,440.542
42.4708,434.285
40.7356,460.575
41.0338,476.793
40.6908,458.747
42.636,432.428
40.9262,471.467
41.1958,464.848
41.521,495.306
40.6962,488.452
41.056,453.479
40.7678,420.165
42.6368,411.765
40.9654,440.475
41.5132,566.466
40.3858,467.297
40.8844,461.474
40.7198,438.131
41.5772,452.923
42.4932,459.445
41.3608,492.171
40.9216,436.487
41.4196,470.569
41.4466,455.363
40.123,448.28
41.3072,448.541
41.0522,454.396
41.0186,414.518
40.5936,454.425
41.3854,510.682
41.0532,471.876
41.1474,482.173
40.1328,1084.35
41.6236,769.708
41.0724,574.926
40.2424,464.028
40.7514,446.568
40.613,435.566
40.2822,467.044
41.7242,482.242
41.6688,439.923
40.4256,473.209
41.1344,448.425
41.5826,470.719
40.9424,485.942
41.1232,426.483
40.8626,484.564
41.5864,437.697
40.7746,571.784
41.3628,418.079
40.9406,578.279
40.9346,420.424
42.1708,461.231
42.1502,496.119
40.86,468.073
41.1432,449.467
41.604,454.326
40.7624,476.848
40.8926,456.977
40.3834,707.695
42.1246,462.717
40.3914,448.604
40.6952,439.549
41.4164,841.279
41.0218,454.5
40.4348,420.115
41.0098,465.411
41.594,462.004
41.353,457.059
40.386,534.113
41.0136,473.029
41.5508,440.731
41.6874,464.868
40.7992,1214.29
40.7756,446.852
42.0874,426.939
41.4566,1079.38
40.377,447.03
41.7424,424.087
41.0404,446.624
41.2572,443.522
41.1638,530.347
41.3354,462.32
41.0662,488.983
41.001,468.732
40.6872,444.212
40.7394,453.626
40.4454,456.475
41.0476,457.189
41.554,435.761
41.0232,432.035
41.345,700.109
41.009,429.348
41.2328,454.326
41.633,435.627
41.053,440.015
41.9618,429.868
41.077,475.382
41.321,468.877
41.195,466.96
40.8696,451.839
41.6954,451.921
41.917,455.264
41.0166,434.706
40.9712,460.163
41.1112,1117.89
41.306,419.614
40.628,432.729
41.2818,450.26
40.717,443.873
40.6888,589.797
40.6208,428.557
40.7558,441.476
40.0984,943.967
42.7298,483.946
40.1756,436.527
40.8556,694.944
41.997,458.303
42.1008,438.737
42.3328,476.364
40.6426,498.607
40.2574,597.827
42.1312,448.419
39.4402,653.494
41.2694,454.099
41.752,459.981
40.4336,470.596
41.2718,444.851
41.3748,462.78
42.0118,475.487
40.8816,429.311
40.4696,428.278
41.4942,592.371
40.7364,607.985
42.378,436.024
41.8004,455.106
40.95,500.843
40.6352,448.027
41.5146,473.855
40.654,456.346
41.3966,547.036
40.7804,425.915
41.73,444.229
41.0474,455.025
40.4602,473.613
40.7168,445.619
41.1792,456.318
40.9584,518.537
40.1892,458.91
41.3078,437.07
40.5236,424.771
42.208,476.341
41.6034,672.923
39.3238,687.541
41.3764,989.473
41.1088,459.259
41.0094,462.36
41.1336,416.526
40.753,607.752
41.3454,453.762
40.6574,422.044
40.897,464.77
41.3586,498.944
41.675,947.486
40.6362,449.179
41.6866,464.675
40.9512,455.873
40.1994,403.948
40.837,479.555
41.6802,469.622
41.586,725.955
40.8866,453.424
41.5072,463.539
40.8136,717.154
40.6954,459.299
41.5888,456.566
41.1374,463.217
41.0258,435.71
40.8176,449.9
41.0842,446.924
42.4594,710.916
41.4296,459.364
40.85,482.743
40.9406,422.56
40.3492,440.324
40.4702,440.674
41.1972,455.662
41.3646,463.553
40.8346,495.806
42.0472,468.611
41.6408,1078.44
41.1976,471.674
41.3388,488.776
40.5408,458.359
41.1068,443.827
41.519,437.628
41.2166,568.05
41.1986,441.063
41.1098,429.898
40.6148,452.421
40.7956,449.86
41.6068,442.075
40.9124,429.279
40.9234,476.682
40.6836,447.733
41.231,466.735
40.1534,443.701
40.1488,452.022
40.6092,492.531
41.8674,460.89
41.1494,478.772
42.0694,461.523
40.2146,448.39
41.6168,446.991
41.2272,450.64
41.3436,470.885
41.6876,446.18
41.2702,460.605
40.991,1131.93
40.3476,453.694
40.6258,1126.96
40.4882,444.637
41.1474,478.168
42.4204,561.665
40.1346,431.466
41.2472,466.835
41.7786,458.713
41.9926,431.329
40.932,445.047
41.9132,471.185
40.8386,455.968
40.6192,472.761
41.1664,444.993
40.6242,462.032
41.4808,464.91
41.0946,471
40.7582,415.466
40.5886,469.357
40.225,457.313
40.4664,457.411
41.494,469.327
41.6544,482.936
40.6278,967.714
42.4304,477.517
41.2038,468.271
40.5444,439.395
41.3224,1167.98
40.296,465.75
41.087,454.312
39.7006,454.124
41.2,457.145
41.3876,449.378
41.4432,1536.5
40.261,812.085
41.0732,474.579
41.5014,775.864
41.0964,434.342
41.5306,458.782
41.0168,476.182
41.4394,480.124
41.5016,470.26
41.4502,470.25
40.4774,432.041
40.9558,685.239
41.8124,479.036
40.9348,453.144
41.665,441.637
41.5962,719.232
40.0706,813.935
41.569,622.871
40.4846,610.655
40.1932,420.521
42.5356,472.801
40.6546,484.819
41.2276,444.853
40.4214,452.937
41.1054,547.071
41.2068,451.551
40.1842,468.072
40.727,460.408
40.8296,446.343
40.633,401.837
41.001,469.825
40.6564,458.43
42.1836,459.31
40.9986,452.179
41.353,476.05
42.4734,474.135
41.5698,413.827
41.1074,432.941
42.0108,639.992
42.2648,506.944
40.6092,460.378
40.7492,771.535
40.9106,438.146
41.6418,456.971
41.8162,440.766
40.9602,457.919
40.9464,453.824
42.3012,479.075
41.729,455.084
40.9734,454.073
41.3344,492.315
41.5188,420.728
40.3404,448.674
40.7332,467.937
40.4968,455.781
41.4412,458.618
40.871,447.98
40.502,469.114
40.9116,449.107
41.4378,458.157
40.7118,461.87
40.8702,770.58
40.9964,478.347
41.5938,467.817
42.9164,446.974
41.6708,472.315
40.459,470.668
40.6448,455.26
40.6032,446.454
40.7816,447.946
40.6134,893.958
41.8578,456.418
40.6794,451.676
41.2246,511.099
40.9396,761.605
42.1812,411.337
41.1536,471.578
40.7006,454.43
41.3766,466.144
40.8662,472.921
41.869,793.803
41.6406,743.462
40.9312,429.595
41.387,468.713
40.8614,449.337
42.2972,450.093
40.4496,472.204
41.3532,473.527
41.3834,467.52
40.9968,439.441
41.1442,686.036
41.9076,466.764
41.119,485.704
41.765,463.025
40.6106,755.808
41.618,796.089
41.8736,444.032
41.6762,441.718
41.1534,431.537
41.6966,452.99
41.8896,505.818
41.6974,917.945
40.5748,543.129
42.0124,434.829
40.7806,456.049
42.2518,457.735
41.5758,457.687
40.9576,484.942
40.4008,474.942
40.6328,445.665
41.7814,471.106
40.722,464.987
40.4968,429.518
40.9866,565.387
41.5128,434.772
40.9742,1082.28
40.5958,446.993
40.4362,451.304
40.4988,450.191
41.1988,464.201
40.5904,474.726
40.3198,464.984
40.469,478.031
40.4094,444.05
40.9236,439.993
40.8274,459.191
40.363,463.696
41.6578,438.56
40.8608,474.608
40.013,456.756
41.8194,466.856
40.225,409.568
41.0596,672.302
40.176,477.856
41.0742,535.781
41.1502,485.252
41.618,456.34
41.3914,474.715
40.5802,482.501
40.9824,458.107
41.5802,425.087
41.1748,452.533
41.884,460.625
41.7436,470.286
40.39,469.035
41.7818,460.069
40.7728,432.32
40.2428,461.354
40.5194,462.409
41.3698,457.063
40.7222,796.479
40.487,461.811
41.182,462.957
42.5768,737.095
43.0412,448.527
41.8044,615.704
42.3382,451.44
40.773,434.449
40.49,494.642
40.8924,478.932
40.6098,1208.5
40.9048,562.165
40.5778,459.756
40.5452,427.565
41.9954,491.087
42.2126,433.623
40.9336,425.126
40.6418,435.666
41.699,444.741
40.7888,417.878
41.704,433.072
41.0754,520.606
41.7266,450.215
41.3642,431.419
41.7532,478.804
40.904,473.237
41.3238,923.92
41.5482,421.394
40.5354,446.929
41.1186,912.005
40.811,441.199
40.6224,457.023
40.9094,691.816
41.784,846.757
42.822,453.781
40.5864,446.44
40.8602,447.483
41.1114,448.507
40.9184,448.139
40.8556,944.107
40.7504,467.139
40.7024,470.867
40.6256,456.391
42.0816,454.725
40.1302,467.641
40.7842,449.447
40.4254,456.649
41.0482,442.425
40.6372,415.324
42.047,445.4
40.9286,477.265
41.649,472.621
41.3806,485.157
41.0796,457.36
41.988,476.914
41.0912,442.332
41.1768,462.285
41.6756,427.333
42.1356,520.545
42.6884,460.747
41.0232,456.972
41.446,432.261
41.786,470.506
40.966,444.816
41.6582,459.148
41.6158,463.165
40.7482,776.939
41.0598,475.061
41.4236,460.212
40.0938,475.118
41.7376,414.306
40.941,445.313
41.0614,429.743
41.3768,475.446
41.437,604.062
41.0942,444.263
42.0338,465.218
41.5122,449.174
41.7906,497.289
40.7938,462.126
41.8822,964.183
41.2496,459.715
41.7796,437.325
41.081,439.8
42.0994,467.932
41.2542,457.832
41.7946,489.011
40.4454,449.102
40.7748,467.865
40.9262,430.621
41.401,430.589
41.6502,436.867
40.6244,652.149
40.9868,462.095
41.169,436.446
40.8112,434.243
41.957,447.547
40.6012,457.111
40.845,455.357
40.4,457.231
41.711,457.822
41.853,440.313
41.1442,479.181
41.233,463.203
41.8836,472.32
41.912,438.263
40.343,657.341
40.9994,445.616
41.4616,451.794
41.9532,473.264
40.214,437.827
40.541,444.917
40.4468,431.532
41.557,449.584
41.8844,437.614
41.3158,489.011
41.2536,465.824
41.5032,464.135
42.084,459.793
41.2978,455.707
40.6226,470.364
40.7396,470.933
41.2362,432.953
41.8724,426.409
41.3822,428.989
40.9764,433.192
42.3124,454.37
41.5634,416.963
41.5662,832.865
41.1556,446.495
41.1036,465.42
41.015,484.752
41.6256,542.521
41.3414,471.853
40.9772,421.384
40.1684,470.289
41.2024,458.919
41.0406,466.691
40.9062,486.103
40.2818,466.532
41.4222,453.378
41.6218,452.039
41.5798,500.697
41.7658,481.306
