Greedy
50.623,120.513
51.4544,120.513
50.6352,120.513
50.6286,120.513
50.6232,120.513
50.6294,120.513
50.6278,120.513
50.6292,120.513
50.6634,120.513
50.628,120.513
50.6246,120.513
50.6284,120.513
50.623,120.513
50.6274,120.513
50.624,120.513
50.6238,120.513
50.908,120.513
50.628,120.513
50.6234,120.513
51.167,120.513
50.6272,120.513
50.637,120.513
50.625,120.513
50.6238,120.513
50.6254,120.513
51.345,120.513
50.6276,120.513
50.628,120.513
50.6272,120.513
50.6226,120.513
50.6262,120.513
50.623,120.513
50.6268,120.513
50.999,120.513
50.6292,120.513
50.8092,120.513
50.628,120.513
50.6272,120.513
52.5214,120.513
50.6262,120.513
50.625,120.513
50.8414,120.513
50.6312,120.513
50.6266,120.513
50.8684,120.513
50.6284,120.513
50.6232,120.513
50.6258,120.513
50.6584,120.513
50.7388,120.513
50.6334,120.513
50.6278,120.513
50.629,120.513
50.6272,120.513
50.6282,120.513
50.6274,120.513
50.6286,120.513
50.624,120.513
50.6326,120.513
50.6286,120.513
50.829,120.513
50.9666,120.513
50.6234,120.513
50.6246,120.513
50.7702,120.513
50.628,120.513
50.623,120.513
50.8098,120.513
50.6244,120.513
50.6262,120.513
50.624,120.513
50.6276,120.513
50.7442,120.513
50.7518,120.513
50.7838,120.513
50.6256,120.513
50.625,120.513
50.623,120.513
50.6232,120.513
50.6262,120.513
50.6282,120.513
50.629,120.513
50.6284,120.513
50.6258,120.513
50.8308,120.513
50.6258,120.513
50.625,120.513
50.7904,120.513
50.6284,120.513
50.6274,120.513
50.6252,120.513
50.6258,120.513
50.6288,120.513
51.712,120.513
50.6284,120.513
50.6236,120.513
50.6266,120.513
50.8064,120.513
50.6282,120.513
50.6286,120.513
50.6252,120.513
50.6252,120.513
50.6244,120.513
50.624,120.513
50.6302,120.513
50.6324,120.513
50.6246,120.513
50.6272,120.513
50.6228,120.513
50.7774,120.513
50.629,120.513
50.6262,120.513
50.628,120.513
51.0792,120.513
50.628,120.513
50.643,120.513
50.6388,120.513
50.6622,120.513
50.6282,120.513
50.6244,120.513
50.6426,120.513
51.2818,120.513
50.6596,120.513
50.8674,120.513
50.6272,120.513
50.6324,120.513
50.6282,120.513
50.6248,120.513
50.6274,120.513
50.7032,120.513
50.625,120.513
50.6246,120.513
50.6294,120.513
50.6268,120.513
50.623,120.513
50.624,120.513
50.6268,120.513
50.6264,120.513
50.6246,120.513
50.6306,120.513
50.6226,120.513
50.6276,120.513
50.6286,120.513
50.624,120.513
50.8092,120.513
50.9516,120.513
51.2114,120.513
50.628,120.513
50.626,120.513
50.6282,120.513
50.6252,120.513
50.6282,120.513
50.6264,120.513
50.628,120.513
50.6258,120.513
50.6224,120.513
50.6252,120.513
50.6274,120.513
50.6282,120.513
50.6244,120.513
50.6282,120.513
50.6234,120.513
50.626,120.513
50.6284,120.513
50.6276,120.513
50.6264,120.513
51.3054,120.513
50.6274,120.513
50.6232,120.513
51.5908,120.513
50.6224,120.513
50.6284,120.513
50.8426,120.513
50.6362,120.513
50.627,120.513
50.6282,120.513
50.624,120.513
50.6272,120.513
50.6248,120.513
50.6284,120.513
50.6276,120.513
50.6246,120.513
50.706,120.513
50.6248,120.513
50.6276,120.513
50.6296,120.513
50.6228,120.513
50.7052,120.513
50.6274,120.513
50.6694,120.513
50.625,120.513
50.6248,120.513
50.6366,120.513
50.6234,120.513
50.623,120.513
50.6624,120.513
50.6264,120.513
50.6234,120.513
50.623,120.513
50.6286,120.513
50.623,120.513
50.6276,120.513
50.6284,120.513
50.6246,120.513
50.6252,120.513
50.6294,120.513
50.6262,120.513
50.712,120.513
50.6228,120.513
50.6278,120.513
50.627,120.513
50.627,120.513
50.6276,120.513
50.628,120.513
50.6362,120.513
50.6298,120.513
50.756,120.513
50.626,120.513
50.625,120.513
50.627,120.513
50.6292,120.513
50.6296,120.513
50.636,120.513
50.6292,120.513
50.6262,120.513
50.6228,120.513
50.92,120.513
50.623,120.513
51.2188,120.513
50.7068,120.513
50.9828,120.513
50.6234,120.513
50.6252,120.513
50.625,120.513
50.6292,120.513
50.6238,120.513
50.6392,120.513
50.6288,120.513
50.6288,120.513
50.6266,120.513
50.6278,120.513
50.628,120.513
50.7994,120.513
50.6254,120.513
50.6294,120.513
50.6296,120.513
50.629,120.513
50.6248,120.513
50.8562,120.513
50.627,120.513
50.6414,120.513
51.208,120.513
50.6292,120.513
50.6252,120.513
50.6294,120.513
50.6282,120.513
50.6286,120.513
50.625,120.513
50.6256,120.513
50.6546,120.513
50.6268,120.513
50.8426,120.513
50.6314,120.513
50.6292,120.513
50.6308,120.513
50.8212,120.513
50.7096,120.513
50.6268,120.513
50.6284,120.513
50.628,120.513
50.6278,120.513
50.6228,120.513
50.6286,120.513
50.6232,120.513
50.6278,120.513
50.6278,120.513
50.629,120.513
50.762,120.513
50.6384,120.513
50.6232,120.513
50.6282,120.513
50.714,120.513
50.6336,120.513
50.7402,120.513
50.6272,120.513
50.6276,120.513
50.6308,120.513
50.7118,120.513
50.6364,120.513
50.6338,120.513
50.6292,120.513
50.6346,120.513
51.1226,120.513
50.8456,120.513
50.7072,120.513
50.7548,120.513
50.8614,120.513
50.755,120.513
50.6232,120.513
50.625,120.513
50.7618,120.513
50.6258,120.513
50.8178,120.513
50.6248,120.513
50.6252,120.513
50.6224,120.513
50.6302,120.513
50.6316,120.513
50.7612,120.513
51.3716,120.513
50.6298,120.513
50.8084,120.513
50.6306,120.513
50.6252,120.513
50.6262,120.513
50.6234,120.513
50.6276,120.513
50.6292,120.513
50.6248,120.513
50.6288,120.513
50.6252,120.513
50.6302,120.513
50.6372,120.513
50.6236,120.513
50.6276,120.513
50.6268,120.513
50.6252,120.513
50.6266,120.513
50.7082,120.513
50.6274,120.513
50.6294,120.513
50.6332,120.513
50.6426,120.513
50.6286,120.513
50.6282,120.513
50.6276,120.513
50.6268,120.513
50.6448,120.513
50.6582,120.513
50.6254,120.513
50.6248,120.513
50.996,120.513
50.624,120.513
50.6588,120.513
50.6282,120.513
50.6236,120.513
50.623,120.513
50.6276,120.513
50.632,120.513
50.6246,120.513
50.627,120.513
50.8218,120.513
50.6288,120.513
50.6248,120.513
50.6276,120.513
50.6266,120.513
50.903,120.513
50.6266,120.513
50.6382,120.513
50.6306,120.513
50.6238,120.513
50.6248,120.513
50.9476,120.513
50.9822,120.513
50.6332,120.513
50.653,120.513
50.6244,120.513
50.6266,120.513
50.6296,120.513
50.623,120.513
50.6326,120.513
50.7976,120.513
50.6448,120.513
50.6284,120.513
50.6252,120.513
50.6506,120.513
50.6896,120.513
50.7636,120.513
50.6282,120.513
50.6266,120.513
50.6228,120.513
50.6274,120.513
50.6228,120.513
50.6272,120.513
50.8078,120.513
50.631,120.513
50.6248,120.513
50.6252,120.513
50.628,120.513
50.623,120.513
50.6262,120.513
50.8558,120.513
51.4752,120.513
50.6294,120.513
50.628,120.513
50.629,120.513
50.826,120.513
50.6362,120.513
50.8116,120.513
50.6286,120.513
50.6264,120.513
50.6326,120.513
51.0508,120.513
50.6252,120.513
50.6264,120.513
51.5568,120.513
50.6274,120.513
50.6276,120.513
50.627,120.513
50.6286,120.513
50.633,120.513
50.628,120.513
50.813,120.513
52.2538,120.513
50.625,120.513
50.627,120.513
50.6272,120.513
50.624,120.513
50.8376,120.513
50.6292,120.513
50.6248,120.513
50.6274,120.513
50.628,120.513
50.8672,120.513
50.6256,120.513
50.6272,120.513
50.6304,120.513
50.6264,120.513
50.6244,120.513
50.6268,120.513
50.625,120.513
50.6278,120.513
50.6306,120.513
50.6288,120.513
50.6242,120.513
50.6248,120.513
50.6326,120.513
50.6264,120.513
50.636,120.513
50.6292,120.513
50.629,120.513
50.9352,120.513
50.6266,120.513
50.7778,120.513
50.6274,120.513
50.6254,120.513
50.7066,120.513
51.6102,120.513
50.6274,120.513
50.6252,120.513
50.628,120.513
50.623,120.513
50.6268,120.513
50.627,120.513
50.6316,120.513
50.9048,120.513
50.6316,120.513
50.6274,120.513
50.6312,120.513
50.6318,120.513
50.6222,120.513
50.6274,120.513
50.664,120.513
50.72,120.513
50.625,120.513
50.6244,120.513
50.6282,120.513
50.802,120.513
50.6274,120.513
50.6272,120.513
50.8106,120.513
50.6292,120.513
50.625,120.513
50.6268,120.513
50.8752,120.513
50.916,120.513
50.8102,120.513
50.6274,120.513
50.632,120.513
50.6282,120.513
50.6268,120.513
50.627,120.513
50.7098,120.513
50.6276,120.513
50.8496,120.513
50.6272,120.513
50.6282,120.513
50.6262,120.513
50.6294,120.513
50.6232,120.513
50.6232,120.513
50.6298,120.513
50.9324,120.513
50.632,120.513
50.6246,120.513
50.6226,120.513
50.6684,120.513
50.632,120.513
50.629,120.513
50.6236,120.513
50.6278,120.513
50.6228,120.513
50.6252,120.513
50.6234,120.513
50.6402,120.513
50.6286,120.513
50.6254,120.513
50.6276,120.513
50.6244,120.513
50.6272,120.513
50.6244,120.513
50.6246,120.513
50.6262,120.513
50.6298,120.513
50.6334,120.513
50.6272,120.513
50.6988,120.513
50.6592,120.513
50.6542,120.513
50.6272,120.513
50.6264,120.513
50.9086,120.513
50.63,120.513
50.6278,120.513
50.6228,120.513
50.7608,120.513
50.7074,120.513
50.9736,120.513
50.6238,120.513
50.628,120.513
50.6252,120.513
50.6262,120.513
50.6236,120.513
50.8064,120.513
50.627,120.513
50.6514,120.513
50.6246,120.513
50.628,120.513
50.6292,120.513
50.628,120.513
50.6276,120.513
50.624,120.513
50.6276,120.513
50.625,120.513
50.6394,120.513
50.6276,120.513
50.6308,120.513
50.6238,120.513
50.7108,120.513
50.6278,120.513
50.9038,120.513
50.6248,120.513
50.6276,120.513
51.3104,120.513
50.6238,120.513
50.627,120.513
50.6288,120.513
50.7628,120.513
50.6252,120.513
50.629,120.513
50.6252,120.513
50.6246,120.513
50.6296,120.513
50.6278,120.513
50.6268,120.513
50.8006,120.513
51.8594,120.513
50.6338,120.513
50.6538,120.513
50.6328,120.513
51.1018,120.513
50.6246,120.513
50.6232,120.513
50.625,120.513
50.626,120.513
50.6276,120.513
50.6286,120.513
50.6224,120.513
50.6272,120.513
50.628,120.513
50.625,120.513
50.623,120.513
50.6638,120.513
50.627,120.513
50.6286,120.513
50.6282,120.513
50.6318,120.513
50.6236,120.513
50.6318,120.513
50.7054,120.513
50.628,120.513
50.6264,120.513
50.628,120.513
50.6278,120.513
50.6514,120.513
50.6978,120.513
50.6252,120.513
50.6308,120.513
50.6312,120.513
50.6258,120.513
50.6324,120.513
50.628,120.513
50.6234,120.513
50.6298,120.513
50.63,120.513
50.7052,120.513
50.6272,120.513
50.6264,120.513
50.6246,120.513
50.623,120.513
50.6238,120.513
50.6284,120.513
50.6278,120.513
50.6306,120.513
50.6286,120.513
50.6264,120.513
50.625,120.513
51.1448,120.513
50.6234,120.513
50.627,120.513
50.6522,120.513
51.1638,120.513
50.623,120.513
50.625,120.513
50.6274,120.513
51.0086,120.513
50.7088,120.513
50.6294,120.513
50.6262,120.513
50.6264,120.513
50.6284,120.513
50.6252,120.513
50.6272,120.513
50.629,120.513
50.628,120.513
50.6276,120.513
51.1016,120.513
50.6268,120.513
50.6272,120.513
50.6338,120.513
50.6582,120.513
50.628,120.513
50.629,120.513
50.6276,120.513
50.6568,120.513
50.6284,120.513
50.6268,120.513
50.6302,120.513
50.6316,120.513
50.6274,120.513
50.6228,120.513
50.631,120.513
50.6522,120.513
50.6252,120.513
50.8638,120.513
50.6306,120.513
50.8648,120.513
50.628,120.513
50.7288,120.513
51.459,120.513
50.627,120.513
50.6272,120.513
50.7686,120.513
50.6278,120.513
50.6252,120.513
50.6254,120.513
50.6252,120.513
50.9898,120.513
50.623,120.513
51.5074,120.513
50.6278,120.513
50.6262,120.513
50.6266,120.513
50.626,120.513
50.6236,120.513
50.6292,120.513
50.6306,120.513
50.6226,120.513
50.6242,120.513
51.1204,120.513
51.42,120.513
50.6236,120.513
50.6274,120.513
50.6276,120.513
50.6374,120.513
50.6334,120.513
50.6272,120.513
50.943,120.513
51.2044,120.513
50.6358,120.513
50.6296,120.513
51.052,120.513
50.6284,120.513
50.6272,120.513
50.6388,120.513
50.6232,120.513
50.6242,120.513
50.8562,120.513
50.6248,120.513
50.6226,120.513
50.6252,120.513
50.6232,120.513
50.6308,120.513
50.6252,120.513
50.6286,120.513
50.7212,120.513
50.6286,120.513
50.628,120.513
50.6234,120.513
50.6228,120.513
50.6284,120.513
50.6282,120.513
50.6284,120.513
50.6324,120.513
50.628,120.513
50.6252,120.513
50.6286,120.513
50.6268,120.513
50.695,120.513
50.7432,120.513
50.6294,120.513
50.629,120.513
50.623,120.513
50.624,120.513
50.63,120.513
50.6296,120.513
50.6246,120.513
50.9706,120.513
50.6294,120.513
50.63,120.513
50.9088,120.513
50.7906,120.513
50.7114,120.513
50.6296,120.513
50.6286,120.513
50.6302,120.513
50.6266,120.513
50.6282,120.513
50.6274,120.513
50.6232,120.513
50.863,120.513
50.7934,120.513
50.6272,120.513
50.6276,120.513
50.6232,120.513
50.6238,120.513
50.6258,120.513
50.6312,120.513
50.625,120.513
50.7188,120.513
50.6268,120.513
50.6246,120.513
50.6512,120.513
50.6332,120.513
50.6248,120.513
50.6272,120.513
50.6274,120.513
50.6304,120.513
50.6246,120.513
51.0476,120.513
50.624,120.513
50.6458,120.513
51.3842,120.513
50.623,120.513
50.6272,120.513
50.631,120.513
50.6268,120.513
50.6234,120.513
50.6246,120.513
50.625,120.513
50.6276,120.513
50.6254,120.513
50.6232,120.513
50.6282,120.513
50.6234,120.513
50.6254,120.513
50.7618,120.513
50.6272,120.513
50.6332,120.513
50.6246,120.513
50.6226,120.513
50.7628,120.513
50.628,120.513
50.626,120.513
50.625,120.513
50.63,120.513
50.7042,120.513
50.8068,120.513
50.6278,120.513
50.637,120.513
50.8104,120.513
50.6282,120.513
50.638,120.513
51.1566,120.513
50.6274,120.513
50.7182,120.513
50.6282,120.513
50.6228,120.513
50.6276,120.513
50.6282,120.513
50.6246,120.513
50.6268,120.513
50.6272,120.513
50.622,120.513
50.6498,120.513
50.7114,120.513
50.6306,120.513
50.623,120.513
51.0632,120.513
50.628,120.513
50.6278,120.513
50.628,120.513
50.6304,120.513
50.6236,120.513
50.629,120.513
50.634,120.513
50.6264,120.513
50.6308,120.513
50.944,120.513
51.2722,120.513
50.6258,120.513
51.2136,120.513
50.645,120.513
50.6246,120.513
50.6282,120.513
50.6282,120.513
50.6224,120.513
50.8554,120.513
50.6266,120.513
50.627,120.513
50.8656,120.513
50.6284,120.513
50.6234,120.513
51.1974,120.513
50.9562,120.513
50.7108,120.513
50.6282,120.513
50.6254,120.513
50.6232,120.513
50.6272,120.513
50.6234,120.513
50.6648,120.513
50.6248,120.513
50.6312,120.513
50.6252,120.513
50.6274,120.513
50.6292,120.513
50.6248,120.513
50.8234,120.513
50.6278,120.513
50.6264,120.513
50.625,120.513
50.623,120.513
50.6294,120.513
50.6272,120.513
50.6614,120.513
50.6252,120.513
50.6316,120.513
50.8228,120.513
50.6286,120.513
50.6254,120.513
50.6282,120.513
50.6272,120.513
50.6358,120.513
50.9084,120.513
50.6254,120.513
50.6252,120.513
50.6276,120.513
50.6266,120.513
50.6318,120.513
50.625,120.513
50.6352,120.513
51.601,120.513
50.6274,120.513
50.6294,120.513
50.628,120.513
50.6296,120.513
50.627,120.513
50.625,120.513
50.6256,120.513
50.6282,120.513
50.6286,120.513
50.635,120.513
50.762,120.513
50.6248,120.513
51.1064,120.513
50.6276,120.513
50.6282,120.513
50.6246,120.513
50.6246,120.513
50.6278,120.513
51.2726,120.513
50.697,120.513
50.627,120.513
50.6246,120.513
50.626,120.513
50.6278,120.513
50.6246,120.513
50.623,120.513
50.6346,120.513
50.6254,120.513
50.628,120.513
51.2504,120.513
50.6272,120.513
50.624,120.513
50.6254,120.513
50.6248,120.513
50.6226,120.513
50.6234,120.513
50.6292,120.513
50.6246,120.513
50.6338,120.513
50.6532,120.513
50.6232,120.513
50.6236,120.513
50.6268,120.513
50.6604,120.513
50.6276,120.513
50.6278,120.513
51.4538,120.513
50.8834,120.513
50.6286,120.513
50.623,120.513
50.6266,120.513
50.6298,120.513
50.6246,120.513
50.628,120.513
50.6294,120.513
50.633,120.513
50.6288,120.513
50.6318,120.513
50.628,120.513
51.0104,120.513
50.8006,120.513
50.6346,120.513
50.6374,120.513
50.6312,120.513
50.629,120.513
50.626,120.513
50.6248,120.513
50.6234,120.513
50.6252,120.513
50.821,120.513
50.628,120.513
50.628,120.513
50.6242,120.513
50.6534,120.513
50.6294,120.513
50.6274,120.513
50.6248,120.513
50.6254,120.513
50.625,120.513
50.6274,120.513
50.6232,120.513
50.6294,120.513
50.6282,120.513
50.63,120.513
50.6248,120.513
50.632,120.513
50.6282,120.513
50.6248,120.513
50.6248,120.513
50.6278,120.513
50.631,120.513
50.6276,120.513
50.6256,120.513
50.6278,120.513
50.6276,120.513
50.6266,120.513
50.6256,120.513
50.9244,120.513
50.625,120.513
50.6248,120.513
50.806,120.513
50.6292,120.513
50.6272,120.513
50.6278,120.513
50.6276,120.513
50.665,120.513
50.6286,120.513
50.6252,120.513
50.6244,120.513
50.6222,120.513
50.6282,120.513
50.6248,120.513
50.8654,120.513
50.628,120.513
50.6228,120.513
50.6246,120.513
50.6262,120.513
50.6242,120.513
50.6274,120.513
50.628,120.513
51.3248,120.513
50.6296,120.513
50.6252,120.513
50.6258,120.513
50.684,120.513
50.6268,120.513
50.6264,120.513
SD
62.834,181.766
61.1218,168.143
62.9924,185.762
63.0024,207.809
62.8428,197.611
62.189,175.222
63.8418,193.77
62.7754,200.825
62.597,172.318
63.3652,191.111
62.521,177.319
64.4398,190.266
60.9832,161.012
60.854,188.131
62.6266,186.77
62.653,174.727
63.7398,197.159
62.5194,183.8
64.812,191.833
62.0926,182.185
60.5088,177.092
63.3388,170.58
62.0078,177.152
62.9288,174.553
64.3242,189.996
62.4478,179.321
61.6506,172.449
62.555,192.669
61.17,192.061
63.5094,185.492
61.0554,175.28
63.8016,221.316
63.356,211.899
63.461,218.559
61.6166,166.005
63.3066,184.739
62.7484,192.774
63.7866,191.532
61.3186,181.201
64.3518,194.617
65.7756,188.364
62.6794,189.309
62.7842,198.861
63.4662,173.719
63.712,186.629
63.4844,180.083
66.5654,188.691
62.8576,173.47
62.2272,180.54
62.0376,179.841
65.2626,218.86
62.6404,210.073
60.688,186.451
62.9258,198.145
66.3568,192.793
67.4008,197.558
64.107,190.815
64.491,190.085
64.314,192.465
61.658,181.291
62.9052,182.516
62.7472,195.776
61.9252,176.248
63.1102,168.71
62.8842,172.337
61.188,179.277
61.0972,181.74
63.3362,187.046
64.9226,190.689
61.5996,177.995
61.3812,191.895
62.899,204.904
61.5604,188.909
60.272,165.178
63.0528,203.203
65.8428,189.927
61.9282,189.609
63.6904,189.924
61.5648,180.882
63.7214,180.755
60.1332,176.991
63.1344,164.115
60.18,148.32
60.8956,214.13
64.0108,183.815
63.3194,174.583
63.5434,182.278
63.793,177.359
61.8346,192.442
64.2554,193.54
61.9996,164.518
64.4646,172.535
62.0132,174.971
61.9406,176.908
61.3708,168.455
62.4754,198.57
62.5458,183.768
61.8136,234.3
61.8886,178.198
63.456,190.563
60.3168,179.471
63.752,196.849
61.1816,168.888
58.9554,165.052
63.5044,199.714
62.1632,182.74
63.581,197.476
64.0488,218.482
63.4592,207.31
62.721,169.747
62.892,187.959
63.2898,151.437
61.0346,167.043
64.2472,173.349
61.8234,175.204
64.3616,168.565
60.0994,151.414
60.9272,170.634
62.1594,163.056
65.5362,181.086
63.8606,186.632
65.5452,201.999
62.1734,143.77
63.7248,179.29
64.6614,210.902
62.6618,164.117
62.5824,184.96
63.063,165.267
60.7884,185.529
61.5352,183.444
62.9136,179.469
61.9858,181.911
64.4174,190.45
63.8402,182.02
62.4758,165.038
61.8648,181.909
59.6056,197.277
63.2554,150.429
62.1122,172.702
63.5414,157.148
61.0948,177.283
65.1178,202.787
64.903,182.295
62.436,173.056
64.552,185.036
63.099,180.399
59.0758,166.476
63.267,178.091
62.0002,164.233
65.9814,182.028
62.9422,188.56
63.7606,177.937
63.0596,190.191
62.4744,191.33
60.9372,181.404
62.5674,173.194
62.1318,201.777
60.9238,168.515
61.4324,171.459
63.3364,159.492
63.2394,165.92
65.1182,201.691
63.4314,187.102
63.777,173.704
61.6474,189.236
67.214,209.849
63.8522,185.818
62.2042,183.442
63.0594,181.085
63.673,191.085
61.5292,198.154
62.7416,177.964
62.9208,177.781
63.9002,191.022
64.8298,194.327
64.1886,202.786
62.2962,183.642
61.0436,179.339
63.9236,201.252
64.4588,200.948
61.5694,188.247
61.3978,184.462
64.2204,188.946
62.0732,181.68
61.8836,192.337
65.6732,166.231
63.325,211.978
61.2702,180.191
62.5222,182.779
63.9878,171.135
62.6174,170.032
64.7306,205.663
62.7602,202.265
62.5578,187.268
62.0704,181.301
62.9942,190.418
63.3514,200.366
60.9732,170.165
61.2946,173.851
62.4604,187.085
60.1916,206.722
61.3702,169.496
63.422,210.207
67.2144,198.953
63.335,182.355
62.401,195.26
63.1396,216.963
65.1858,182.214
61.4166,189.485
62.8998,195.055
61.7536,185.888
62.8546,194.132
62.434,199.734
62.786,174.72
59.564,174.801
64.2256,188.358
61.3466,187.76
62.927,172.588
61.0454,186.088
61.793,163.736
62.3346,192.751
61.8388,180.3
63.8442,187.978
62.413,170.801
61.9484,196.566
62.3812,181.446
63.1532,188.809
63.675,181.592
62.063,212.359
61.5502,175.038
59.9716,180.533
64.3588,180.334
64.3644,195.777
60.8642,194.537
61.8466,192.694
60.196,180.853
64.3356,201.479
62.107,182.31
63.6034,202.712
64.1758,178.719
63.2742,204.953
60.6082,169.67
62.3754,172.201
65.3094,188.614
61.89,180.775
64.1074,224.968
63.7908,167.068
61.7822,157.434
61.7062,172.883
63.0048,175.217
63.1818,181.002
63.3394,201.714
61.5396,196.863
63.7498,173.121
62.3838,179.819
62.2886,166.338
61.887,172.85
63.475,190.93
64.0796,161.024
61.6544,197.027
61.1746,190.032
61.6188,215.631
63.6642,182.624
62.7238,187.052
62.9676,178.143
63.2612,197.492
60.745,209.703
64.994,169.153
64.2558,215.385
63.5754,206.333
65.239,222.687
62.2674,194.306
61.5172,188.94
63.7674,176.366
62.1452,175.726
62.3358,174.648
59.6936,152.137
63.6892,205.386
61.965,175.424
59.6682,189.665
59.0738,155.01
64.2382,189.92
63.1922,190.793
62.3332,212.468
64.8498,183.661
60.723,153.028
63.3356,196.547
64.9508,182.781
60.442,182.156
64.9426,180.074
61.0856,148.678
62.9088,187.18
63.4314,206.645
62.2892,185.328
63.2092,195.515
62.311,191.521
62.6772,158.571
63.4566,209.078
64.4688,183.73
64.767,190.608
62.1286,180.501
63.0754,189.892
63.7858,181.82
61.7602,188.619
63.8268,179.405
63.5864,205.42
61.7238,189.417
60.5414,176.082
59.981,157.689
62.149,225.41
61.3194,169.029
66.9268,223.346
61.9118,169.703
63.416,195.594
61.6658,186.327
62.5198,201.689
59.5104,159.418
60.5666,192.152
63.0326,206.188
60.7984,183.372
60.9734,187.529
63.4706,177.543
63.9436,176.798
62.7154,172.033
64.5136,196.702
63.0802,187.889
65.1392,208.834
63.9992,183.186
61.0586,174.78
62.1862,189.545
59.9768,190.078
61.5304,194.077
63.5342,184.028
62.6458,183.91
63.6864,200.238
61.42,184.604
62.7784,187.685
62.4626,191.906
61.834,184.794
63.659,186.61
60.9186,186.379
64.8104,200.769
64.9476,189.233
61.5918,188.122
62.9938,175.785
63.7462,186.992
61.9898,167.387
63.532,165.365
60.6306,182.037
59.9244,174.177
60.9404,170.726
65.5418,202.145
63.1686,214.714
61.848,177.573
62.261,182.328
62.38,191.802
64.8286,186.711
63.679,179.315
64.5576,189.041
64.2918,208.96
61.3792,178.168
61.312,165.022
61.42,164.663
60.9868,196.072
62.1946,184.295
59.7216,164.315
66.089,183.981
63.4094,174.101
63.713,188.615
62.9942,168.407
63.216,173.532
61.9418,204.141
64.2664,203.524
61.1728,168.311
59.1126,170.26
60.3468,155.329
60.6738,168.112
62.258,182.641
63.2302,207.53
64.1566,189.43
62.534,164.21
65.89,190.11
62.1002,168.679
62.2336,173.227
61.6804,176.408
63.5096,192.774
65.5236,201.51
61.9424,159.567
60.6436,174.669
61.5126,183.22
64.4078,224.928
59.6196,175.735
63.1766,209.976
58.945,175.26
66.2334,207.414
63.0708,201.532
62.1498,186.998
63.1896,181.17
63.4962,197.906
65.5484,187.909
66.4466,191.71
62.6522,176.373
61.5122,173.448
62.08,166.114
65.274,165.201
59.9736,169.521
62.7852,190.216
63.2336,185.048
62.8148,188.762
62.544,186.978
62.9632,188.422
61.4512,186.002
59.336,189.017
63.0288,163.392
61.986,235.25
63.5594,199.784
61.4492,165.506
64.72,187.033
62.1446,159.969
64.4196,214.157
64.5206,197.489
62.6356,162.703
61.7456,193.352
63.4002,173.885
61.1828,204.762
60.8718,172.064
63.2954,177.493
63.3622,215.925
62.7362,183.292
64.139,186.045
63.6742,199.417
63.923,181.482
60.9766,168.09
61.6084,166.94
65.6364,187.921
64.3746,210.468
61.4782,173.707
60.3778,163.096
61.3794,161.449
61.3702,169.636
64.181,194.102
61.029,179.071
62.904,181.241
62.7956,182.88
63.3774,187.283
63.6612,199.546
64.4722,207.87
61.276,183.461
63.9794,185.09
64.154,201.532
62.288,176.328
61.348,196.365
62.0382,177.189
62.2598,179.375
62.066,175.095
63.6856,182.7
62.0588,211.717
59.43,161.826
61.414,200.501
63.7956,178.786
63.1458,208.357
62.3034,175.248
59.0014,176.194
59.905,157.253
61.779,180.756
61.2092,156.09
63.286,196.985
62.814,177.206
63.6762,191.897
63.6814,196.182
62.523,182.033
65.3932,196.581
62.2318,186.583
61.539,183.346
61.8182,187.578
64.6894,188.434
63.182,173.021
62.7286,187.559
60.5636,184.73
63.4282,189.44
60.9562,215.27
61.2104,202.494
63.7216,166.424
62.8168,189.753
61.507,182.469
62.0402,169.111
63.0152,200.835
60.7928,154.503
63.2824,193.916
66.9452,214.06
61.6064,196.605
61.6276,179.377
60.2374,170.749
63.1902,181.478
62.6992,200.787
60.1568,173.58
60.0522,157.712
61.8236,165.806
63.8632,194.998
62.4624,180.273
66.1856,183.213
62.4936,182.86
61.494,178.552
63.156,191.939
61.3732,188.303
63.9004,165.155
64.5692,194.244
64.421,209.216
63.6238,199.574
63.9592,202.481
63.3296,171.56
62.6148,176.13
62.413,172.423
62.4372,187.062
62.0204,179.86
62.0134,175.447
63.0286,214.651
60.6354,182.374
62.3516,152.648
62.2336,187.37
63.3542,181.492
63.8436,195.556
60.036,195.063
62.2946,198.065
62.3768,192.883
62.0768,194.184
62.9116,196.883
62.711,207.926
63.6808,205.326
62.6824,177.606
62.0454,159.819
62.5252,197.181
67.359,180.113
64.3098,182.875
63.429,204.406
62.603,190.152
63.7318,176.816
64.8502,196.595
60.849,187.265
64.1994,199.267
61.7874,186.981
62.5542,186.778
62.4274,169.846
61.6332,188.33
62.5402,188.865
64.8294,177.644
64.2802,199.681
64.6534,197.623
61.548,166.288
65.1204,192.978
62.6174,173.86
64.9044,208.029
60.8338,199.981
64.7632,191.296
63.1038,189.698
64.1718,198.458
60.5218,180.613
63.2794,202.436
62.6354,205.219
61.4296,202.946
61.0148,174.5
61.6002,173.506
63.404,174.719
62.9158,172.083
59.391,162.674
62.2658,211.606
60.9144,181.199
62.4056,180.394
64.229,176.118
63.3142,160.708
62.1436,186.897
61.1468,176.99
62.6772,189.72
62.6356,189.927
63.051,189.639
60.8512,186.877
63.4088,176.688
62.6118,195.66
61.805,164.992
62.2158,173.679
64.1382,176.039
62.8504,172.05
64.0584,179.83
62.6088,192.87
63.069,177.847
60.6174,165.82
62.5728,200.611
64.1984,164.439
64.7854,170.804
61.0496,164.694
63.442,199.005
63.5446,207.03
65.669,213.373
63.9596,185.602
61.2354,200.777
61.3242,203.184
62.8646,201.429
63.2574,157.757
63.4336,209.924
64.3378,176.535
61.7484,169.435
62.4086,177.149
62.8154,209.413
64.3488,211.85
61.0492,191.745
64.4118,184.12
61.9134,185.845
59.8,149.938
61.894,185.444
61.9784,191.889
63.2606,190.108
62.971,168.871
61.4932,164.618
65.3066,193.047
63.4198,172.393
62.7704,164.93
63.3916,167.638
61.4866,170.551
64.7954,185.433
61.433,181.429
61.1146,182.918
65.4204,170.058
63.0578,185.643
60.9446,171.094
61.9992,175.92
62.5696,162.986
59.9912,176.95
60.4402,155.142
62.3638,183.256
64.9718,224.122
63.2786,194.455
63.3354,197.935
61.9542,200.873
63.4174,189.573
61.828,176.704
63.1484,175.319
63.5378,168.378
64.5954,179.731
64.5098,208.305
62.075,201.807
61.744,175.085
62.39,185.725
61.0542,176.72
62.8782,169.365
62.2116,189.077
64.5468,181.399
61.9804,168.235
60.9344,174.497
63.9286,165.704
62.1562,190.71
62.7436,190.62
63.8462,176.49
63.9034,189.609
61.8154,182.462
64.2442,194.063
65.1372,186.954
61.6986,179.25
62.0872,199.329
64.2562,218.365
64.6784,218.355
63.443,183.852
62.7284,184.103
62.1256,212.839
63.3106,176.432
62.1554,166.893
62.0192,182.763
63.443,191.128
62.1062,196.677
60.6896,168.933
63.556,193.974
63.263,173.473
61.2356,170.446
63.0316,168.157
62.6784,177.44
62.3072,180.809
60.33,153.013
62.3434,176.599
63.632,189.651
60.8898,163.153
60.6328,189.234
63.2092,192.194
65.7336,185.728
65.047,191.391
61.8274,176.08
63.3316,199.549
61.788,188.196
61.7304,190.302
60.7652,163.567
60.3674,145.279
61.6806,197.724
63.2598,198.691
61.6556,167.48
62.1644,183.287
61.6164,175.753
60.257,171.918
64.86,183.579
63.532,180.776
62.8724,155.946
62.993,166.62
63.5226,164.127
63.3816,168.14
61.963,185.262
63.7114,195.158
64.6778,194.964
63.2404,179.981
63.6076,168.216
63.8414,184.957
64.228,177.57
65.6608,203.092
61.7014,182.985
63.8374,205.59
61.0668,180.782
65.0494,189.335
63.3212,182.976
62.294,199.816
64.547,190.596
64.0882,193.4
61.795,182.496
62.9732,209.768
62.7508,195.117
61.1862,177.247
62.217,189.263
62.6156,196.723
60.545,168.635
62.1648,191.553
60.7112,156.057
64.277,175.179
61.3492,176.339
64.0418,182.459
66.9194,184.559
63.8704,197.005
63.584,201.668
65.5866,179.254
62.0964,165.82
64.2288,203.101
61.5868,162.972
63.9318,188.408
62.0646,162.899
65.7238,188.637
64.1948,170.721
62.0964,169.267
62.3062,170
63.3528,205.107
61.5896,203.325
62.563,172.352
62.5094,160.594
60.2058,183.222
63.9224,182.106
61.609,191.228
63.4702,198.684
62.1642,188.826
61.866,168.913
61.0502,193.245
63.0916,189.051
63.3428,178.084
63.1662,173.004
62.521,183.712
60.8462,169.044
62.6404,190.189
62.9454,195.068
60.1738,161.493
62.6086,178.7
64.165,182.275
61.7562,162.913
63.2556,188.166
61.6284,159.993
60.9244,173.868
61.689,183.16
61.1536,180.696
62.4744,185.664
61.2938,159.699
65.5836,219.465
64.3486,194.767
62.2088,200.714
63.7964,178.485
64.5952,202.683
63.6794,161.94
64.1052,190.336
65.2594,209.857
62.7466,193.148
62.831,190.47
60.5216,175.116
63.2232,203.264
63.0892,200.917
63.1592,197.845
64.276,214.623
62.6508,189.548
62.5002,172.335
65.4398,211.054
62.7658,168.082
60.8258,178.345
60.138,176.633
60.9168,175.623
62.0662,188.486
64.741,208.712
64.146,203.147
64.5702,197.622
65.5856,180.511
62.213,181.527
61.5778,181.453
62.7374,185.593
65.1574,214.582
61.1904,168.672
62.6208,178.246
62.2864,187.372
62.525,178.794
63.5484,204.781
62.9954,206.402
63.1464,210.956
67.9696,175.141
64.011,184.972
59.5908,169.007
62.5228,171.215
62.6832,173.738
64.1706,176.285
62.9764,205.207
62.8712,187.022
63.2904,185.947
61.3056,170.167
65.97,189.905
63.093,189.183
61.162,175.084
65.6354,211.355
60.8124,196.331
61.8796,202.925
62.5664,210.336
62.8892,201.912
62.0388,176.496
62.2626,190.364
60.8852,181.966
62.8894,199.555
61.0368,162.861
60.607,193.771
61.2208,190.034
59.5576,165.749
61.843,185.248
63.7466,174.486
64.0864,189.954
61.9664,177.666
60.6572,181.483
64.124,197.647
61.9134,200.005
62.2664,185.953
63.5868,194.068
64.7012,189.925
62.0626,191.206
64.5762,185.931
63.0388,187.69
66.3716,185.45
63.2866,175.729
61.3538,173.978
61.1592,171.78
63.6964,171.559
60.7736,166.084
61.3206,161.582
63.5884,199.61
63.1712,195.135
60.7218,179.673
62.8522,170.239
62.3194,161.893
62.6608,186.326
60.5324,170.698
63.1874,194.8
64.5158,190.88
64.7318,185.064
60.8816,179.857
63.7448,199.972
63.71,189.205
59.9496,176.067
60.6616,173.726
60.2034,179.991
60.647,211.932
60.3332,171.667
61.361,166.274
62.9466,209.195
62.9198,188.322
65.6256,182.451
62.5578,199.076
64.2528,194.583
66.2238,203.615
60.2458,198.284
60.2658,176.16
65.0114,192.565
62.7038,176.329
62.5382,202.759
63.1026,212.741
62.5016,180.801
62.9772,187.245
65.4236,190.728
63.5436,183.654
64.5148,198.33
62.3172,172.426
63.0006,179.625
60.384,166.867
62.0124,196.501
61.1908,175.702
59.9568,158.171
64.7118,196.162
60.6648,201.541
63.8558,191.964
64.768,201.046
62.4274,196.915
61.1088,192.197
62.117,204.115
63.88,196.573
62.8062,196.792
65.0578,222.116
60.8316,182.741
64.7408,197.363
59.8552,184.27
63.7512,160.467
61.154,168.941
61.3222,173.689
63.045,187.441
61.605,202.992
63.8684,189.535
60.3798,180.666
61.066,180.369
62.8434,179.182
62.6254,156.221
63.0246,192.951
64.103,192.755
60.1562,164.716
64.1692,176.042
64.685,180.405
62.0596,199.559
59.7266,172.833
63.2752,229.111
63.6414,186.688
64.044,174.3
61.0242,178.034
59.7894,174.194
60.9346,173.479
63.3188,172.453
64.0502,173.59
63.8444,174.377
62.2774,186.132
63.2468,205.819
62.1628,203.295
63.5822,194.148
65.2994,203.435
61.9388,189.1
64.5088,183.177
63.6066,179.471
61.111,193.35
60.8348,184.08
62.2426,179.979
61.1038,186.582
62.6564,174.516
61.475,152.03
62.9466,205.12
64.0812,202.715
60.7444,191.818
64.3194,198.489
63.172,183.847
63.5306,196.451
64.4588,182.906
63.4798,207.506
62.5618,196.089
62.0584,194.918
62.633,190.59
62.069,173.551
62.9142,161.648
61.9116,177.287
61.544,185.324
58.2198,175.733
62.309,204.531
61.9188,176.353
64.5626,203.698
65.5014,182.149
62.9906,177.993
60.8928,175.819
64.6388,194.917
63.4126,175.408
66.0662,182.729
62.4782,156.458
62.2982,186.948
63.796,182.621
67.074,209.036
62.371,186.551
60.8128,176.201
64.4686,196.99
62.4298,172.757
63.3736,181.946
60.3632,176.236
62.1968,196.623
62.3624,171.713
63.2676,179.872
63.6878,197.551
65.8826,214.724
62.432,169.104
62.9522,177.199
62.0818,178.267
61.7564,171.782
60.619,190.077
63.6622,185.069
64.3028,198.377
62.9308,209.35
61.4186,185.133
61.733,176.42
WO
52.6948,325.603
55.8886,335.489
52.8998,328.035
53.1012,319.291
53.6344,316.766
53.9464,326.815
52.9134,336.973
52.8788,329.858
55.8154,326.109
55.158,322.484
50.7402,301.697
52.7696,317.452
57.116,325.217
52.6758,315.188
51.6422,325.252
54.77,334.415
54.5898,320.47
53.0052,319.202
53.7582,317.369
54.4136,330.982
51.4128,325.995
53.5326,322.6
56.3484,332.461
53.1734,330.611
56.3384,327.172
51.6824,326.317
53.0262,322.492
54.8592,314.251
57.9592,318.181
54.1836,317.568
52.497,320.412
56.9696,332.021
54.945,306.422
56.9944,320.674
55.8154,323.487
53.5116,320.295
52.9384,326.92
53.4966,339.192
55.5982,344.732
52.0118,322.088
53.9094,316.278
53.5576,316.13
58.0448,321.227
57.6154,328.715
53.9496,326.799
53.168,325.683
51.0274,334.122
53.2062,341.2
54.3248,324.844
51.7058,319.295
50.7654,316.843
57.7372,313.745
57.1596,327.599
53.8626,326.497
53.4818,328.52
53.1202,322.278
54.4518,328.251
53.8496,327.465
55.1254,313.963
52.1126,310.119
53.4056,308.013
53.0406,318.921
56.9616,327.947
55.8204,308.787
53.7508,319.996
53.6778,334.695
52.8346,329.07
54.055,330.591
52.7354,319.391
53.3968,312.696
54.5704,320.956
53.7466,335.058
53.5568,333.073
52.2974,328.135
51.9614,328.903
54.0542,335.2
54.1584,316.137
57.8092,336.381
54.5432,327.385
55.2258,351.179
53.8636,334.472
55.9532,338.018
52.8924,324.413
55.0574,336.76
56.998,336.82
51.0514,314.44
55.1858,316.134
51.574,314.227
53.0874,315.459
54.0254,314.159
51.6588,318.85
52.3596,314.158
53.7664,325.882
52.508,318.587
54.1504,316.765
54.7462,339.955
53.059,325.636
51.9828,335.22
52.9682,319.969
56.9874,340.848
52.725,332.506
56.0622,343.366
51.3188,309.323
52.923,319.327
55.726,324.898
53.0404,324.81
53.532,328.926
55.7106,331.041
55.0746,321.351
52.068,310.481
53.5392,314.753
52.8964,322.545
56.635,320.727
55.0098,311.951
52.1384,323.617
54.6666,314.447
54.376,306.387
53.105,315.489
51.6344,312.083
55.8532,320.523
54.6184,309.945
55.4362,330.421
54.1478,327.416
54.7622,318.201
54.0608,324.995
54.0686,313.304
53.3664,312.416
54.9558,319.814
52.4124,333.671
51.3992,329.353
53.9888,331.429
52.2728,322.963
50.9626,310.84
53.689,318.866
54.2712,309.157
52.512,318.717
51.0116,321.251
52.6902,319.201
52.4746,314.229
52.4854,321.451
54.757,328.843
53.0898,314.776
51.277,335.037
56.5536,310.814
53.8458,340.476
53.2776,312.484
59.0452,320.268
52.7348,319.615
55.2414,321.445
51.8922,317.354
53.3418,325.811
55.351,331.337
53.6298,314.887
52.0764,316.814
55.3626,329.209
52.5382,320.954
53.9376,322.923
55.5048,331.254
55.569,309.122
53.3048,339.075
54.0854,317.582
55.4788,304.44
54.4292,318.413
54.1806,322.919
56.0442,343.406
53.562,328.125
51.044,317.906
55.3548,319.424
53.681,331.266
52.5796,319.733
51.6412,302.613
51.6654,329.112
54.2316,335.304
53.2122,329.299
55.8196,325.922
54.9224,333.081
51.7474,326.109
53.7388,324.63
52.5612,325.293
55.444,309.64
52.0598,319.158
53.5272,302.793
50.5052,311.097
53.7744,302.988
53.3548,319.525
55.2102,336.123
52.9738,318.738
51.8638,315.714
55.2952,330.967
52.0204,331.29
53.6842,327.608
53.864,322.215
51.7708,317.974
54.0572,311.42
53.2744,319.104
55.1042,315.127
54.1994,323.28
54.6732,323.597
51.5294,333.272
55.5176,329.082
53.5614,322.965
53.0342,317.331
53.0404,318.21
55.3524,327.169
53.6544,316.403
55.9444,335.082
54.8364,329.014
57.5092,308.065
51.8454,310.035
55.9016,333.841
53.1906,313.985
54.4908,314.119
55.4002,317.146
54.0074,331.772
53.0582,324.255
54.0366,319.899
54.6476,306.599
53.9354,334.708
53.312,322.122
52.55,325.113
52.0878,317.544
54.5276,321.595
53.1504,317.597
56.6142,327.046
52.5258,328.784
53.383,324.671
55.116,303.027
56.958,338.147
54.1896,313.488
56.1242,326.188
54.0448,320.789
55.0548,315.008
54.4496,319.698
53.1138,315.353
52.6982,324.948
53.862,309.318
53.8918,317.745
54.4038,333.652
52.4992,322.746
52.8044,309.468
54.6408,315.56
53.6036,324.133
56.8082,345.049
52.0084,327.939
52.619,325.24
53.2334,327.328
53.3786,311.843
56.4232,309.631
56.5578,329.255
53.5862,321.303
54.4018,329.531
56.3184,317.679
55.6344,330.664
52.5638,329.105
50.9256,328.714
52.2988,327.859
51.848,305.719
54.6624,326.968
54.7524,330.269
55.3842,329.297
51.9202,335.618
55.2976,311.761
53.2182,342.598
55.255,313.368
52.6168,306.348
56.0308,324.439
53.316,307.976
53.738,328.714
52.6034,324.072
54.344,318.815
54.768,321.523
51.7246,317.699
51.6602,307.911
56.5942,325.336
54.2744,310.723
57.7056,327.143
52.493,322.177
54.5756,334.357
54.7132,322.741
55.6974,337.136
52.523,314.12
54.2938,308.126
53.5906,323.817
52.495,315.22
55.4072,332.001
53.4804,336.891
54.3254,340.981
54.35,326.168
53.7556,321.131
55.992,321.161
53.8086,327.067
54.8156,323.009
53.4882,320.051
54.1732,323.633
56.8718,308.522
52.407,307.022
52.9746,331.328
54.1538,322.347
53.872,333.071
52.067,321.95
53.955,327.09
53.7212,327.836
51.9232,320.009
54.652,325.831
52.6922,325.941
51.4598,302.632
53.0886,312.547
55.391,326.685
54.0696,324.607
52.2896,318.861
53.8956,333.537
54.8378,325.95
56.8338,314.54
52.8682,323.671
53.5378,313.325
53.4826,324.552
54.7668,331.576
57.3524,308.991
55.0952,325.276
51.7232,319.633
54.9166,316.051
54.5654,334.033
52.1844,325.165
54.949,333.32
54.4928,315.969
52.6832,323.61
50.5146,313.054
54.7818,330.01
53.2996,323.501
52.334,326.035
53.164,310.745
51.475,339.112
52.9234,311.119
53.2302,341.004
55.1472,319.963
53.6606,327.795
55.5182,322.459
52.9308,297.524
50.9294,331.097
52.6418,308.871
54.4184,326.374
54.1098,303.111
54.2306,329.555
52.5244,327.322
52.9542,325.948
52.4556,321.012
53.076,316.968
52.0092,314.49
55.07,299.911
53.1884,324.524
56.819,319.326
52.6248,323.264
52.5054,323.717
53.515,329.447
54.8244,320.129
52.983,310.669
54.2104,311.201
55.193,326.982
53.3282,331.802
53.5562,314.448
53.1246,320.836
54.4096,317.367
53.273,321.133
53.1016,325.744
55.042,329.376
52.9136,322.455
52.9148,320.659
51.872,319.943
53.419,321.764
57.1354,328.935
53.4184,311.187
52.5136,316.123
52.8652,333.187
55.57,321.775
54.4628,325.822
54.692,317.121
54.6536,326.996
54.535,327.497
55.1256,331.363
51.91,313.531
54.1592,331.541
57.8314,317.327
52.7314,312.538
53.3436,320.195
59.4304,339.653
52.6674,316.591
54.7298,337.602
52.9734,330.234
52.9024,310.169
53.681,328.863
54.2624,327.587
52.1394,336.307
52.8446,320.921
53.4168,309.639
52.7012,314.307
52.6066,325.045
52.9754,330.169
58.0218,329.819
52.2346,330.571
52.5892,310.703
56.8776,330.805
53.4434,338.452
54.3156,337.655
53.7306,316.087
54.0874,311.236
52.4616,330.537
56.451,326.691
53.4454,327.118
54.0454,315.517
52.9412,322.389
55.6068,327.667
54.5922,328.698
53.1236,301.889
55.5398,324.445
54.9692,315.122
54.0476,317.448
54.6254,322.239
54.998,337.548
54.614,320.689
56.276,312.294
53.141,322.624
54.3592,324.613
51.6752,322.378
52.1868,335.981
51.4732,324.938
54.6642,335.861
55.779,318.773
53.347,317.679
53.0788,320.947
51.6624,317.476
56.0618,317.098
55.3714,317.068
53.1318,323.734
52.8362,319.769
53.9644,326.563
53.8804,328.818
52.5224,318.861
51.903,303.254
53.1858,320.341
53.269,322.088
53.7738,317.886
53.7626,328.595
51.2146,309.045
52.368,313.14
53.8624,321.362
52.527,319.103
55.1792,334.218
54.7678,319.965
54.7596,326.093
53.0564,321.443
56.3996,330.515
54.346,320.336
53.9902,317.327
53.1358,320.981
52.8988,323.324
53.8284,334.197
51.5928,299.364
54.5354,335.026
54.0436,321.062
52.6954,304.618
54.2194,330.808
50.8662,310.083
53.7846,319.555
54.025,355.81
55.6248,322.392
55.008,330.707
54.4794,319.982
55.5946,326.443
55.6938,315.293
52.9508,325.04
57.345,324.81
56.5398,322.928
52.8616,300.725
54.8642,323.57
57.6518,328.812
55.3916,327.717
53.2078,324.684
52.2802,306.879
57.5604,330.81
57.1382,327.284
54.0446,329.885
51.7578,322.4
52.6844,331.724
52.5772,323.756
54.8242,332.692
56.4538,330.681
53.3698,313.916
51.8464,319.143
52.6594,317.813
55.0988,337.122
51.5968,315.065
52.5616,320.184
54.3122,324.071
56.6008,327.056
52.7478,309.988
51.235,325.99
55.9274,333.179
56.797,328.958
53.7534,312.758
53.0458,318.921
54.3364,314.102
52.3922,321.965
53.417,319.355
53.878,310.424
54.062,323.888
54.2814,328.195
56.4206,311.718
51.5698,317.421
55.3982,330.494
56.7066,329.273
53.4374,319.551
56.4434,313.994
52.5262,329.958
52.9616,315.128
53.2258,324.874
55.136,339.889
55.7416,326.792
56.9072,314.661
51.7378,310.469
52.686,320.43
53.2218,329.958
57.0746,324.422
53.1526,329.337
53.9672,322.505
51.2166,332.669
52.7146,313.388
55.3802,320.59
55.6062,337.2
52.9142,324.978
55.1666,332.899
52.2476,316.717
50.7184,326.852
54.1958,310.569
52.8078,310.785
54.9618,330.196
52.8608,329.991
55.7192,316.19
51.9078,318.175
55.2098,322.574
56.8322,334.633
52.4562,310.248
52.5304,319.895
52.5678,325.115
51.582,340.923
52.5784,308.747
54.0898,315.272
52.0272,309.409
55.6116,339.002
53.937,322.092
54.9322,328.011
53.0898,329.314
55.1688,313.884
54.173,322.272
54.7854,321.315
52.8078,318.808
51.2614,304.171
52.791,314.259
54.6576,322.161
55.248,315.123
55.1338,330.16
51.6956,303.186
52.5518,322.927
53.65,328.784
52.1378,326.262
54.5586,317.959
54.5746,334.743
54.0102,334.725
52.6042,319.797
55.3538,322.202
52.9048,326.42
53.8268,315.911
52.0186,315.194
53.8882,321.173
55.3252,322.035
56.7986,344.992
51.5078,320.515
52.5386,320.18
51.406,303.301
50.1622,313.565
55.5288,329.768
57.0126,357.865
53.719,325.77
53.0392,326.904
51.9358,321.87
57.2732,333.434
53.346,321.87
53.572,315.901
55.9422,324.124
53.492,325.566
56.1348,342.272
53.431,331.023
54.814,309.556
53.4922,330.527
52.5118,327.442
52.9602,322.415
52.4124,322.412
55.9934,336.238
54.8422,322.365
51.7372,317.604
54.418,327.76
54.2788,322.683
58.4652,309.41
53.4874,323.805
53.7656,327.724
54.6202,326.624
50.773,329.227
53.5344,320.687
55.624,316.669
50.5666,310.214
51.9186,302.842
55.0638,321.691
52.103,312.569
55.4744,327.754
52.8066,311.113
52.5234,324.202
55.2956,331.74
50.9298,312.906
55.4928,311.829
50.8354,316.46
52.876,325.041
55.0446,317.938
52.181,328.963
55.0738,336.591
52.6016,333.961
53.516,319.057
51.9846,318.418
54.6232,321.205
53.4908,332.309
56.7266,321.133
53.7404,320.114
53.4556,306.546
53.3568,302.56
52.0538,315.603
54.81,326.919
56.1866,322.73
56.9872,329.12
53.6908,331.162
53.9702,311.354
53.4424,316.894
52.7672,311.504
52.8294,311.915
55.8948,336.535
54.0874,331.375
54.661,331.963
52.496,316.484
57.7418,330.871
55.494,316.972
55.5346,305.768
54.6612,311.389
52.5702,325.655
55.6836,333.088
53.7644,314.016
51.0668,307.708
52.981,315.107
54.8012,329.872
53.1,333.055
57.96,329.969
55.2224,315.249
54.2288,326.289
56.2972,319.296
55.4102,336.07
53.0326,316.457
54.8112,320.199
57.8122,319.261
53.9926,306.204
54.455,325.025
55.1328,315.416
54.9176,316.189
53.5806,307.866
54.5272,329.137
53.5022,308.113
54.1436,321.358
54.3054,327.388
54.3684,322.735
54.2494,332.648
53.2872,324.319
54.7572,330.469
54.0788,318.787
52.8182,320.564
53.7472,309.155
54.4432,323.05
53.876,318.444
52.2852,309.974
51.951,316.978
52.1692,323.358
53.8668,334.541
53.7946,318.476
53.5766,318.654
53.0218,318.12
55.5752,309.726
50.9188,312.425
54.4434,315.512
60.3808,335.549
56.8448,324.375
52.206,314.9
53.4466,334.71
52.5828,315.585
53.8566,322.622
52.6334,323.234
51.2742,314.973
54.1214,323.997
54.1412,312.32
53.157,320.829
53.5352,317.172
54.0118,307.244
54.6866,334.644
54.1266,323.562
52.2276,322.785
55.5798,326.386
54.2882,327.249
54.7986,312.084
52.7122,317.666
55.4208,353.43
52.5278,324.14
53.5368,310.279
54.0356,314.053
53.2036,323.769
54.9404,341.511
52.9296,319.492
54.1032,330.587
55.0654,320.795
52.7712,319.488
54.9608,295.409
53.1444,323.268
56.8402,342.84
54.6422,309.557
53.3636,319.185
53.379,321.702
53.1492,330.196
50.6952,333.511
52.131,327.296
54.9272,323.084
53.827,334.478
54.4968,319.586
52.4268,328.966
50.7478,322.554
53.8862,331.734
53.4764,332.01
55.1006,321.937
56.781,329.222
52.9286,314.349
56.1386,321.665
55.3752,317.797
54.0134,304.576
53.3936,338.127
55.5566,314.73
53.1332,322.628
54.3944,326.44
55.8878,319.307
53.1784,320.006
55.1676,321.09
54.0518,320.887
54.1014,339.263
53.7046,318.956
53.6364,332.02
54.9112,321.079
51.883,323.982
54.5606,327.772
52.2078,312.467
54.161,317.332
53.6406,321.237
53.1754,321.596
54.774,345.345
53.6836,320.356
53.198,311.86
52.3416,341.399
53.8862,320.876
54.9254,339.138
52.5886,324.488
53.2586,317.657
52.689,317.354
53.1898,325.022
52.5394,325.467
52.538,315.788
53.3056,316.955
54.8206,319.532
53.4014,331.338
53.402,323.224
55.129,353.081
56.1458,313.143
54.9462,328.956
52.27,310.342
56.2144,314.71
55.2676,322.732
54.2538,330.921
53.8988,335.506
56.188,307.001
51.476,309.893
53.108,327.008
58.322,323.409
53.3976,309.698
53.9482,317.138
56.7986,331.65
54.834,325.484
55.7006,334.39
51.8712,309.912
54.885,323.322
54.1508,320.254
54.4856,319.636
54.9824,317.151
51.2438,300.804
53.1378,315.283
53.873,335.245
54.7098,327.304
54.5762,317.88
56.1106,329.47
55.1272,330.397
53.8548,314.478
55.389,336.54
54.3222,346.626
53.4712,302.387
54.6898,326.828
51.4036,309.889
52.1814,323.136
55.3138,330.349
54.2964,330.875
53.9806,333.379
51.4444,304.015
53.8496,336.787
53.4316,312.294
52.9078,313.425
52.8462,331.062
53.9656,331.094
52.5146,318.915
52.3726,317.837
55.0138,332.441
51.3302,320.453
53.6176,322.375
53.309,339.282
56.694,336.197
56.6274,335.148
54.9624,310.448
54.7286,331.572
53.1896,333.376
53.5274,314.541
54.5606,325.818
53.1064,307.584
53.6218,318.976
54.0308,301.933
53.8892,326.344
50.9012,311.312
55.964,321.19
53.9658,348.062
53.3154,325.063
52.177,326.069
54.9148,326.849
53.6504,302.376
52.1404,308.379
53.8288,327.733
52.0152,325.605
56.7232,327.52
55.2752,332.987
54.1632,334.298
55.4636,323.694
54.9028,318.114
52.8598,317.018
53.3748,339.369
52.565,326.974
54.9336,320.892
54.2584,319.174
52.0496,311.315
53.6368,313.249
52.9326,319.481
54.9056,315.433
53.8328,336.161
54.6734,315.052
54.1158,322.298
53.2804,313.113
58.7314,320.008
54.0094,316.862
53.2198,324.361
54.5716,313.57
52.4744,343.756
53.3954,313.106
55.3082,327.897
55.5218,312.915
54.802,301.257
57.6094,324.024
55.5876,321.007
53.2608,316.009
53.71,303.931
55.0478,315.709
52.7272,314.87
55.4504,315.743
52.2294,326.01
55.7118,329.406
52.1126,335.466
53.804,308.005
54.8668,312.62
56.8484,330.877
51.363,324.1
54.8216,314.207
55.5566,333.635
52.3984,313.427
55.483,313.856
54.38,321.825
53.4972,318.869
54.7758,316.95
52.4276,312.988
53.719,320.303
56.02,310.623
52.204,312.884
53.9894,332.485
56.5932,332.501
54.542,315.683
55.3892,314.796
53.6656,308.236
53.1914,328.251
54.6244,321.503
53.372,329.243
54.9916,343.154
56.0596,326.52
52.5404,331.732
51.7078,328.349
57.0516,322.256
54.9368,327.404
54.1704,320.916
51.0642,315.192
56.8334,320.018
52.2492,309.215
53.3732,310.417
52.3668,329.438
54.0458,301.227
54.7104,333.532
54.7664,327.1
53.7716,318.786
54.2874,313.07
56.5014,317.159
55.4548,306.315
54.4954,317.737
54.3828,329.45
53.9728,319.377
57.1304,322.401
51.0922,304.585
51.8152,296.295
52.6284,321.474
52.2624,319.527
53.7398,327.243
54.2568,309.502
53.4166,326.559
57.5592,322.993
55.9058,335.107
52.854,314.207
53.0112,323.612
52.4888,332.047
52.5242,324.198
53.1028,336.716
54.8974,322.066
52.1686,324.264
54.4882,322.263
50.3718,322.059
55.1436,318.328
53.8624,327.468
55.102,320.039
52.5744,322.722
52.6618,318.728
54.6166,329.816
51.037,308.469
56.878,323.03
57.0896,318.462
55.233,326.838
52.3978,328.417
54.1042,347.849
53.2388,311.889
56.4508,325.861
53.1728,316.167
52.8758,323.107
55.1768,320.327
52.4248,327.45
53.4774,310.038
53.2104,320.934
54.593,328.913
54.587,324.617
52.9856,320.469
55.0332,320.619
53.1182,307.289
53.0722,312.211
53.8226,338.082
52.8466,325.194
53.7682,326.375
54.3772,328.712
56.0558,321.134
54.5508,331.212
54.7094,306.61
51.8194,324.128
55.6892,306.012
55.2046,330.621
53.6844,326.661
55.6942,330.559
52.719,336.561
53.936,324.324
52.5012,327.507
52.7768,313.673
54.5004,335.16
55.705,322.65
53.5348,336.016
53.606,310.539
53.8286,321.497
52.9066,329.243
57.4662,317.922
OPT
42.4708,80.9766
42.0476,81.2669
42.2594,83.153
41.8912,79.4282
42.8066,83.1342
42.3674,85.6879
42.1444,80.9498
42.8114,83.7405
42.0082,78.238
42.2946,81.3984
42.4782,80.4254
42.18,80.7654
42.6194,83.4189
42.2264,79.2371
42.2638,85.0174
42.5292,81.4905
42.0584,78.9463
41.9894,82.3214
42.3854,78.9671
41.9386,84.0576
42.7636,85.7597
41.9638,81.8661
42.0446,79.9741
42.0522,76.654
42.437,80.7701
43.0006,85.4789
42.722,90.9121
42.3234,83.2904
42.0856,84.894
42.0444,83.3953
42.8572,79.033
42.7096,88.0703
42.3564,89.9646
42.7496,84.3775
43.0032,87.0923
42.511,83.1594
42.4266,84.4467
42.2988,84.0159
42.6,82.2672
42.1424,80.3711
42.395,82.6884
42.04,81.791
42.3414,91.6644
42.3132,81.9457
42.2052,87.1494
42.3776,83.6992
41.8494,89.4878
42.4562,80.8059
42.748,84.0439
41.9762,79.9122
41.8692,81.7692
42.417,80.9888
41.8558,78.4591
42.4088,83.5841
42.4804,81.127
42.3082,82.3519
42.091,84.9836
42.3242,87.0383
42.1016,79.3809
41.8218,80.4199
42.3352,83.8835
42.3728,82.3888
42.8306,81.258
41.9184,82.0501
42.549,79.5897
42.223,85.4379
42.8682,84.1513
42.3704,80.4745
42.1784,79.1408
41.9764,81.2534
42.6324,81.1914
43.1866,83.2393
42.919,85.0805
41.5818,82.9248
43.2896,87.2135
42.2138,81.3363
42.7162,89.2536
42.9074,83.5145
42.9008,88.0044
42.7016,87.6285
42.7036,82.4274
43.3136,82.009
42.7638,85.1342
42.2774,76.2598
42.0348,79.835
43.1006,91.4831
42.3818,82.5875
42.596,88.7276
42.8342,85.7612
42.5822,79.4334
41.7488,80.7197
43.016,85.1106
42.0084,87.5147
42.2676,79.1905
42.515,91.0242
42.3192,85.5143
42.2372,80.7866
43.817,90.0244
41.698,81.3415
42.0104,78.767
42.2162,83.4995
42.1672,80.5062
42.5594,88.2997
42.448,83.5004
41.8886,81.5473
42.359,83.1716
42.6028,87.5341
43.16,82.0462
42.245,79.8058
41.7804,80.5803
42.2658,81.0068
42.317,86.6244
41.934,83.0849
42.529,84.1285
42.1914,81.7044
42.1542,85.3756
41.8328,80.0479
42.06,77.5704
42.7676,83.6833
43.4132,85.3498
42.1726,79.6175
42.0014,80.7618
42.085,84.7435
43.1356,79.4333
42.0802,85.0178
42.2904,86.2622
42.0822,79.882
42.9532,80.3236
42.8522,84.9251
42.2684,83.0207
42.6604,88.3452
42.26,82.0473
41.8738,82.3179
41.8654,80.0605
42.1602,81.0895
42.824,94.6793
42.17,85.9472
42.2564,77.5913
42.6104,87.1164
42.3082,79.7086
42.368,86.9177
41.8538,82.8289
42.4632,86.7564
42.5102,86.0853
42.3348,84.7345
42.5388,83.2618
42.4284,82.6468
42.6904,85.5869
42.4712,80.0204
42.8188,82.5855
42.1956,86.1135
42.0474,82.565
43.1196,88.3581
42.335,83.4085
42.2374,82.6816
42.4154,84.682
42.2086,86.0532
42.4406,87.3363
42.6812,82.8974
43.3034,89.3401
43.0654,82.9533
42.3794,84.3358
42.583,87.03
42.0576,81.7656
42.4974,83.5225
42.629,81.5453
42.6094,85.2779
41.8692,79.7667
42.1216,80.9306
42.5192,83.396
42.6152,85.582
42.0514,83.7162
42.4456,84.4674
41.9988,82.3854
42.8966,84.013
41.9902,82.8866
42.4132,81.0576
42.0026,84.4115
42.4682,83.4144
42.0986,85.3267
42.6648,81.2663
42.66,83.5436
42.5136,85.012
42.0406,86.0835
41.5992,80.2318
42.0892,82.8479
43.3044,81.6921
42.9336,80.2264
41.9472,79.69
42.599,80.6931
42.4146,82.9133
43.151,84.2784
42.3524,83.1297
42.0094,85.462
42.3042,79.9233
41.963,83.9043
42.4298,79.6622
41.7554,80.0795
41.791,83.0356
42.3214,81.8652
42.53,84.9759
42.4302,85.5015
42.2652,81.9575
41.8138,80.4612
42.2912,84.1706
42.0318,84.9743
43.1448,79.9287
43.4434,85.5109
42.572,84.3572
42.4468,84.0608
41.9208,83.7445
42.5132,80.238
42.714,83.1673
42.5662,81.5466
41.4996,80.6436
42.8704,84.3562
42.432,82.5128
41.9724,82.2655
42.553,85.9757
42.519,85.8224
42.8888,78.6872
42.2824,83.8016
42.573,82.0881
41.9942,77.2557
41.9906,80.2698
42.0532,84.8137
42.6324,86.7736
42.407,85.042
43.621,82.5486
42.2198,82.1186
42.2734,84.5857
42.8188,87.6382
42.019,80.2783
42.2778,82.0328
42.723,84.9184
42.1448,84.6331
42.4162,79.2708
42.9928,83.3841
42.4758,82.9711
42.1406,83.508
41.999,83.6815
42.387,85.1597
42.7298,82.2639
42.5144,84.5302
42.483,80.3004
42.1574,83.6365
42.6168,86.644
42.056,81.9278
42.0452,87.8754
42.0454,79.1799
43.3898,88.5451
42.2674,80.722
42.565,81.0734
43.446,93.8851
41.5732,82.0325
42.2184,80.3142
41.73,83.3127
42.4928,81.4794
42.3624,81.8498
42.0786,84.4908
41.7702,84.6799
42.176,80.9035
42.8214,90.7427
41.589,81.393
43.4394,86.4113
42.5302,80.8352
42.4516,86.957
41.854,82.2242
42.536,82.8538
42.1488,87.6704
42.4068,81.9219
42.5048,81.4606
42.0408,77.5752
42.5534,82.1194
42.012,82.149
43.0516,87.4059
41.8536,83.4723
42.1286,84.444
42.6526,83.4866
42.2082,83.715
42.601,84.939
42.6352,83.4251
42.0408,78.6078
41.3856,82.4654
42.3192,86.6943
42.6314,82.4229
42.8024,79.5973
41.9122,78.5737
42.1496,79.8581
42.325,82.418
42.8228,83.7665
42.2474,79.9299
43.108,89.5483
42.1766,80.5283
42.437,87.2328
42.3994,82.3681
42.3838,83.7046
42.409,84.4285
42.8234,89.9759
42.5126,83.2615
42.4936,80.6889
41.7952,78.2901
42.7966,87.6178
42.8166,86.22
42.1432,78.1802
41.7676,83.5374
42.9222,80.3321
42.1984,81.165
41.8936,81.2879
42.0182,84.2203
42.5772,79.0233
43.3802,85.7839
43.4822,92.2198
42.6174,84.0965
42.4554,81.6368
42.2568,86.0116
42.018,83.157
41.779,83.9779
42.2142,82.2657
42.3992,79.1989
42.1064,82.0392
41.6774,80.9312
41.6612,83.5949
42.2936,83.0729
42.9672,84.934
41.8674,78.4715
42.4582,82.0705
42.7542,82.326
43.104,84.0877
42.4302,81.7854
42.0156,83.2381
42.8866,81.4783
42.378,80.7845
42.6014,83.0017
42.8396,88.389
42.7536,88.5116
42.2596,83.0274
42.7014,81.797
42.0394,88.0414
42.381,83.6127
42.6456,80.902
42.2836,82.6654
41.9672,80.9048
42.7304,81.7597
41.9006,79.8717
41.8334,78.9471
42.8278,86.6919
42.164,86.1998
42.2086,83.7743
42.4108,82.4125
42.0458,80.6041
42.3938,80.7142
42.6908,84.7879
42.0294,80.2642
42.287,86.0736
42.3124,85.6102
42.2744,80.2785
42.8834,85.9761
42.391,82.4102
43.1848,85.9576
42.8044,87.1025
42.1138,83.2646
41.9146,81.4515
41.9542,82.9764
42.2514,83.6568
42.7344,83.2752
42.2154,84.0873
42.9424,86.3693
42.3234,85.6761
41.7362,78.0632
42.5254,86.6288
42.2344,84.3447
41.712,80.0149
41.9918,80.7667
42.3678,80.4537
41.9316,79.4047
42.1904,85.6148
42.182,83.0728
42.2838,80.0199
41.8878,83.0827
42.0668,86.5885
42.5058,83.3823
42.486,83.9982
42.1158,79.5149
42.0944,78.6554
41.9676,83.2045
41.8904,83.165
44.0516,86.0512
42.3144,82.7185
42.1518,85.3304
42.5186,83.7732
42.0294,81.8126
42.242,84.5114
42.4828,80.7471
42.0316,81.7125
43.296,86.3541
42.1838,85.8017
42.3042,81.2159
42.8052,83.0495
41.8384,79.6354
42.3998,80.1594
42.0744,81.4302
42.5204,83.7734
42.5004,81.9478
42.5324,79.3982
42.1936,79.5054
42.1106,78.4322
42.773,86.6993
43.0286,84.541
42.8764,84.9358
41.824,84.9144
42.5074,83.7209
42.466,81.0952
42.2476,86.9663
41.6906,80.8983
42.102,80.2779
42.3174,82.8366
42.3134,84.0656
42.5386,81.5992
41.7622,85.3756
42.2148,81.7817
42.0808,81.4803
42.1928,84.5778
42.4354,84.7954
41.9534,81.6659
42.7766,84.1128
42.0974,83.6006
42.0456,82.2806
42.3492,80.104
42.9006,88.3605
42.2022,84.7355
42.0164,79.5435
41.7922,83.3232
42.1668,83.4094
42.0138,81.9705
42.2902,81.3403
42.1642,82.8556
42.617,77.8511
42.6778,86.7338
42.0494,80.0062
43.3692,80.9763
42.0706,83.5237
42.286,86.5899
42.4254,82.0721
42.5122,84.9588
42.4208,85.3698
42.778,79.9705
42.2846,84.3534
42.932,84.3414
42.7782,82.0204
42.8592,81.4398
42.455,79.8794
43.2176,88.2734
42.3512,89.6499
42.184,85.0918
42.1594,83.788
42.441,82.9909
41.8042,77.7702
42.5872,80.4698
41.8122,79.3521
42.4934,81.9993
42.4894,77.8027
42.0246,79.6771
42.273,84.9673
42.7538,86.0967
41.9142,80.3183
42.1298,78.0456
43.4108,86.0961
42.0328,80.7175
42.1782,84.2901
42.614,87.5948
42.6782,87.0946
42.8482,82.0003
42.565,80.9533
42.2386,82.0415
41.9656,83.0448
42.43,81.2374
42.2346,79.5673
42.0158,82.5979
42.126,82.3918
42.175,84.1754
42.191,87.8684
42.5204,82.3439
42.619,84.5986
42.9548,88.8415
42.294,82.6977
42.1276,82.8122
42.0706,83.5624
42.5966,85.5742
41.9642,84.6612
42.068,79.7474
42.1814,85.4653
42.2896,80.4313
42.2038,79.5965
41.897,82.8319
42.6106,78.5455
43.133,83.5313
44.704,83.2293
42.755,86.4509
42.2094,79.5207
43.078,90.3965
42.6634,85.2348
42.5754,82.8941
42.5368,82.3116
42.698,82.0924
42.8458,88.7005
42.9466,85.6407
42.0588,84.7542
42.8762,84.3209
42.0742,79.2627
41.9588,81.8237
42.1974,82.4833
42.4212,82.5975
42.5448,86.0987
42.5558,83.3359
42.1992,85.59
41.9008,80.0644
42.9562,85.3345
41.9244,84.3779
42.0282,78.5461
43.3286,92.8636
42.2044,80.4347
42.249,81.9456
42.4902,83.5268
43.0762,85.1149
42.2838,82.6617
42.9114,89.464
42.814,82.6616
42.1782,86.18
42.4836,88.4997
42.6336,88.2027
42.7592,83.4554
42.2142,82.1688
42.157,80.9989
42.8474,81.9483
44.2506,80.8286
42.0418,82.4018
42.2312,83.2631
42.1754,89.8276
41.9248,79.4797
42.272,81.293
42.2184,81.0173
42.3288,83.1902
42.208,81.4076
42.1062,80.1572
42.2986,84.9243
42.4902,85.1759
42.1544,83.5035
42.6724,85.7302
41.9916,80.5729
41.7312,81.4247
42.4144,80.4562
42.297,84.2199
42.2032,82.6391
42.9858,85.3335
41.867,81.4285
42.7752,81.7736
42.3124,81.3318
42.3548,81.1283
42.6804,84.0606
42.5326,82.1891
42.145,82.3765
42.6822,87.6789
42.4656,81.1912
41.8078,80.0382
42.782,88.2388
42.1894,82.4609
42.2106,81.0467
42.0788,84.0221
43.334,83.0872
43.267,84.7203
42.653,85.82
42.41,85.1914
42.452,79.3253
42.0396,80.1597
43.0948,80.9561
44.0716,91.6414
42.0268,78.9569
42.4074,86.2917
42.2566,82.9712
42.2094,85.2237
41.9226,78.8411
42.484,83.0004
41.9226,82.0845
42.0284,82.707
42.8364,81.4384
42.172,83.6909
42.6694,85.256
42.2478,86.5341
42.0062,83.121
42.3598,84.7091
43.144,81.7737
42.6456,85.7445
42.4092,83.2242
42.1756,79.4534
41.9868,82.7744
41.5254,83.45
42.4928,82.6861
42.3062,86.1319
42.8852,82.3649
42.1376,78.9278
43.1894,84.6317
42.4886,81.0745
42.513,83.4901
42.1882,80.9772
42.4346,83.8532
42.247,84.8854
42.6686,84.6181
42.8424,80.7661
42.1542,80.689
41.6752,80.0273
42.0396,80.7119
42.7726,81.7291
42.165,80.0232
42.4822,85.6961
42.773,83.4278
41.788,81.8534
41.6562,82.313
42.4568,80.2355
42.3926,81.2137
42.069,83.9015
43.0756,84.0465
42.3574,81.6816
42.5146,82.4642
42.2754,80.2202
42.6494,83.6202
41.9852,85.5074
43.0758,89.088
42.7096,82.6494
42.1036,79.7865
42.2184,85.3152
42.253,82.5614
41.7758,78.2126
42.2682,80.1105
42.0328,85.3704
41.7936,82.1456
43.1758,81.1793
42.4224,78.1012
42.1998,80.2074
42.5846,84.8833
41.9418,78.4285
42.3558,81.768
42.2936,79.509
42.45,81.3357
42.0582,84.1034
42.3906,86.1125
42.349,86.0795
43.176,84.9339
42.6224,85.9476
43.4234,90.6406
43.9156,89.2827
42.791,85.6301
42.1546,80.8888
42.6446,85.4536
42.1428,78.8927
43.2868,93.3367
42.735,81.944
42.4488,82.4045
42.3674,85.8394
41.218,78.4611
41.9756,83.1714
42.2166,82.9425
42.6252,86.9216
41.8136,82.0142
42.67,88.3639
42.0078,83.4501
42.6772,80.5977
42.2784,86.1728
43.0684,81.676
42.0822,83.1303
42.1386,83.3918
42.4716,84.1775
42.812,83.416
41.9848,81.6438
42.595,83.1195
42.6118,83.8247
42.1602,80.7324
42.2154,83.0518
42.531,84.7615
41.7754,77.8296
43.0952,84.0611
42.268,83.9332
42.2632,81.5893
42.5166,81.136
42.2918,81.2154
42.981,89.2276
42.4756,85.5035
41.827,80.3361
42.3856,82.0327
42.5706,80.5475
42.0492,83.9393
42.1382,79.9162
41.9482,81.5325
42.3884,86.3069
42.5118,78.551
42.5276,80.2783
42.599,89.5939
41.6964,81.441
42.4794,83.4494
42.6026,83.8683
42.9446,83.9266
42.4012,81.8092
42.2498,81.4652
42.1888,80.752
41.9854,80.8905
42.1094,86.3239
42.0246,84.1426
42.0534,82.806
43.3428,93.4499
41.8248,80.6768
42.3626,84.1543
42.2536,85.2774
42.6938,80.0874
42.316,83.3021
42.1416,77.6847
42.1638,79.5218
42.4564,81.3428
42.2052,83.4414
41.913,79.9956
41.912,82.6069
42.639,83.0417
42.847,87.7251
42.3718,82.1563
42.7114,84.4784
42.1042,83.0773
42.0868,79.6268
42.3842,84.1802
42.3566,87.6916
41.8608,78.1998
42.4392,82.0629
42.724,85.858
42.7996,84.0031
42.7708,83.2182
42.222,80.0546
43.1344,91.9402
41.7156,82.6925
42.9252,80.1288
42.5112,87.4713
42.9166,80.4864
41.9948,83.0734
42.4996,87.1455
41.8686,82.1527
41.7184,80.074
42.5502,82.5928
42.2794,86.2781
43.9384,84.822
42.8658,83.4327
42.0422,85.8115
42.569,82.8667
42.1724,80.8071
42.701,86.7829
41.9018,81.8462
41.613,78.733
41.8914,82.0443
41.9464,81.5217
42.658,81.2513
42.1336,85.2391
41.8042,80.7063
42.4662,80.9678
42.4872,80.2092
42.211,87.6937
42.3622,83.0705
42.174,84.7623
42.479,79.9717
43.1522,82.4923
41.8846,85.7383
42.4386,84.9094
43.328,90.8179
41.8236,82.6457
42.4648,83.8223
42.195,79.7529
41.823,81.2211
42.2826,80.8013
42.2612,83.7439
42.2096,81.2129
42.5698,80.8198
41.8968,82.1829
42.3538,81.0059
43.3396,89.6438
42.663,80.9836
42.2702,83.4478
41.7146,81.9182
42.1654,81.1729
42.087,83.0067
42.8436,86.7272
42.7138,87.7913
43.1696,89.5694
42.51,85.9247
42.3784,89.0822
42.8692,83.049
41.9822,81.8759
42.7288,86.038
43.4656,84.2982
43.3762,86.0689
42.9396,86.9002
42.0394,77.0267
43.4192,92.6209
42.1566,80.5749
42.1382,79.3945
42.4204,83.5279
42.1418,79.7736
42.7352,86.066
42.8092,79.3244
42.602,86.4182
42.9812,80.7778
42.1786,79.8809
42.7168,80.1232
42.6102,87.8437
42.3124,80.0617
42.5928,83.965
42.0802,80.7363
42.4092,80.8304
43.16,90.7081
42.5714,81.4329
42.1996,84.1081
42.4892,82.4238
42.3542,84.7462
42.2722,80.3548
41.9826,81.8753
42.594,82.7047
42.4106,86.4116
42.838,81.5611
42.4384,80.5387
43.2806,84.311
42.826,86.8878
41.8674,82.6021
42.0754,81.6499
42.107,81.0621
42.5566,81.1634
41.5138,83.08
42.5912,81.369
42.3402,83.4756
42.7746,84.1798
42.7636,88.8818
42.342,82.7355
42.0678,81.9554
41.966,85.0209
41.9754,80.6461
42.3136,78.7547
42.7938,85.7359
41.9548,82.2012
42.0278,83.0788
42.0116,81.2164
42.2486,82.3147
42.3942,82.7835
42.3212,84.4968
43.9338,91.1356
42.1978,87.8717
42.8486,82.6608
42.22,82.6215
42.4848,80.7769
42.8026,83.0632
42.4804,82.3275
42.501,84.6636
42.2416,82.8278
42.3668,87.7382
41.8532,81.7554
42.9806,85.6721
42.2244,79.1938
41.8374,82.2739
42.3914,79.8974
42.8516,89.0312
42.0474,78.7582
42.5098,83.1663
41.9112,84.8635
42.8256,81.7286
41.7898,79.7831
41.9844,83.0899
41.942,83.2842
41.6462,84.3088
42.4478,83.2481
42.144,81.2716
42.679,82.4666
41.808,80.5977
42.4122,82.9889
42.2656,81.404
41.999,79.5778
42.598,82.2456
42.7822,85.3072
41.7176,78.5797
41.5462,78.8051
42.453,87.4781
42.4058,84.5844
42.2356,80.808
42.2984,84.8936
41.967,80.7176
42.5118,81.9117
41.7384,83.175
41.9818,81.0142
42.9064,85.6607
42.2238,82.0486
42.8578,90.0123
42.5758,83.6952
42.581,83.7992
42.3556,82.3209
42.1794,82.7445
41.9882,84.812
42.7132,86.3127
42.2688,82.8092
41.9694,79.8392
42.1432,87.3888
42.6618,83.7136
41.6464,81.8882
42.1704,78.9661
41.8984,82.7701
42.3768,82.4833
42.5086,83.0021
42.8362,85.0165
42.0044,80.7196
42.354,83.3183
41.8186,82.89
42.4218,85.0428
42.6554,84.0688
42.2062,84.5306
42.6224,84.6477
42.2476,82.9685
42.3784,82.8706
42.433,83.9548
42.9796,91.7359
41.7874,77.5668
43.0284,80.4465
42.4072,84.529
42.2476,83.1825
42.5874,85.8199
42.215,82.3649
42.7224,85.5409
42.4796,81.2022
43.103,86.3969
42.3,85.0673
42.6328,81.2326
42.0802,81.753
43.125,85.5269
42.068,80.6385
42.1296,77.6374
42.6376,83.7464
42.3056,79.8075
42.378,82.2701
42.2734,82.4772
41.759,80.4294
41.7896,87.079
42.3152,83.4673
42.5072,83.0508
43.4556,86.8861
42.508,85.6839
42.4788,84.5775
43.0156,86.756
42.9906,85.5987
41.8596,79.7724
41.9122,79.5082
41.9446,81.2221
42.0314,77.9028
42.5632,81.3514
42.2236,83.6389
42.0652,84.5219
42.189,84.8361
42.4716,83.5818
42.9186,87.3918
42.1714,79.9326
42.709,83.4468
42.0564,84.1799
42.7918,86.5737
42.4112,80.9507
41.8264,88.3376
42.4732,82.3622
41.7504,80.922
43.2166,84.877
42.1002,81.6085
41.9232,80.8744
42.3052,86.8645
42.2538,79.5645
43.2672,83.1969
42.0142,81.5023
43.1354,84.0333
42.1208,81.4286
42.2524,85.0028
42.3264,86.216
41.5056,78.9563
42.9008,81.4965
42.4396,79.8972
42.0394,80.3092
42.0794,85.5669
42.7652,81.3744
42.5056,80.855
41.816,80.9739
42.7116,86.4701
41.9784,83.2633
42.6148,80.1556
42.5566,81.6962
41.9484,78.7521
42.648,84.6422
41.507,80.542
42.3584,83.0128
43.5562,83.1651
42.241,78.6191
42.0998,78.3435
42.4598,84.1243
42.144,84.326
41.9278,82.394
42.9868,79.4805
42.208,84.2455
