Greedy
47.9228,124.469
47.9228,124.469
47.9228,124.469
47.9228,124.469
47.9228,124.469
47.9228,124.469
47.9228,124.469
47.9228,124.469
47.9228,124.469
47.9228,124.469
47.9228,124.469
47.9228,124.469
47.9228,124.469
47.9228,124.469
47.9228,124.469
47.9228,124.469
47.9228,124.469
47.9228,124.469
47.9228,124.469
47.9228,124.469
47.9228,124.469
47.9228,124.469
47.9228,124.469
47.9228,124.469
47.9228,124.469
47.9228,124.469
47.9228,124.469
47.9228,124.469
47.9228,124.469
47.9228,124.469
SD
49.9282,100.671
51.0582,113.438
50.6456,111.371
49.7924,107.094
50.0062,113.262
51.2898,117.603
51.3684,111.493
52.4208,116.231
50.3346,108.542
51.8226,108.032
49.96,102.193
50.1514,111.682
49.4856,100.244
50.982,113.759
51.0018,112.502
51.7158,110.722
51.0472,106.556
49.9938,104.935
50.2284,103.871
51.096,105.534
51.105,116.962
52.0892,117.345
52.9132,104.922
52.3108,116.886
52.0398,109.788
51.0494,108.028
51.4526,114.072
51.5106,104.037
51.6992,114.454
50.7046,110.526
WO
82.193,31.5395
79.7488,32.3209
73.3468,26.1621
74.2706,30.3789
85.2968,33.3416
77.398,26.9178
78.8042,28.7615
78.8506,32.9497
74.8098,31.1921
75.7774,36.4609
80.3416,33.4208
69.0194,39.9479
74.1658,32.1048
77.5696,31.8696
75.5334,37.1777
67.3238,30.6314
75.8352,31.6789
62.7428,32.145
75.309,25.4077
78.6616,30.2016
77.654,32.1343
67.395,31.2436
79.9014,31.1601
81.64,30.8571
74.8844,32.5757
75.1808,28.2341
73.5746,33.4874
75.2116,28.5711
79.5244,30.0519
81.7074,39.1722
