Greedy
87.2456,823.233
85.219,862.098
88.9712,929.44
86.4928,753.119
87.1167,760.877
87.435,908.849
86.9354,1061.75
86.9977,807.623
83.6853,759.277
82.6761,808.161
85.0897,719.473
86.4175,807.377
88.6883,814.916
84.7178,755.927
89.1759,1151.25
89.3225,938.271
83.9163,688.446
82.7014,636.056
84.562,724.313
84.2166,707.704
85.506,1024.8
83.5283,645.459
82.0037,1292.89
84.9661,797.285
86.8802,966.624
87.3726,922.128
92.1543,915.668
86.8705,763.889
87.5589,776.866
87.0003,798.56
87.9766,924.834
84.6535,884.286
85.3659,877.8
85.2542,825.874
85.0569,705.404
89.6199,991.981
85.7607,773.429
86.5596,808.857
85.4197,760.865
86.7541,1155.21
86.7598,750.772
88.3902,945.412
87.8381,1094.4
84.9292,684.747
85.2913,933.003
87.7414,1266.11
83.7833,788.769
82.4645,764.684
84.3345,767.193
88.9139,831.475
85.3999,900.935
88.1603,857.303
86.3794,983.55
86.74,763.595
85.9468,860.684
86.8478,735.608
85.6476,773.748
80.43,811.444
86.983,784.12
87.1478,943.843
84.7751,733.467
89.8854,933.101
85.7975,730.05
87.0232,775.529
86.4836,803.586
82.7396,952.772
86.051,847.929
86.4868,972.961
87.9651,970.961
85.178,896.049
87.2976,1324.78
86.3928,804.805
84.9979,711.78
89.9018,755.821
89.1306,933.212
86.8956,753.052
85.946,667.995
85.9317,872.354
86.2913,914.818
87.1988,751.145
87.3277,816.773
86.9825,933.126
84.8858,870.901
86.7952,762.865
86.3139,697.948
89.7158,813.645
87.5845,806.798
82.405,736.191
85.4117,969.929
85.832,785.796
84.4399,1004.7
85.1299,1046.44
90.0902,876.97
86.2358,972.271
83.9583,651.206
86.5199,799.552
85.4462,955.006
86.8263,686.564
81.6399,708.222
89.0139,1084.81
86.6532,915.688
87.191,828.952
86.5135,928.815
90.2292,820.254
88.563,769.809
87.2196,770.11
84.7539,900.498
87.8078,749.633
84.1876,683.298
88.1805,941.946
86.0982,755.755
86.4866,782.45
87.07,842.455
87.4251,922.581
85.6137,785.536
86.9652,794.307
86.446,744.722
86.7526,749.277
85.7806,789.589
83.4004,882.751
87.1923,745.421
89.3887,848.725
85.3655,735.185
84.9959,733.358
87.286,821.667
84.2226,928.923
86.5647,782.864
82.9753,762.312
85.7947,729.075
85.4856,967.265
85.8868,915.253
85.6194,887.45
86.7046,877.013
84.0742,928.957
89.9175,759.288
88.7755,925.932
87.6971,1061.88
84.2794,854.619
87.789,765.97
86.1431,1187.1
87.0606,1083.38
83.8034,966.483
85.7036,718.201
87.2245,851.474
83.6479,735.739
86.5696,803.805
86.4165,697.09
84.8449,660.484
88.5967,809.813
87.718,939.915
84.0348,717.056
84.1919,757.178
86.4741,770.813
85.6542,744.864
89.1242,1317.49
83.8604,734.364
92.568,852.738
88.504,761.13
86.0863,771.561
84.7843,676.336
87.1846,742.887
84.6114,870.388
85.0043,869.514
86.3575,797.357
87.3535,826.35
85.9831,1111.09
87.6753,982.89
86.6883,901.862
84.0403,727.645
86.1357,783.686
84.7038,701.443
87.2287,775.599
85.8645,803.506
83.9572,697.047
84.724,803.178
82.4758,889.837
84.8621,671.255
88.146,856.152
85.9276,821.906
91.5883,896.685
83.6073,692.038
88.6507,895.299
82.2508,858.545
83.2966,1062.54
83.8077,845.223
85.3342,902.016
87.2225,777.569
87.2983,706.463
86.8066,1287.75
86.2852,829.138
84.9312,784.057
89.6795,1028.32
89.7477,812.802
80.6329,627.085
86.6704,714.267
87.4208,767.779
84.8919,731.277
83.7345,786.84
87.6065,799.354
84.4729,744.553
84.2783,869.866
85.5971,887.477
83.7351,670.374
88.789,806.28
86.5636,1071.29
89.0141,1029.84
85.0096,963.724
86.3459,859.904
86.2043,836.014
85.9764,708.499
83.7403,803.813
89.7338,780.578
85.4819,1407.19
89.2885,902.947
85.6339,973.73
84.8455,1129.66
85.7251,711.632
87.6163,784.616
88.1329,882.515
83.6535,703.314
82.3209,764.52
87.2384,934.186
85.136,761.294
88.8347,808.765
85.1661,989.852
85.9557,934.131
88.3516,831.098
88.2252,805.991
85.9421,742.933
90.318,984.79
87.0243,922.59
85.1097,739.715
82.1549,773.106
88.6864,762.663
84.835,694.648
84.3325,801.328
83.6672,755.158
86.1081,772.465
88.3369,873.648
88.0802,925.696
84.445,689.34
86.5529,707.996
84.402,735.702
89.2128,745.886
86.6926,1330.14
87.5392,971.994
89.068,921.671
87.5108,1005.09
83.9921,703.09
88.2186,796.069
84.3622,669.981
90.2893,760.117
84.1025,830.766
84.3108,741.092
83.464,677.902
81.9057,1177.9
87.4431,821.327
89.0903,746.022
83.5273,662.271
87.0424,886.454
87.3207,747.521
85.3321,732.079
84.5737,828.635
89.8698,934.616
84.8151,948.086
87.2033,1112.38
87.5506,751.651
86.1031,941.427
84.8929,728.665
86.3198,699.731
89.1526,926.838
86.1593,826.754
86.0214,1011.5
87.0589,1222.8
82.1974,635.234
85.4449,681.628
85.9723,772.21
93.6137,1018.25
87.1639,791.268
86.168,987.731
83.1329,860.882
88.7101,760.914
85.4268,858.547
89.2679,852.809
90.6956,931.219
87.7036,982.376
87.698,952.519
88.0885,940.523
85.6881,759.326
85.3237,836.312
87.7961,1166.95
88.0776,823.446
84.7495,844.699
86.7143,917.235
88.95,847.072
84.238,759.678
89.2128,774.403
89.8174,793.558
83.5844,852.537
89.2705,923.149
86.7898,943.347
85.4576,758.314
88.4245,1135.15
87.418,840.575
84.4199,772.887
88.1058,756.258
86.3863,980.594
82.0429,669.875
93.0082,850.625
87.7805,1351.35
85.67,943.641
84.5464,739.332
87.6272,837.203
85.1254,850.155
85.0658,834.828
86.4188,810.016
83.5996,700.907
87.3484,885.223
88.4216,828.18
84.5914,691.393
84.918,849.269
94.167,892.361
89.4935,854.674
84.9729,798.049
84.0342,715.346
88.3182,839.433
85.4457,775.603
86.1149,992.487
87.4657,938.199
90.3463,921.52
86.1389,800.842
83.8689,822.152
86.4766,760.398
84.6964,710.181
84.6935,886.7
89.389,969.791
86.4359,949.808
87.1326,1040.4
88.3831,911.425
87.075,926.684
86.207,839.566
89.89,914.608
85.6128,693.509
83.0347,755.935
87.0385,791.304
87.6064,830.765
94.1592,919.549
86.0287,735.718
89.8748,774.904
83.2952,837.316
86.355,1099.52
82.6467,708.311
86.2095,759.791
84.0891,844.325
88.5863,1015.61
86.0834,846.927
86.1783,1138.26
86.1987,913.078
84.8125,902.102
92.2589,944.807
86.1263,803.752
84.7026,966.289
87.7234,891.782
88.552,1090.99
88.7372,832.524
88.1791,1037.48
84.4533,843.358
84.4762,874.175
82.7785,682.762
84.6148,894.308
83.569,705.334
84.7828,839.967
86.0403,782.267
85.6855,788.191
84.1755,956.571
87.2694,883.394
87.1946,927.462
90.4578,838.821
87.0876,834.277
83.8916,721.43
86.6869,737.886
88.0143,787.797
89.0016,879.373
86.4704,900.843
89.4727,1449.19
84.9769,818.173
85.2706,987.496
89.1423,940.591
87.0701,984.717
89.4113,797.608
88.2767,798.456
85.0904,819.541
86.4703,1124.85
82.1936,719.445
87.4642,744.771
88.9048,788.399
88.6947,864.699
85.8958,769.119
86.3131,772.976
86.5946,691.8
84.0375,795.091
85.3201,944
82.6238,653.286
86.4277,832.376
84.6022,873.346
87.2218,901.181
88.8181,943.448
88.6716,796.268
85.5875,848.792
87.9848,864.957
86.1003,1008.27
83.9433,637.333
87.5196,950.858
85.5927,676.743
85.7278,677.36
84.8768,823.311
87.9787,840.761
86.2536,1039.89
90.636,1009.7
90.9835,1001.51
84.212,742.262
86.742,907.271
83.4899,711.834
83.8387,907.523
86.5086,732.391
87.5825,1107.39
85.036,731.276
86.5384,1009.07
84.2452,711.549
83.7774,704.337
88.778,820.782
87.2054,788.193
86.0317,734.653
86.2939,891.604
88.4292,886.798
86.1645,857.164
84.0362,866.915
83.5285,689.491
85.4262,854.63
84.642,783.254
85.8538,861.258
90.2709,867.678
88.5764,887.123
84.1963,968.374
88.3475,766.138
82.5211,636.254
85.3889,967.931
86.1135,680.256
88.1269,813.213
85.2737,819.823
87.1159,1231.3
86.9012,937.823
85.8043,827.831
87.9174,798.989
88.6854,798.582
86.1897,803.739
88.9178,778.671
82.8361,609.929
91.3051,820.014
86.2028,988.616
84.1998,848.895
84.6177,980.679
88.1906,802.591
85.8308,900.528
83.7722,690.258
82.994,1169.77
89.7935,864.581
87.7776,842.918
85.4457,787.592
87.7079,729.954
89.9995,818.199
88.8502,845.532
89.5846,922.554
86.1759,993.188
84.2625,1210.15
84.2503,1761.87
87.8884,893.619
84.7606,740.025
89.7816,823.689
86.9157,760.508
89.1131,940.913
85.4029,772.2
86.8028,1050.55
88.286,1004.73
84.4325,763.002
91.4227,817.727
83.1004,681.666
87.4525,917.906
87.2053,763.176
85.3643,687.526
89.2483,897.227
90.1367,939.419
83.6091,814.799
85.7485,835.307
87.4767,822.047
85.358,824.7
83.5521,664.164
92.7619,865.352
84.8521,948.267
83.4746,1153.51
86.4171,732.807
84.887,841.826
84.7912,857.633
89.9843,828.302
90.038,1026.94
87.247,882.082
87.5105,780.998
87.371,1014.17
88.715,841.37
90.0129,1174.81
83.0489,1160.38
89.7746,1199.01
86.4771,985.606
86.884,762.058
87.5774,833.789
91.1794,913.835
87.3561,1001.82
84.7046,732.955
87.4407,750.268
85.6766,802.241
86.0334,864.946
83.7236,1387.23
85.3863,1064.73
87.6596,890.541
86.6086,852.436
82.7418,661.757
85.9799,883.476
88.7556,975.59
86.769,777.189
88.1262,895.099
86.3987,747.973
84.4131,993.521
86.5512,854.573
87.2815,739.624
86.0432,844.684
86.6713,762.355
91.7074,834.282
84.7499,734.812
88.5275,746.919
89.8743,1012.94
85.3589,723.168
82.1467,804.919
84.9826,771.924
83.0062,685.216
87.9362,967.747
89.9084,1165.91
83.6507,928.877
83.9868,863.109
85.9611,1152.1
84.2565,750.142
84.552,799.535
86.5258,946.924
88.3241,747.939
87.5388,826.104
91.4673,872.506
89.7887,889.909
84.6467,822.924
83.5501,904.461
83.9477,687.278
87.5512,1460.57
87.6693,764.738
85.4853,781.838
86.1371,766.058
85.92,820.815
83.778,802.595
84.5124,757.017
85.7694,895.42
92.5355,1036.17
89.2863,852.747
88.5168,870.752
84.4441,635.657
85.8534,924.367
88.4962,767.278
84.8377,808.221
83.847,683.763
86.9077,800.555
87.1842,1261.29
84.664,1049.18
88.6672,970.153
89.3424,755.149
84.1407,767.788
83.3856,701.784
89.7757,807.808
89.3544,864.017
89.595,848.237
85.5071,928.963
86.2604,860.699
85.4239,856.192
83.7669,819.251
82.7617,655.404
84.5869,933.309
87.0122,961.324
85.5923,718.126
84.8567,1108.86
86.7845,712.18
85.7435,739.483
90.4705,934.922
87.2823,777.908
85.2013,894.037
83.3896,689.503
82.9092,735.844
84.1876,812.116
83.8815,790.295
85.2715,784.239
86.3503,893.708
87.9467,775.595
88.4929,898.738
87.6469,786.818
90.3584,1271.78
87.2925,742.981
87.094,827.961
85.0245,864.857
85.5219,914.543
85.9792,864.278
87.0906,755.362
88.8728,968.808
87.2985,760.143
85.105,694.88
87.2563,736.657
88.7307,818.326
90.9781,1179.35
81.9095,799.103
84.5754,770.735
83.7434,776.116
88.1009,842.598
86.0721,737.911
86.2509,960.071
90.2623,773.276
84.4394,728.762
92.2441,938.465
84.7824,695.487
84.0865,647.124
87.4001,778.199
88.135,744.858
86.0133,1051.28
87.0827,803.846
86.266,738.518
85.6204,1164.88
94.418,856.466
88.1693,889.006
89.2702,795.334
86.3426,1013.31
81.4811,775.113
88.6604,843.218
88.31,761.045
87.1829,966.905
90.0958,1034.93
86.0526,808.397
88.058,1022.51
91.0191,817.179
90.2883,862.757
84.1145,939.893
83.9844,712.945
87.8505,722.593
90.7554,899.702
86.9774,750.348
86.5067,810.687
86.975,803.149
89.8586,818.902
90.2636,965.173
82.7364,650.147
86.2598,931.651
83.9571,736.731
83.9346,692.449
84.5477,773.351
83.5933,842.264
85.2965,869.054
87.7191,859.676
86.9412,906.35
83.2785,674.362
89.4368,1029.15
84.6579,701.047
86.5902,1381.08
87.8013,797.732
86.4527,763.855
88.1157,959.281
83.2171,848.388
88.3462,845.125
84.4558,808.995
90.3564,833.108
83.5309,728.102
84.6072,776.454
87.184,996.061
84.1733,657.901
89.2523,810.901
89.5688,792.29
90.6513,916.202
85.6975,1084.37
87.6455,733.901
88.7992,1075
87.7674,813.471
81.7644,799.299
83.5745,747.671
83.8631,1037.71
91.8784,1000.41
85.2907,763.558
87.6993,774.545
83.1519,853.333
89.4839,938.503
86.337,763.367
88.2912,782.612
87.4524,1123.39
86.4861,936.592
82.9113,763.329
89.0412,764.069
85.9505,686.944
86.2617,760.584
86.2824,691.391
88.9128,751.017
93.2107,1016.79
85.7269,909.552
87.1532,911.853
85.1143,760.758
88.3378,784.41
88.6729,825.115
88.8487,1028.11
89.6043,747.132
82.1394,1042.04
83.8348,840.694
89.6583,814.112
90.4711,856.989
85.5604,795.433
90.0868,962.112
82.7794,673.673
84.8242,777.074
86.1319,735.136
86.9962,801.371
88.4929,1028.59
84.7623,677.551
81.5295,652.285
85.402,885.582
87.055,1733.48
85.3329,1034.37
89.2486,1013.7
81.8167,890.821
84.1283,1029.09
84.0613,719.361
84.0146,932.78
87.5547,743.797
90.0481,737.711
91.1538,921.318
86.8518,721.616
89.304,997.096
91.3095,803.04
83.0105,680.56
85.4434,887.026
89.3808,818.682
83.0513,774.084
88.6535,954.86
90.5736,883.227
90.5039,927.393
85.4551,1211.26
87.9121,805.185
85.884,692.002
90.4776,791.441
85.7317,1101.63
88.4679,965.515
87.3617,798.497
84.507,729.429
93.5105,878.986
87.8038,865.639
82.0684,778.957
87.8733,836.55
89.7053,962.848
86.785,724.523
84.2437,830.656
82.4647,699.451
85.0178,709.286
83.59,706.533
86.5215,800.535
86.2103,1085.08
87.5736,775.617
84.9742,845.83
86.1095,1042.76
87.3186,833.61
90.4395,1163.31
90.5782,958.604
89.1585,823.931
89.4041,768.514
88.2844,750.343
83.2062,686.638
85.9318,958.603
86.1067,730.212
86.4429,773.153
87.7241,824.276
83.791,795.221
85.5877,765.838
83.356,703.572
83.8981,751.36
83.1094,656.657
88.0917,1384.97
85.6781,793.359
87.989,804.286
85.5341,850.682
88.004,1050.78
83.314,658.826
85.1477,750.282
89.5539,899.125
88.7813,788.656
89.1719,765.811
87.2346,888.359
80.8858,661.225
84.8152,672.86
85.1673,781.032
90.5803,954.917
84.7926,750.901
86.4114,1017.78
93.2602,1129.18
89.2145,845.235
85.2873,779.829
85.2434,723.899
86.9037,993.683
83.9095,808.948
84.7667,672.186
84.8065,780.663
82.9315,744.657
84.0277,852.682
92.4406,914.528
88.7688,874.637
83.4565,713.482
84.7326,1090.43
83.694,790.086
85.9336,814.767
90.6325,729.252
85.4452,841.329
85.6659,1115.54
82.487,861.63
84.3449,682.363
85.1656,733.607
88.8806,850.724
85.831,732.013
87.7715,1137.54
84.5843,790.596
84.339,813.997
90.9801,800.602
88.1306,845.864
83.8488,879.671
85.2216,1010.35
88.3692,845.081
85.6729,733.787
86.476,772.879
84.7611,1288.12
87.3728,769.637
89.0708,1428
88.5306,791.213
85.807,797.011
90.3324,864.751
84.879,1256.27
85.8848,686.684
87.0542,803.808
84.7033,708.364
88.5782,755.108
86.4742,811.596
86.4087,1145.09
89.5385,1367.37
85.8322,743.497
88.0864,801.902
85.8827,717.957
83.1531,754.303
84.2274,733.824
83.6722,775.552
89.0499,781.245
90.6433,798.46
87.8359,750.843
89.6335,1015.74
84.2892,1054.85
88.4365,979.84
86.3077,738.693
86.6053,819.334
89.3017,767.639
85.7204,699.072
83.9259,689.955
84.4548,862.128
87.8763,727.338
83.3258,1058.66
85.6581,735.473
82.6805,930.63
85.4334,767.863
81.2491,1370.5
86.3909,851.316
86.066,754.925
84.6825,712.321
87.0192,738.856
89.9147,864.293
87.4953,1041.24
85.2866,789.856
86.7052,790.024
86.7028,869.735
85.62,816.945
86.4014,816.025
86.1832,739.746
88.5545,1005.13
90.0118,789.747
84.6672,986.951
89.4878,985.119
84.034,773.219
83.2305,934.015
88.9389,855.247
84.967,732.434
84.2926,689.725
85.5088,828.272
85.5095,766.882
89.432,838.483
88.2075,1364.14
86.0599,856.686
87.5408,879.958
84.694,765.304
86.7608,935.416
83.1183,708.865
88.882,982.307
87.7034,756.048
87.7022,970.282
88.4458,836.136
86.5463,849.99
85.9982,889.03
81.9373,1013.03
90.8979,796.523
86.6448,815.7
82.8263,952.46
87.3228,811.414
86.6586,938.892
85.0051,777.408
85.7526,817.253
87.7832,802.476
82.267,967.123
88.3879,836.838
87.2312,787.339
86.4912,739.84
87.6367,791.701
83.4686,728.569
85.803,724.568
88.2492,777.554
87.8299,1041.18
85.549,707.559
84.9426,745.506
91.7719,834.32
84.2914,748.411
90.5739,779.296
86.5379,772.003
91.5261,1338.73
84.9842,728.074
86.7511,779.272
82.0872,784.664
85.5175,923.734
84.8387,862.895
82.442,713.404
87.1568,730.554
85.5665,687.9
84.2086,1179.6
87.1185,738.774
85.8622,786.307
88.7642,950.948
86.1091,760.607
86.6723,843.767
86.8469,883.179
88.4521,829.896
84.5234,753.363
92.5952,928.727
85.325,797.77
87.151,998.812
85.7225,764.339
89.9643,1279.95
86.6167,994.53
86.6735,979.728
87.971,993.028
86.8141,871.806
81.9548,891.848
85.8485,913.411
84.3229,658.641
84.834,851.301
83.5636,679.559
85.5384,678.611
89.0551,827.099
89.6938,778.703
85.8014,738.601
85.6177,759.589
83.6868,855.394
83.9986,718.86
87.85,782.949
87.0703,947.009
88.5924,832.071
86.5726,699.265
85.4335,992.035
83.4125,751.932
89.7549,811.603
87.4766,810.513
86.4599,863.733
86.8082,1063.63
87.6216,1102.23
90.1448,835.077
82.715,631.481
84.9258,823.736
86.2011,696.547
86.548,787.487
86.5691,792.706
86.113,792.878
87.9107,712.269
88.0588,1023.93
90.0769,812.811
91.7733,1044.22
SD
89.8575,971.457
94.2052,786.744
87.8955,716.623
90.2569,828.699
90.2021,764.913
90.9657,1032.94
94.2091,770.736
91.3631,949.714
91.4444,715.488
92.8167,954.892
89.7476,726.681
95.4497,818.988
93.8173,1017.91
94.9909,871.147
97.1595,826.159
94.4489,787.429
91.9741,722.232
91.8352,782.549
91.3575,783.445
90.0329,808.97
91.0372,728.933
94.3559,879.458
87.3628,825.742
89.5775,824.564
90.8501,757.95
93.25,778.277
93.8273,1067.76
90.738,753.139
91.0628,970.255
93.5298,1009.51
90.2348,819.739
89.0575,840.772
90.5529,729.698
92.1839,817.15
89.5216,752.195
91.4585,961.782
89.2008,781.101
89.2324,798.755
89.4182,772.256
90.2521,750.347
94.8975,797.545
93.1154,937.541
93.6561,1073.34
93.8127,813.718
92.1063,810.311
89.4823,806.994
92.3926,810.492
93.2287,1150.85
87.1415,992.725
90.0191,744.103
90.1906,729.044
88.192,806.091
91.9543,789.717
89.859,786.156
91.2078,749.046
90.2468,831.066
92.5659,853.845
93.1478,1050
95.2558,1000.48
93.3903,903.056
90.5249,817.547
90.3483,870.754
95.0737,1009.3
89.832,973.714
90.7983,1134.07
91.6002,798.331
87.5916,724.809
93.1739,966.763
94.2577,777.359
90.7415,725.547
90.3892,757.95
90.7384,979.277
89.9666,860.548
91.8353,720.253
91.5532,753.186
89.6614,796.265
89.6343,967.661
93.7935,854.47
94.0198,778.157
87.8192,739.581
92.8082,804.711
93.5385,798.807
90.3774,806.036
95.0107,878.921
92.2924,800.11
91.1331,874.877
89.1962,875.267
91.5998,764.271
90.2316,743.568
97.0133,954.361
91.1011,771.227
90.1898,753.703
91.0729,788.459
91.8071,769.944
89.1867,749.868
86.5592,674.976
87.6938,884.77
90.7811,892.704
90.7067,847.024
98.2825,897.68
93.0386,997.36
92.4091,779.986
94.5775,820.516
93.8478,993.185
92.3603,815.364
90.1409,790.252
90.1295,993.11
94.8265,958.741
91.2375,930.459
89.157,869.279
89.8015,813.497
87.9399,703.034
91.7728,993.244
91.1935,867.107
87.9478,700.475
92.4994,754.998
90.3933,887.585
89.2289,769.962
91.0102,716.688
93.736,820.129
90.9299,784.884
94.1637,775.192
89.4482,791.704
91.7576,768.178
89.5551,721.481
94.8461,830.19
87.5876,898.115
94.9047,990.01
90.5099,732.847
89.4497,711.614
95.8149,968.94
90.8391,813.73
90.9871,851.585
97.0753,920.623
92.8897,799.162
93.246,797.768
89.7259,876.868
94.1438,807.45
92.3784,786.264
94.5161,839.179
91.5763,812.694
93.4844,794.989
91.1654,792.101
88.6331,875.196
90.6184,764.884
89.0074,882.424
93.1677,776.601
90.5883,738.764
94.4552,774.654
90.351,841.024
87.2434,686.191
93.7977,835.972
91.1409,917.049
90.9867,759.268
96.8186,825.481
90.281,776.179
92.9837,812.604
90.1507,754.873
91.3778,766.627
92.0044,785.492
91.4598,790.145
91.9728,747.274
95.0017,960.076
93.7679,782.13
92.2311,911.77
89.0859,739.921
91.7937,773.362
88.8033,716.667
90.6537,736.187
90.1239,859.877
90.8151,774.656
93.4916,844.305
97.5762,867.506
90.9977,929.417
89.0302,745.436
92.9958,737.078
95.0782,798.003
92.9047,764.907
91.2686,788.199
88.7846,724.57
92.7568,909.179
93.3316,962.688
94.3127,919.263
90.2961,740.845
92.2957,908.409
89.2095,734.089
93.1725,872.775
95.2718,840.752
94.5775,1146.24
92.3805,863.118
91.3452,766.273
92.5797,795.646
92.8488,934.508
91.2872,766.024
91.3271,980.583
92.7095,889.928
89.6572,803.179
92.589,786.688
88.3593,689.295
91.4571,887.078
91.0698,863.279
89.7966,743.088
90.958,751.133
91.2428,865.613
92.503,767.882
88.158,721.5
88.1595,965.322
98.4045,865.297
92.4398,925.254
95.0185,857.548
88.7218,749.112
94.3224,947.499
90.1099,797.067
92.9794,795.482
87.6287,700.472
91.1231,789.824
92.9655,838.426
93.1934,810.156
92.2244,841.481
89.6211,733.755
95.5993,868.135
90.2189,711.471
87.7415,686.751
90.5458,768.483
91.7645,750.005
90.1476,763.347
93.8094,784.801
93.2431,787.365
92.0118,849.981
94.8416,827.233
91.1538,756.515
91.0621,757.451
87.5144,773.289
94.1097,894.459
91.2854,797.698
91.8727,740.274
91.3272,787.955
89.539,828.884
91.747,750.131
91.1884,912.549
94.9658,782.188
92.6764,738.902
92.3696,982.115
89.6191,789.236
91.4686,1010.45
91.4437,721.536
87.6194,755.081
95.621,821.672
89.999,814.789
90.7051,825.387
91.1068,720.238
88.5233,688.247
89.7265,1003.75
92.2583,859.223
92.6425,783.222
93.7289,820.563
91.9268,859.792
90.5656,827.896
93.8582,777.423
91.1416,879.494
90.8826,747.821
89.5313,759.392
90.343,741.546
89.986,810.155
93.0686,805.728
92.3665,936.345
95.6442,847.219
90.0754,771.416
88.7913,869.077
94.181,796.909
90.7599,1294.3
95.4464,790.395
87.1756,694.122
94.4653,939.229
95.1659,829.447
90.1303,824.716
90.9203,791.375
93.3228,807.472
93.7068,945.174
92.2138,802.763
96.0911,854.818
92.1484,928.981
88.7381,782.672
88.8899,745.011
94.6147,892.479
91.3543,727.062
89.185,787.416
89.3926,733.053
93.4679,853.406
92.3418,810.973
88.9274,711.725
90.9884,814.414
95.4805,801.59
86.463,767.061
92.254,850.058
93.4461,1052.68
93.9571,921.184
88.8345,728.328
95.5143,834.922
93.7588,874.834
96.6468,781.421
89.7475,745.318
93.0729,922.012
92.6957,958.957
85.7154,702.497
93.0059,801.31
93.4845,827.926
91.7911,765.858
88.1673,774.226
91.2877,797.404
93.1993,796.055
93.7878,812.472
90.9258,780.328
96.8527,863.967
92.5161,850.585
89.7364,778.482
89.6695,798.619
94.6552,870.014
95.0338,974.47
87.9211,824.016
98.2262,847.071
91.8559,855.483
92.7651,988.985
91.7915,724.245
89.052,723.331
92.1972,764.289
91.1737,807.885
91.8298,773.812
92.0124,1017.32
90.259,845.964
90.0114,763.645
90.6621,827.919
91.9237,846.024
91.5249,790.334
90.1002,847.616
93.3344,820.649
86.8956,701.962
89.5478,722.341
91.3979,728.535
88.9372,723.57
91.7932,759.985
91.8555,779.997
89.4355,824.326
88.1198,890.564
91.3397,724.591
90.9067,753.809
98.1873,913.279
95.8807,875.059
90.5925,1022.78
92.7951,917.83
90.655,940.632
92.3304,859.107
90.1022,797.863
97.6954,935.15
93.992,917.106
96.5237,901.191
93.2046,877.132
102.156,912.482
89.4317,793.842
91.5814,795.31
94.6876,872.141
92.4011,877.702
88.6252,898.593
90.8844,787.886
93.9076,886.329
90.5789,905.776
89.755,1053.33
86.3232,700.875
94.9617,1111.24
90.6293,761.844
96.7626,1060.6
98.3784,900.522
89.7724,779.199
88.7628,797.015
91.7293,776.537
91.5136,747.314
92.2262,941.074
89.6081,802.062
93.1047,799.182
91.4521,735.863
92.7322,816.045
92.0292,775.077
94.4589,808.523
89.6979,753.611
90.9232,754.665
91.5455,785.947
102.939,948.029
92.9698,801.492
93.8711,778.15
95.4611,1038
91.1254,1149.54
87.8428,778.216
89.0222,714.65
90.7303,782.4
91.7175,845.985
90.3738,717.013
92.5073,974.583
91.7289,841.157
89.4288,883.552
95.5218,855.599
90.1117,729.189
93.592,806.616
93.1284,774.44
89.3337,742.486
91.7156,1386.02
94.5147,881.689
93.0904,817.168
89.7046,800.511
94.7649,982.491
90.5504,780.613
94.5847,889.699
92.116,787.048
90.5117,698.405
92.7981,775.342
91.9687,947.025
94.9268,870.511
90.9359,772.207
90.546,780.503
91.5584,810.538
94.196,1025.71
89.3003,758.065
93.0316,1095.57
88.3803,746.88
89.6292,823.134
91.5314,715.608
88.3148,736.5
89.8309,752.524
88.6649,702.181
89.8068,854.13
89.8673,846.827
90.5408,746.14
89.8429,744.796
90.6033,796.263
92.0854,1085.57
90.5525,771.248
93.7249,780.254
93.4479,801.069
93.0008,826.676
88.9052,836.484
93.1622,809.015
92.1108,795.135
92.9179,843.424
90.9653,784.096
90.5555,932.042
95.5748,1129
93.11,869.51
91.8694,750.391
92.7522,814.5
96.1998,818.556
98.3217,883.378
92.9059,778.576
91.1061,743.484
92.0034,795.076
94.709,1009.86
95.4715,797.841
88.6209,812.476
95.3265,812.254
93.1612,792.895
91.6954,794.419
89.3492,733.382
89.9161,770.68
91.7505,757.638
94.3155,838.256
95.7559,915.174
91.0005,739.608
95.125,872.804
95.4425,844.938
87.1476,681.273
92.7607,979.323
91.7362,820.061
89.6713,780.29
92.1036,845.234
90.8709,741.914
94.588,816.332
89.6307,763.834
89.7003,713.591
93.8811,908.74
96.3439,926.333
95.37,833.508
94.9558,812.304
92.278,785.004
92.2348,909.389
88.7987,1057.07
89.4619,758.836
92.2909,812.2
91.9894,865.059
94.6043,838.873
91.0276,741.177
90.6333,928.563
92.6709,1069.06
97.9337,969.069
94.8887,826.85
92.4081,725.525
91.4335,745.917
93.4242,1073.91
91.8846,772.412
90.6535,868.072
89.7427,792.68
90.9512,846.16
92.7143,936.908
95.0109,782.057
92.1597,774.764
92.0096,916.29
87.5168,701.422
91.0941,789.283
93.3073,815.48
90.9576,735.829
92.0955,1244.61
88.6088,747.54
90.6223,722.955
91.0038,738.644
90.5663,776.612
88.1662,735.774
89.3038,737.757
92.1924,961.576
92.1119,885.253
95.2644,902.632
92.513,796.305
88.4385,817.016
96.5326,857.522
88.8998,757.736
89.4154,731.516
90.2677,918.647
91.4961,859.736
88.6258,711.921
91.1839,900.386
89.2712,722.808
93.088,784.9
90.1581,768.766
94.4569,914.283
91.2603,814.654
85.7541,709.602
92.9682,892.322
92.8087,865.985
90.8372,807.728
94.2982,871.545
92.2484,806.322
90.4763,741.384
92.1379,766.407
94.3204,982.458
91.1623,832.698
93.4346,984.656
91.2138,795.841
93.3086,804.645
90.9834,835.847
92.9265,813.47
91.9556,776.182
91.5044,782.72
93.2216,784.482
93.213,971.491
93.7593,778.102
90.734,875.119
89.9806,715.401
92.018,752.979
92.1267,822.879
93.0681,832.143
91.0312,771.289
91.1128,826.455
96.2266,779.366
91.3412,858.864
99.2633,887.022
94.4378,927.551
90.2411,740.743
93.5474,889.822
87.858,757.263
91.4198,733.306
88.6426,789.854
90.7149,736.963
90.3981,911.106
90.0053,943.014
89.4835,769.068
91.9234,741.019
91.8824,823.215
90.9958,727.192
87.4268,738.477
87.4038,682.662
93.0786,785.745
89.9894,746.206
91.8878,751.21
87.2443,684.507
90.9019,777.181
86.3101,718.074
92.3489,797.986
91.144,796.193
89.89,748.53
92.9897,772.371
90.9237,751.535
88.5894,788.989
90.4462,919.879
92.2333,842.922
93.5912,1125.22
93.4004,799.667
93.4808,736.661
95.203,820.935
94.7181,972.776
94.6844,759.721
92.442,825.863
90.8538,760.908
91.526,793.928
94.4716,895.954
90.1839,793.703
90.9604,845.741
94.1892,831.889
90.4799,802.389
90.934,1063.49
91.4703,840.059
89.0435,824.416
88.8078,763.761
89.0623,814.055
91.7247,795.762
92.5953,809.952
89.3446,786.393
92.5027,726.67
88.9399,717.655
90.3077,741.358
95.0184,894.995
86.9645,748.34
89.298,724.479
91.8649,827.869
89.1952,708.085
94.1393,823.206
93.0584,781.35
97.3771,1052.14
93.6094,980.716
89.1759,723.017
89.6063,817.718
90.0341,804.998
91.2373,741.931
92.6232,1004.33
90.2691,917.9
94.5778,1200.8
90.6195,927.186
91.0196,724.497
92.6056,1056.85
93.4954,879.003
89.2671,732.974
90.2035,733.771
91.7342,754.517
91.9356,761.694
90.2963,763.664
95.1158,910.17
91.2057,910.485
94.5239,793.3
90.3192,764.066
91.5503,851.408
91.8677,766.193
90.5688,878
88.7395,736.567
90.8126,751.779
90.1628,718.52
92.2037,777.372
88.6274,709.105
94.4559,815.082
90.1241,754.679
91.4758,763.448
90.2897,854.441
90.2699,740.243
92.5419,785.955
89.9387,838.012
89.7973,728.789
95.4079,857.785
96.4706,808.689
91.2126,791.096
88.099,806.649
95.7471,893.529
90.9464,950.446
92.0698,911.605
92.9562,780.2
87.4528,986.349
92.0626,809.143
90.2231,897.638
92.2479,878.823
93.4192,811.6
91.8417,829.899
92.253,908.826
89.1301,692.411
93.968,777.208
94.8284,799.688
88.8696,816.643
89.6435,764.396
91.522,936.155
92.8047,927.175
86.5642,718.098
92.3644,1048.6
87.7685,703.883
91.3325,732.46
93.1973,754.917
91.476,864.213
92.9683,786.024
94.8193,801.142
91.7716,926.459
87.0299,718.899
91.2679,739.628
94.646,812.102
90.0758,757.073
90.054,724.009
95.6354,795.575
89.882,773.661
93.8413,875.935
88.3389,780.822
89.7118,793.4
91.6492,809.654
88.4717,759.188
90.7447,942.584
90.5359,767.318
91.5664,864.936
90.7798,875.075
91.6727,771.669
92.4751,751.034
100.808,860.258
89.477,726.659
94.9501,980.168
90.8901,795.422
92.1817,966.206
91.9629,829.282
90.9641,967.483
94.2755,796.647
89.3501,751.552
89.2513,753.806
91.5929,822.012
91.4187,769.472
89.2693,702.091
89.2499,723.214
91.5015,841.279
92.4126,772.098
89.9106,777.75
91.733,847.918
90.273,900.348
90.1661,784.453
92.4748,820.312
90.3928,913.401
97.482,882.022
87.5998,998.563
97.1967,945.817
98.0262,898.896
92.5633,746.086
89.7304,911.005
90.617,980.615
88.4301,720.834
87.2544,810.658
92.7839,883.477
91.0501,774.83
94.3422,811.542
92.8113,755.259
92.9406,786.518
91.954,741.609
91.1274,831.649
90.6768,854.64
89.9627,812.188
90.358,811.506
94.9915,849.769
89.7888,1093.98
89.1666,730.948
95.0946,763.279
91.54,745.977
95.2377,838.965
91.0191,756.455
91.4597,1009.09
92.8893,787.199
94.5479,819.568
90.3304,810.605
90.8827,806.849
96.05,881.195
97.1582,931.709
92.7266,863.425
89.3155,683.018
87.5914,885.977
92.5083,926.574
93.1553,787.383
90.4243,743.885
92.9898,940.299
98.5769,1005.96
89.8897,735.71
91.8592,1035.28
96.5217,966.824
91.8391,750.965
91.1295,890.31
94.245,776.908
91.3913,755.032
90.9528,751.715
88.8174,756.448
89.9744,715.248
92.2469,743.38
94.9233,829.367
90.7766,867.884
94.4545,961.014
89.7684,773.617
90.359,830.123
94.3038,952.648
85.617,707.473
89.6124,776.897
91.2963,762.812
91.4384,757.232
93.3761,867.335
92.3406,999.945
92.3294,799.82
93.1324,903.188
89.9848,731.798
91.2103,786.878
89.718,903.601
90.2127,884.573
93.7258,1102.28
93.7952,787.146
92.1075,1133.43
92.8446,772.413
91.1049,865.855
90.9102,848.993
90.0449,793.44
88.8642,795.934
96.0043,790.817
90.5896,727.522
93.7246,859.553
90.8346,815.857
97.0295,889.309
87.0587,684.504
90.3099,840.623
85.7403,772.044
93.2754,820.927
88.8736,717.48
94.8533,991.349
91.0773,768.622
89.1154,691.578
90.7675,903.083
92.3414,890.296
92.8198,782.974
93.3457,858.021
94.7704,1122.74
91.7177,755.137
87.742,675.501
92.2581,851.734
88.298,797.257
98.0589,860.626
89.0775,719.352
89.847,728.346
92.61,1019.7
90.6331,765.908
91.4827,760.556
91.7018,751.309
93.2126,833.312
93.5337,912.106
93.8747,795.043
91.6371,859.459
89.8471,929.844
90.3419,778.268
85.9004,708.158
92.4433,804.418
91.2308,875.02
90.5417,790.827
91.5926,764.718
90.4917,749.786
92.9516,817.366
93.3171,806.765
94.2681,772.863
96.0534,794.053
88.8041,747.347
92.2521,1029.65
95.8906,937.139
88.9243,793.711
93.1309,810.174
87.899,909.578
92.4563,813.112
89.4872,1010.52
91.2458,786.667
92.3677,729.916
91.2661,961.101
93.7832,944.279
89.5074,793.926
93.4005,781.165
92.913,888.497
93.2026,836.125
87.1937,713.967
87.6146,678.558
89.1942,725.222
91.7006,993.257
87.0978,693.091
90.3961,841.895
93.1532,762.829
99.2584,1052.04
93.6018,790.641
90.4307,815.74
93.05,909.093
92.3952,730.89
91.9163,889.406
90.2108,797.82
89.6947,800.218
88.5673,731.239
89.3211,818.001
89.8329,765.881
96.1596,864.433
89.0149,872.427
89.3803,882.392
91.89,775.228
92.9326,775.337
90.7969,784.372
92.3928,930.431
89.3846,732.186
91.8474,949.99
93.0196,836.523
92.1009,780.402
94.1601,777.781
86.488,846.768
89.145,901.989
90.0707,735.078
91.3913,883.28
91.8817,911.539
91.2093,911.651
96.0422,862.571
94.9453,835.082
93.4105,771.3
91.0193,764.106
90.386,874.308
89.902,792.76
93.5758,788.431
90.4531,767.727
92.5138,808.159
89.9812,831.941
90.4661,792.459
93.7275,900.531
91.8136,752.107
86.8888,784.997
97.8398,810.085
89.5188,726.168
90.4089,993.39
92.4694,989.464
92.1893,769.481
90.6184,738.237
93.5821,965.757
96.825,918.022
92.6262,798.46
94.5343,1098.85
89.498,778.004
89.8779,759.534
96.1834,832.878
94.5751,885.325
92.1308,802.774
91.4973,748.9
93.0052,769.492
92.5187,753.523
89.5883,706.933
90.5245,797.849
89.9545,749.711
91.8725,811.517
90.5925,993.742
96.0088,823.781
95.7144,836.872
85.6062,806.706
89.5099,925.986
91.7112,1061
91.4241,774.003
91.5829,750.883
90.5213,1023.17
96.9279,918.713
98.1721,835.153
93.1172,882.959
91.4921,919.385
91.3537,730.269
94.245,829.755
90.951,808.007
90.2989,861.722
97.7787,854.473
92.8422,821.106
90.4056,703.689
93.7255,923.653
91.8894,1080.24
89.7364,891.498
91.8428,863.634
91.1885,905.28
92.7073,766.631
95.0512,861.177
90.0542,821.906
91.0292,997.944
103.056,860.515
90.0825,875.078
89.6716,809.397
90.9757,869.209
89.1248,735.23
90.6327,924.115
99.7784,907.719
89.4096,746.753
90.9649,829.267
91.0129,723.561
89.6932,844.484
88.5278,753.281
92.7431,1266.07
90.6332,845
94.9242,832.314
95.778,1184.97
90.0637,807.576
91.7235,748.584
90.98,748.947
87.4332,832.965
91.2988,801.681
91.4889,726.718
91.7074,720.981
91.5895,900.507
91.4708,772.744
91.883,732.756
91.6271,830.109
92.7201,929.025
95.3354,861.663
WO
82.4417,842.571
86.5003,789.725
84.2116,939.298
80.3407,658.63
81.6519,731.947
78.9436,726.085
80.7867,713.414
81.7867,721.571
80.3699,700.369
85.6657,832.869
78.6387,635.314
79.2348,640.84
79.9452,705.484
81.3699,699.149
81.1911,677.283
79.4259,665.597
81.6901,722.542
80.4841,696.098
78.0081,656.14
83.4467,1043.81
82.7375,820.513
79.8651,705.204
84.7172,830.519
80.2929,701.141
81.2071,854.968
85.1028,771.156
81.1763,772.515
80.8623,844.261
84.3815,829.233
81.5708,738.314
79.3268,732.233
81.3822,723.49
85.3276,779.661
81.0009,795.784
79.6805,782.306
81.3542,763.395
82.5243,798.722
81.1613,779.824
81.5369,736.657
81.0367,770.619
80.9516,773.877
85.9229,825.987
81.4176,665.921
79.7402,731.763
79.1126,720.865
79.3859,664.976
81.0978,909.581
84.6003,914.523
81.6587,769.054
81.7984,745.609
82.2904,734.74
81.5937,744.861
84.1373,734.67
79.5321,688.051
82.1134,916.7
83.6518,738.292
83.1503,748.917
83.6316,834.341
82.2619,797.029
85.2111,801.12
79.3823,682.523
82.3548,702.423
83.2659,747.511
85.4121,768.758
79.886,748.435
85.4397,868.578
83.1049,758.499
83.7918,776.629
79.3204,675.045
86.2099,775.466
79.7242,681.815
80.0014,677.643
79.5513,652.07
81.334,705.401
79.4255,704.847
81.6793,706.892
79.3118,647.753
80.3151,693.93
79.6612,704.704
83.6997,751.823
82.9148,777.676
80.5307,705.705
79.8539,772.239
83.77,760.325
83.7453,756.074
83.1919,864.477
82.4969,871.454
80.3185,718.634
80.4382,731.755
80.9372,712.594
80.3649,745.903
80.2451,712.696
81.4201,687.934
78.2828,655.405
82.1873,836.476
80.8196,681.073
81.6843,723.15
81.5136,718.403
79.3473,736.556
81.4454,691.284
83.8102,801.264
82.0595,758.415
85.7376,784.152
82.7859,860.805
81.3725,756.228
79.2204,660.128
81.174,695.267
79.3387,702.327
81.131,854.75
79.7248,704.671
82.1846,736.21
83.499,813.066
81.7327,688.296
82.3062,889.574
82.5448,749.974
82.1472,809.496
83.2234,762.818
84.2066,906.136
82.0959,766.383
88.1289,815.232
80.821,784.757
80.3577,717.168
81.5896,743.461
79.4802,657.583
82.5461,1065.43
82.9408,765.904
81.7942,699.341
80.5811,692.746
82.0136,862.555
79.6159,671.477
83.9867,743.144
81.234,775.895
82.3387,764.801
81.0423,696.294
81.0198,748.823
82.0564,756.518
81.7484,735.234
76.4453,606.298
80.2213,788.451
79.5424,715.744
81.8647,671.716
82.2148,748.792
78.5303,651.145
79.0809,660.969
78.0832,665.098
80.6887,858.922
79.44,833.59
79.7405,678.987
82.7263,714.241
82.3902,727.149
79.9966,704.017
82.8645,825.582
80.865,1131.96
79.7626,993.836
80.6144,703.896
78.3793,669.535
81.4841,727.353
80.3334,672.43
83.6169,914.464
81.334,733.848
83.1001,880.025
79.0248,845.007
79.0191,644.894
81.5762,758.246
79.4954,666.431
82.6309,725.729
83.9962,1191.76
82.8142,720.236
79.5229,684.966
80.3542,655.536
78.0137,747.968
80.9905,676.742
82.3925,789.877
85.509,793.84
82.3647,721.542
82.4481,725.663
79.7407,747.295
81.2931,717.85
85.6353,801.394
88.2997,898.286
79.2155,669.232
79.3028,734.009
80.9924,713.82
80.8434,691.732
82.2852,813.122
81.5366,742.183
82.6752,758.15
79.923,760.807
82.891,744.095
81.2852,681.871
84.494,923.585
79.9226,799.906
77.9112,703.689
81.7047,909.096
79.1687,877.246
79.5693,724.674
82.6896,704.404
82.0132,714.042
81.364,757.686
81.1265,718.706
80.7203,780.738
80.636,717.433
80.7999,711.772
78.9012,787.766
80.4546,685.921
79.7339,783.758
82.9178,824.52
80.038,752.639
84.4647,777.835
80.061,683.934
78.5438,716.831
82.5594,707.847
83.4181,793.175
82.5227,879.875
84.4591,748.466
81.091,717.979
81.6168,713.939
81.4159,796.484
82.3595,759.263
80.6137,719.556
83.2195,807.882
81.4699,708.052
82.5477,972.679
87.086,853.887
80.5787,692.115
83.3146,726.884
82.2949,797.887
84.1192,736.353
80.5821,1081.5
79.4219,822.181
81.2561,731.74
82.0048,709.774
79.6378,652.408
79.5805,680.12
81.1531,668.685
82.3061,762.099
79.6131,685.57
83.2256,862.297
83.3048,777.536
85.0738,766.173
81.1694,699.607
81.9493,728.476
84.7325,828.59
78.6912,665.506
83.7803,920.348
83.5136,781.301
81.6522,710.251
93.7701,853.282
79.8184,736.09
79.8008,807.734
81.0759,767.209
80.348,684.234
83.9413,734.105
81.7227,778.11
80.8305,703.572
80.8533,756.653
82.0199,962.78
80.7756,679.534
84.8529,864.175
80.6546,726.01
81.9996,805.247
85.3172,765.864
77.5862,763.188
78.9415,756.505
82.73,740.316
81.1932,709.44
80.9538,719.865
81.0689,753.501
81.3146,709.514
81.2347,696.718
85.9055,779.129
77.7755,605.975
81.2699,866.845
81.0222,715.369
80.5602,822.253
84.2444,947.946
84.2732,768.902
82.0545,724.124
82.5807,740.768
84.2004,784.824
81.8893,740.873
80.4788,692.252
81.6809,1015.15
84.9937,773.028
82.1909,728.044
77.65,630.959
83.196,733.172
82.4594,750.973
84.2957,743.31
81.7265,816.844
81.3505,851.365
79.7689,659.279
80.7262,659.677
79.6338,865.498
81.0373,750.443
80.5461,674.778
84.4206,779.016
81.4464,678.576
81.0902,707.086
83.5212,903.205
79.6884,697.135
79.6196,750.861
82.2131,737.077
83.5581,784.566
79.9097,687.744
81.9344,749.227
79.9887,794.004
79.604,670.359
80.7068,689.806
80.1022,815.248
81.6623,693.128
81.2319,732.047
80.2442,687.231
81.4869,836.914
77.807,653.45
80.8569,681.207
80.9861,826.939
80.9833,748.087
83.1397,748.77
80.073,687.155
80.7517,790.444
81.1567,864.452
81.4866,756.335
82.9605,825.874
78.7581,642.045
83.6329,747.682
82.3811,752.41
80.8123,824.549
84.5962,788.822
80.4547,717.629
80.4822,733.959
80.1838,641.702
82.3203,689.38
84.6171,750.25
79.9881,650.73
80.0625,712.978
80.3585,723.5
79.5377,676.061
85.0187,777.487
85.4606,756.026
82.5539,761.364
79.497,669.717
80.3981,683.553
81.1926,768.324
80.1848,768.523
84.009,774.425
79.2603,642.423
86.4225,870.002
79.7794,669.995
79.6492,705.84
83.1256,929.19
81.2809,868.687
80.126,660.362
80.7389,665.564
82.154,688.895
79.9351,661.3
81.9619,732.122
81.0482,681.562
85.4872,826.427
81.6181,719.998
80.9652,803.143
80.3779,749.045
83.3796,895.401
85.8303,1099.84
80.5713,681.084
80.4456,739.866
83.3316,738.513
85.173,750.73
82.1738,735.139
78.9619,657.071
80.4364,694.962
80.3479,720.095
80.9929,855.037
81.3027,867.846
81.8207,977.857
80.6414,706.744
85.8579,773.085
81.8106,820.306
80.8952,706.504
80.8908,707.579
80.5876,696.036
82.8528,777.908
88.2537,778.964
83.8208,775.85
79.1815,1015.86
81.3109,690.477
81.3772,978.463
84.8983,788.435
83.7531,767.042
83.2386,843.884
80.1614,854.614
82.5235,779.256
80.8017,867.931
82.033,729.599
78.1642,626.023
79.801,691.622
79.6789,734.111
80.3166,744.545
81.7983,750.572
81.5234,722.252
82.179,732.434
80.1543,679.28
79.7247,672.611
82.2305,768.974
86.493,836.573
80.0297,649.742
81.6759,873.602
80.4867,720.915
82.2045,798.099
85.0869,826.744
81.4979,720.168
83.6065,775.08
79.8736,944.274
81.8041,708.812
85.1642,790.614
79.5193,869.549
79.096,705.878
82.3195,763.518
82.6781,704.165
88.0576,852.893
82.858,737.796
81.2535,824.123
82.7121,781.604
79.2353,642.337
77.0483,618.087
80.8887,674.005
80.596,666.592
80.4866,690.477
84.286,730.039
81.6327,796.302
82.303,973.475
81.7946,727.103
80.9286,696.793
79.626,733.301
81.3841,727.31
81.1725,799.041
81.6864,728.02
82.9674,773.963
84.0029,754.814
80.5717,692.48
80.026,729.007
78.5765,661.927
79.9367,720.073
87.0209,788.2
82.7076,827.647
79.2001,685.808
82.2849,889.73
81.8338,707.142
82.4401,1017.11
83.2269,860.374
82.0013,709.468
81.504,730.871
78.7854,617.38
82.5414,743.949
83.7585,756.486
87.3211,958.652
86.0022,913.239
79.0141,721.981
86.0436,828.168
83.7337,759.22
82.2785,736.728
79.4184,662.134
79.5508,697.599
83.2157,745.586
80.9768,828.035
78.054,681.181
82.5214,760.973
84.8051,770.395
81.071,731.28
82.7992,739.289
83.0725,724.821
79.5222,705.299
81.0527,799.18
80.4978,754.894
83.708,751.51
83.6134,780.084
81.1534,695.619
81.4788,776.693
83.8895,766.778
83.3012,739.201
83.5199,761.387
79.6384,707.187
81.575,707.298
83.0943,811.403
80.8331,804.944
79.818,668.229
78.1593,771.043
84.168,769.922
79.1843,677.241
81.1756,758.606
82.0115,773.092
81.0252,801.222
79.8996,713.62
79.5749,836.727
79.3671,673.009
78.9788,652.917
84.5215,819.708
81.0483,792.032
80.931,875.071
80.6149,707.82
83.6144,758.564
81.344,760.23
81.1856,701.106
81.1051,699.556
80.1399,966.931
82.2885,750.571
81.7461,933.956
81.107,710.51
85.0373,790.205
81.3778,805.79
80.3148,753.959
82.1731,782.548
81.9854,742.761
82.8816,741.05
78.0494,659.071
81.3035,895.066
82.54,748.599
83.6414,753.001
81.9478,762.125
80.9035,694.682
79.2465,652.519
80.5794,699.073
85.2553,843.888
83.0832,751.663
78.1589,633.144
82.0187,710.986
83.4054,764.627
84.666,727.909
82.6155,713.652
85.0927,758.097
81.1254,694.446
80.0972,665.857
83.7742,984.353
83.9567,782.769
79.7551,664.433
82.1442,740.693
82.3912,724.543
83.4308,723.193
82.4424,742.288
82.5004,710.898
82.8072,839.736
88.0425,745.211
82.9531,944.588
83.1125,715.603
79.6116,823.244
82.4304,749.38
82.0077,980.496
82.9233,763.673
79.3822,670.082
81.4198,705.372
83.3182,701.467
87.5061,798.705
80.5896,663.378
80.9942,697.934
79.493,660.455
80.4731,704.222
78.4076,709.705
79.0808,753.754
80.6034,835.994
89.8289,886.915
80.0019,812.617
80.3423,749.565
83.0327,763.174
83.4165,832.549
79.645,653.683
80.7146,807.671
82.0663,690.695
81.5027,854.968
81.4086,699.936
87.7081,887.155
81.2194,729.826
85.6535,890.986
83.1568,760.554
84.2781,761.31
83.9791,743.319
81.1332,927.136
83.6485,734.51
82.827,750.131
80.3762,706.827
81.0984,703.874
84.1848,741.36
81.9999,860.434
84.0986,953.999
80.875,891.206
80.1941,689.367
80.4006,700.581
82.147,704.795
79.1503,671.043
82.8038,724.736
80.398,649.159
82.6217,736.94
79.8093,673.455
86.82,789.605
81.623,692.713
80.7174,783.226
83.0772,772.273
80.7731,800.568
83.2147,775.534
87.1798,882.945
85.0356,815.31
79.817,699.837
81.8226,816.023
80.9264,691.387
79.9256,797.921
79.9495,685.498
82.3016,731.842
78.0552,653.01
81.4444,872.151
80.5531,821.271
79.9984,723.489
81.062,820.439
83.2197,768.082
77.2919,638.454
81.1782,743.217
81.1405,877.862
82.5841,744.233
80.4676,689.163
83.0716,741.868
83.0045,760.483
82.4479,708.018
78.8389,693.572
78.865,649.167
80.1278,701.798
82.3404,778.471
80.7103,713.928
83.4084,770.546
80.8344,716.199
82.2492,791.286
85.8004,781.978
89.0369,873.508
79.8097,801.134
84.633,847.515
80.2956,702.669
82.6715,802.33
86.6688,986.469
80.1754,701.839
82.7233,702.36
79.7722,670.775
88.4882,880.739
85.7199,814.505
82.9989,725.33
83.6322,770.943
82.0155,763.115
83.0575,916.068
82.9629,770.905
79.9841,691.752
82.1131,759.902
81.6834,734.057
85.0118,768.815
83.3485,755.318
82.3865,737.241
79.3004,810.441
82.3277,717.271
81.824,713.298
81.1554,743.737
80.905,736.466
82.473,709.715
81.7578,838.757
83.9796,774.533
81.4931,695.59
78.1331,623.818
83.6516,749.127
80.7227,760.225
79.4966,662.614
77.0662,823.532
80.0966,729.414
79.6405,762.279
81.2826,728.416
85.2704,772.821
80.5619,794.487
79.62,659.921
82.4795,813.417
80.4023,668.579
80.4607,684.577
85.5729,740.142
79.2764,645.492
80.66,690.432
79.0871,649.128
82.5701,730.845
79.0233,727.742
81.8557,809.789
83.3321,752.441
80.6696,712.637
85.2852,795.693
82.1369,716.863
78.9625,823.192
80.8933,664.164
85.7781,805.123
80.0295,748.638
82.7153,725.074
83.5195,790.966
79.9173,697.002
82.0499,971.906
80.3099,697.046
78.7052,641.527
82.8439,720.393
82.825,766.31
80.9683,716.032
80.9189,758.842
80.0636,720.025
78.428,790.174
81.3507,757.619
82.032,703.224
80.1227,706.199
82.9122,757.754
83.8985,721.405
78.8819,639.783
81.3006,746.917
82.6682,722.034
85.8213,827.041
86.2446,766.863
84.2367,816.216
82.5286,815.143
80.8156,717.088
82.6075,707.247
81.131,789.312
82.1751,796.381
84.0933,904.072
82.2687,857.765
81.9738,824.09
81.1707,702.68
82.2877,885.887
82.3006,735.538
81.2714,947.533
80.3051,771.552
80.7819,1035.12
78.8209,738.347
79.7004,691.741
80.7969,664.027
82.9094,765.763
81.0471,795.14
79.4372,680.064
77.1563,631.128
85.642,802.033
79.9499,650.826
84.9685,849.836
83.5721,943.215
82.5302,854.615
79.6752,648.493
80.176,707.61
82.1261,729.226
82.2868,760.799
77.3484,687.842
81.6025,723.543
82.0637,759.746
81.0285,647.223
83.7749,733.39
80.5806,808.905
80.44,695.783
82.438,805.314
80.6885,717.677
79.5458,691.417
81.6239,747.331
82.8222,784.08
81.4919,905.751
80.3046,679.007
85.6922,805.812
81.5915,712.976
81.5814,740.655
83.5009,822.596
86.4843,862.411
78.7474,679.579
82.7716,736.535
79.1998,663.961
83.551,763.317
80.4241,759.902
83.4997,762.122
81.7178,798.284
81.7584,737.36
80.0541,708.063
82.9725,749.975
82.6104,821.696
80.4956,695.73
83.5499,753.316
79.1555,657.207
79.9829,643.831
79.3356,731.51
82.2574,777.003
83.197,919.357
80.6049,849.901
78.5779,818.407
80.1201,751.81
83.5223,791.168
81.6846,732.583
81.1464,846.206
82.4293,869.941
84.5502,823.355
82.9895,811.612
83.2612,914.805
82.4393,714.148
82.3351,805.39
82.1883,725.121
80.0937,782.211
81.0854,690.182
80.3784,659.409
81.5566,716.497
78.2281,674.152
80.4753,720.189
83.6653,710.291
80.234,663.929
84.1205,750.949
81.4984,670.894
79.6858,667.82
78.9974,716.04
80.7976,711.24
81.1227,696.755
82.4339,705.525
85.2507,757.301
83.9047,753.159
81.5437,708.333
80.2577,731.014
82.127,923.437
81.6843,755.955
79.5589,621.165
82.1638,733.341
79.8685,670.378
80.5113,1134.84
83.4338,795.851
83.0022,750.019
82.0366,712.882
83.4744,744.849
79.9311,667.443
78.9904,627.216
79.7301,733.294
81.2667,749.302
81.8417,718.615
82.5231,780.192
80.0589,700.573
82.4496,771.608
82.3089,930.114
81.1211,699.32
79.0931,727.89
80.4228,653.426
81.0643,705.608
81.0493,905.471
79.543,651.543
79.8793,659.47
80.9385,680.933
84.0355,783.615
80.4314,670.492
85.0339,761.996
78.1125,643.188
80.1832,727.321
82.4823,728.301
80.7921,714.134
81.1639,904.691
81.2199,719.628
79.9746,690.124
81.3679,996.672
81.9381,755.977
78.9004,660.435
82.5159,749.847
80.1636,718.652
81.6089,721.22
78.6266,833.519
83.43,848.924
79.0673,647.149
80.9119,681.268
80.9865,747.719
83.7953,771.944
77.9392,662.087
81.4231,735.691
82.5163,721.786
80.3123,768.326
82.3896,778.599
82.8505,738.191
80.4411,716.351
84.8493,846.808
83.9852,780.79
85.057,936.775
80.7377,672.094
79.1099,791.039
82.3847,730.379
77.7727,595.05
78.5177,791.035
79.7979,686.128
80.2377,674.069
82.2199,729.473
79.5033,673.187
80.5954,686.086
83.8357,782.697
79.9696,702.748
80.2583,735.283
81.9902,712.391
83.6497,746.123
78.4594,676.657
79.3752,771.777
79.3035,724.374
82.2762,702.734
80.5312,701.979
79.7704,679.429
79.3888,686.138
79.5083,728.641
82.105,710.159
83.2234,803.634
79.8043,681.496
81.9647,939.325
79.8191,831.231
83.0715,742.918
83.9066,862.625
82.1655,727.168
82.8279,1023.84
84.8545,786.069
83.1158,722.559
82.6563,742.844
81.239,708.231
77.4097,611.307
78.5637,656.736
81.16,820.776
82.7345,717.568
83.3819,798.603
82.6335,727.92
83.1335,757.256
81.3075,736.583
81.6029,724.968
85.1966,763.604
84.0834,807.347
81.9184,711.772
81.6921,724.649
81.2924,697.802
79.8432,644.957
82.0535,695.224
78.8737,698.716
83.6228,760.98
82.5024,730.164
81.6618,717.769
83.7851,760.937
82.1382,749.806
79.4835,646.756
83.0937,746.871
79.8999,722.963
81.9926,719.773
81.6046,712.966
80.3938,658.416
80.0179,702.476
80.6779,701.327
80.2612,763.039
83.3952,719.581
78.422,786.768
81.7109,961.051
80.1574,698.494
79.9213,675.851
79.4905,784.135
81.5833,739.661
81.083,696.942
80.7172,774.412
79.7417,672.077
80.023,674.617
84.6206,742.52
79.813,785.927
84.7302,801.148
79.6588,657.036
85.2011,795.095
80.7492,685.259
83.1257,806.699
81.9263,728.294
80.1075,719.901
84.6726,746.276
83.1351,774.453
81.7569,734.288
79.9682,751.632
84.1883,803.239
80.8924,718.515
82.0589,724.592
84.0729,757.275
83.1453,715.667
81.3847,770.984
81.2338,688.143
83.2891,756.882
84.8283,766.732
81.216,769.455
78.6141,824.073
83.4296,728.351
80.0067,665.699
83.4093,701.422
80.0734,685.416
81.1365,823.907
82.7012,824.657
79.6726,743.457
79.0542,627.931
80.8119,696.927
82.1364,780.331
81.6776,700.459
80.5938,682.365
83.5644,731.048
81.0074,863.077
83.4768,769.269
82.0589,862.32
82.5892,947.257
87.7895,910.669
78.2255,789.686
79.0248,644.411
79.0445,643.089
79.5074,956.956
80.7578,1310.65
80.5256,778.963
80.3767,697.356
82.1715,713.123
85.8004,763.264
84.9779,773.024
OPT
85.9389,539.445
84.4745,531.697
85.4531,586.283
84.6096,561.622
87.3435,567.232
86.7117,613.782
85.53,573.718
86.6962,891.619
87.1322,719.402
86.0239,560.31
85.7145,571.315
87.2144,686.604
87.6392,586.446
84.7988,543.894
86.599,526.946
87.0855,592.421
86.4834,710.525
87.711,682.071
85.671,579.875
86.5361,595.323
88.8506,553.197
86.0951,563.517
85.214,539.516
85.5937,583.789
85.6918,559.93
84.8512,546.181
87.1015,661.04
86.1245,596.177
85.7394,621.802
87.6311,738.07
85.7701,586.574
86.2463,575.055
84.8875,529.606
86.3179,621.192
86.1317,609.266
85.8511,533.165
86.0141,535.267
86.7002,670.284
85.1644,551.35
86.4666,669.687
85.565,647.763
84.0554,564.564
87.2602,566.191
85.4593,611.81
86.2182,577.551
86.3572,697.554
85.0627,568.636
86.6382,617.997
86.4298,574.409
87.3341,675.858
86.8636,601.802
87.3651,843.162
86.9076,645.216
86.4232,554.431
84.9695,583.678
86.4342,584.974
86.1373,565.816
87.8161,545.044
85.1879,518.401
86.0245,557.052
84.6073,584.214
84.4724,582.645
87.7979,581.462
87.0444,579.691
87.5817,599.759
86.7368,552.758
85.8172,576.271
85.3005,761.821
86.5176,576.04
86.6458,574.699
85.7303,543.461
86.7147,624.97
87.174,553.448
85.8803,587.19
86.2243,649.298
85.9069,728.339
88.0457,746.96
87.9849,561.559
88.1788,535.276
85.1481,683.953
85.7747,593.837
85.4981,570.794
87.1008,556.651
85.0924,573.38
85.2446,679.261
87.9952,691.543
84.5172,668.972
86.931,687.485
85.6149,539.342
85.2293,540.824
85.4206,554.608
86.6358,575.251
87.2072,559.361
86.6451,696.211
84.1558,675.15
87.31,633.822
84.9267,586.991
86.6928,567.269
85.9438,528.454
88.1468,578.871
84.5167,702.115
86.8619,714.802
86.9991,550.186
85.6533,721.734
86.2625,635.216
87.7395,690.458
85.2162,644.004
85.8743,684.36
86.4839,663.849
84.8945,548.273
86.7384,560.963
84.7595,542.108
85.5175,573.248
87.6319,581.444
85.9538,575.036
87.6863,564.237
86.6092,610.487
85.8262,575.878
86.1469,577.938
86.384,582.747
86.1223,540.38
85.5935,600.454
84.487,706.367
86.384,641.085
85.1947,547.288
85.772,841.03
85.9063,756.274
84.7212,577.776
84.2764,612.395
86.7108,566.217
85.3989,633.1
85.4272,613.801
86.257,544.898
87.0861,644.393
86.622,655.612
87.4743,626.517
86.0308,638.609
86.7994,597.132
86.9785,630.189
85.9958,535.124
86.6825,589.504
87.6395,713.014
86.0125,729.567
86.0926,825.747
84.506,586.447
85.9703,532.414
86.4174,717.117
85.8059,571.881
85.8368,623.602
83.9342,517.152
84.4159,564.316
87.2219,622.556
85.8507,665.656
84.2994,526.209
85.7373,539.69
85.658,558.472
85.9341,555.23
84.8197,517.409
85.5179,533.363
85.0529,590.501
87.9999,563.717
87.0175,807.971
85.9069,644.937
87.6161,625.884
86.5691,681.598
85.6199,567.543
87.043,547.356
85.9855,600.609
84.5947,532.152
86.0488,547.735
86.3161,556.55
85.8141,612.013
87.2957,611.151
86.4534,605.357
84.5961,595.858
85.1689,520.768
85.8,658.273
86.7912,581.227
86.5994,564.841
86.4056,548.678
85.2403,778.431
84.8595,574.869
85.5858,697.299
86.7198,556.746
86.7629,599.708
84.4253,690.551
85.0012,584.921
85.0628,556.164
86.8393,629.261
87.7784,625.843
86.1513,667.361
84.581,884.508
87.2274,702.942
86.0861,765.164
85.2928,552.953
86.3258,620.386
86.9607,644.928
86.8005,711.029
85.1609,555.002
85.3103,757.287
83.9353,556.028
86.3022,588.304
86.6159,615.737
87.6898,630.299
84.6183,539.991
86.2693,829.363
86.8043,565.153
86.452,597.265
86.6199,527.258
85.6672,544.911
87.1188,581.131
84.9625,520.162
84.8431,554.07
85.7684,578.745
86.081,689.909
85.7193,580.614
84.9542,551.719
85.8024,992.416
87.1931,620.036
86.5831,619.114
86.0467,661.207
86.6613,568.488
86.5131,571.729
87.9676,622.578
85.5674,720.741
87.6712,579.989
87.6241,579.553
84.9831,682.094
85.62,571.982
85.4531,529.285
88.8046,705.057
87.253,564.808
85.2689,568.03
86.8712,626.339
86.53,564.712
85.0986,561.719
88.0933,626.625
85.0599,611.906
85.4907,544.679
85.8461,531.27
84.1286,512.06
86.4025,818.408
86.3967,617.274
86.5171,678.92
85.1517,652.606
86.4678,783.22
87.2607,572.616
85.9168,563.275
88.121,577.236
85.4752,561.448
86.073,571.182
85.8288,573.573
84.9569,538.124
86.5032,600.607
86.2124,631.096
86.581,553.659
86.4759,580.028
86.431,588.887
86.7218,554.85
85.7922,653.65
87.514,664.381
87.0168,570.324
84.6046,553.074
86.8704,771.419
85.6248,522.852
85.5852,528.152
85.0865,551.219
86.9035,665.906
86.4462,599.713
86.4027,727.039
87.9357,577.582
87.1158,711.037
86.604,563.217
85.0908,573.028
84.9822,543.423
86.2552,657.238
86.1317,545.77
88.2057,581.219
86.5994,583.97
84.8829,564.266
86.5217,573.376
86.6003,581.771
88.1412,565.971
86.5729,564.939
85.3983,557.938
87.9169,600.999
85.1185,561.432
86.9657,532.359
87.4679,656.206
87.5421,559.367
86.5805,590.434
86.0518,629.001
86.6006,581.668
85.9814,548.454
86.4849,544.364
86.5124,633.506
86.9601,652.569
85.7489,604.937
86.7969,573.907
88.0726,569.526
86.5591,586.209
85.6183,852.619
87.3176,623.657
85.8288,576.199
84.2215,623.516
87.2375,558.905
86.3715,902.269
84.8954,542.157
85.758,582.436
85.7434,578.125
86.1765,630.385
84.7001,526.012
87.1324,614.454
86.413,803.908
89.0346,581.531
86.8904,678.849
85.2407,586.231
86.2678,561.947
87.0515,634.555
85.681,662.271
86.5622,550.314
86.467,546.496
85.2043,551.018
86.9744,629.707
86.8685,612.233
85.9421,611.638
87.4096,791.452
83.7913,638.383
85.6592,590.409
84.7927,674.166
86.7205,579.629
86.7644,543.042
87.0268,648.325
87.1424,568.866
84.5801,534.639
86.688,575.934
87.4875,648.974
85.1434,535.405
85.7124,537.957
87.092,557.659
86.3967,581.771
87.9085,712.749
88.0152,660
85.2822,572.423
87.2833,605.99
86.4697,579.251
86.9283,551.415
86.6788,642.643
87.2123,569.099
85.9795,561.841
89.108,683.227
86.3995,574.204
86.8563,1029.33
85.4544,539.421
86.1311,639.932
85.9414,587.278
86.0817,572.797
86.7152,654.294
85.2136,574.467
89.0669,573.536
87.6846,576.252
85.756,543.38
86.2063,560.104
85.3385,714.78
88.5718,635.259
85.3955,553.075
86.8178,517.53
84.3397,655.125
88.0966,578.286
87.8049,592.398
86.3728,582.088
84.0732,550.497
85.6902,571.375
85.3792,554.356
85.6035,824.69
88.4899,596.643
85.5511,580.963
86.7295,569.825
83.6273,610.594
89.084,729.375
85.9964,624.405
85.5849,579.565
85.9056,552.309
86.399,567.357
85.3387,532.224
87.5812,726.82
87.6672,612.112
86.3296,619.718
84.4746,646.824
85.9609,688.67
84.6277,567.676
84.964,570.963
87.1174,864.588
85.3212,595.884
86.6953,572.155
86.0464,566.542
84.4801,571.383
85.7483,531.741
85.4725,584.994
86.6615,885.64
86.5357,641.441
85.9724,699.206
86.8222,938.359
86.4285,570.149
86.0691,537.818
87.0747,605.67
86.5718,576.712
85.2771,603.129
88.5887,589.104
86.7618,616.342
85.2664,531.721
85.9541,574.42
86.3253,555.458
86.3058,587.827
86.7704,603.382
86.0686,562.994
85.1619,627.99
86.0118,566.153
85.5022,597.531
87.7201,574.996
84.5709,707.963
85.6368,672.559
85.3815,566.061
85.171,665.928
86.7206,647.316
87.5604,599.077
86.894,575.164
85.0936,557.223
87.2106,614.73
84.8311,563.733
86.1747,716.878
87.3078,822.523
87.6413,695.134
86.4119,649.299
87.0619,942.762
88.105,883.127
87.4452,693.987
85.0027,570.708
87.8659,720.432
87.5933,576.596
85.7914,541.299
86.2858,710.059
86.8624,669.689
86.5821,660.364
85.2367,571.548
86.7837,586.541
85.9235,533.9
85.7495,618.818
87.3438,611.238
87.2565,781.879
84.6782,776.126
87.1115,583.694
86.2544,593.432
87.7465,583.421
86.1161,550.914
86.4044,637.714
87.2749,715.559
84.5626,532.752
87.0507,549.411
86.2472,578.374
86.2289,578.273
86.5759,753.243
86.9054,537.615
87.6756,597.382
87.669,567.768
85.4737,629.337
86.5468,754.561
88.0288,636.745
85.8419,727.706
86.4777,568.169
86.1833,554.037
88.1723,589.189
86.6799,545.428
86.2849,640.549
85.6592,556.413
85.329,524.532
87.0443,657.536
85.7668,557.569
85.5906,558.721
86.3446,656.209
88.5462,603.362
85.1608,531.049
85.8845,561.828
86.7818,920.855
85.9734,675.172
86.5246,537.874
86.118,552.304
85.045,593.656
86.4052,562.479
86.2292,578.853
85.1773,534.955
88.1011,751.262
87.508,616.469
86.302,595.997
84.8555,600.666
85.5654,576.672
84.1587,591.868
87.3149,561.737
85.5238,583.695
86.0755,660.351
87.2846,583.721
84.923,616.763
86.8052,756.031
87.798,625.589
85.1581,589.723
85.438,851.682
87.2523,573.312
87.9627,550.486
87.6341,618.218
85.1285,582.449
87.3264,587.825
87.2742,571.582
86.706,634.75
87.3482,590.362
85.939,535.169
87.2804,605.682
87.9631,547
85.165,595.521
86.5078,770.046
86.3076,575.615
83.6824,525.899
86.0595,604.07
85.1878,572.784
86.0989,567.693
85.9703,532.205
86.314,631.811
85.7424,712.689
85.9116,606.375
87.3096,558.029
88.5582,600.351
86.4952,839.176
86.7312,574.483
85.9896,538.867
86.1085,563.681
87.9104,611.113
87.5877,566.706
85.3227,538.833
85.1091,643.114
84.3236,556.836
87.8654,657.194
85.1061,697.256
86.7138,559.056
85.415,568.208
86.866,707.899
85.9414,796.666
87.8062,970.432
86.2154,804.624
87.124,554.768
84.6988,591.8
87.3624,574.54
85.0962,542.01
86.105,621.622
87.0114,587.643
86.9205,842.706
85.294,657.621
86.743,626.093
85.5088,791.901
84.502,529.896
85.2674,673.21
87.8891,544.247
84.3805,667.476
87.5544,650.894
87.6473,598.422
87.3784,627.629
85.202,536.564
87.673,742.063
85.2231,540.782
86.1005,631.713
86.7847,523.746
86.3246,629.192
84.9201,637.753
86.8625,874.775
88.519,712.605
86.4999,589.92
86.264,637.459
85.9911,527.147
85.388,549.38
87.813,666.87
86.1051,639.342
85.9729,811.631
85.732,559.923
87.2966,598.447
85.4523,595.817
86.1855,569.791
84.4087,569.682
87.0901,574.034
85.883,725.538
85.8991,536.055
85.4536,592.508
87.7887,552.665
85.863,579.367
84.3353,527.693
86.0651,804.507
87.3631,591.317
87.5377,657.788
86.3668,601.241
85.8877,566.895
84.9551,549.778
86.0224,557.523
85.6286,568.781
84.3692,729.152
85.5288,691.644
85.5428,793.19
85.3704,586.459
86.3403,582.718
87.352,596.366
86.0626,537.944
85.7855,581.872
86.0046,636.074
86.4262,670.208
87.1695,550.445
86.5106,719.813
88.7062,561.648
85.8484,527.45
87.0107,579.416
86.8492,713.698
87.6573,568.32
87.0658,557.353
87.2984,555.458
84.5239,555.741
86.2178,584.48
85.0758,569.008
86.2424,629.348
87.1876,618.625
85.3708,827.362
86.2791,552.866
85.0605,562.982
87.5855,651.87
87.5657,595.924
88.3652,573.136
86.2876,700.911
86.6591,572.953
84.9604,597.728
86.3931,633.885
86.9559,572.446
87.9738,700.799
85.444,574.761
85.2329,797.936
86.0153,567.603
84.8958,663.542
86.7265,720.828
86.2466,571.48
86.3722,737.025
84.6167,587.187
86.9567,595.397
85.3914,569.117
87.0218,572.452
84.3945,729.633
86.4227,627.889
85.3956,669.277
83.7975,588.728
86.2161,589.515
85.5147,671.064
84.4896,576.495
86.0449,747.893
85.7847,628.019
86.6803,597.879
84.1025,520.594
86.1942,643.459
86.8593,613.006
85.544,518.891
84.5024,698.822
86.5244,536.722
86.9609,627.393
88.094,595.656
86.1195,584.653
86.2305,556.265
86.7477,637.338
86.7993,593.323
86.3429,559.059
86.5111,565.606
87.8684,640.833
84.7508,541.526
86.9084,718.364
85.3837,558.846
87.1266,650.449
85.9642,590.047
85.6725,633.498
85.3751,530.517
86.1644,626.423
85.3623,782.452
87.0452,801.557
85.0259,593.494
85.4402,552.875
86.1271,546.962
86.2908,598.391
84.9061,557.837
85.2553,539.968
85.481,664.906
85.7055,561.427
86.5766,609.076
85.0942,685.344
86.5411,680.948
87.9112,554.91
84.9004,605.772
86.5081,705.944
85.6038,650.955
87.7234,798.495
87.4958,551.889
85.9289,565.832
85.5296,620.706
87.347,575.127
86.2898,567.984
86.5635,581.53
84.9483,552.904
85.9876,538.606
84.8421,603.966
85.012,611.457
87.5357,577.561
87.2085,657.783
85.6665,709.306
85.8284,570.717
84.3435,505.233
86.3727,614.64
85.8646,531.128
88.3893,788.518
86.2553,553.742
85.856,623.755
85.1663,709.886
86.1361,633.74
85.865,569.624
83.8226,632.138
87.594,619.227
85.3344,556.456
85.6512,564.306
85.2523,672.414
85.0436,578.012
86.0919,551.638
87.3483,569.583
88.6976,668.363
86.3343,643.405
85.4148,640.458
85.3234,573.981
84.4986,551.788
87.3911,590.855
85.1269,862.423
85.6762,532.57
85.9959,532.427
86.3964,565.543
86.0801,658.915
86.0757,660.37
86.3874,689.618
85.8647,575.899
84.2941,610.757
83.8119,557.802
87.214,571.124
87.7045,569.48
86.1482,622.206
85.8774,771.46
84.2839,550.617
84.4359,721.483
86.2597,558.958
84.4967,538.833
85.9166,535.014
85.2404,579.099
87.6402,596.833
86.5387,702.308
87.7595,948.945
86.3274,560.437
85.7286,553.733
85.5906,545.391
87.6376,566.894
85.5465,594.422
87.5444,577.577
85.9689,581.49
87.1452,629.284
85.8704,664.923
86.8911,610.194
86.2905,558.015
84.5113,551.043
87.2834,643.464
87.0253,753.441
85.526,643.499
84.8867,734.563
85.8084,542.709
88.6332,681.092
86.2864,595.34
86.4022,557.752
87.0699,553.231
85.1525,672.382
85.5466,568.118
86.1668,602.65
86.2736,559.334
87.4683,696.813
86.4629,561.55
86.6393,542.035
85.1959,549.821
87.9462,666.551
85.8508,762.601
84.8968,549.822
86.6469,575.285
86.6943,579.643
83.9325,544.039
86.2073,543.867
85.9808,594.085
87.9102,578.091
87.7416,566.986
84.8291,572.405
85.1543,533.546
86.8945,647.35
86.2168,540.506
85.4551,602.771
84.4315,690.855
86.5805,556.467
85.6314,604.316
85.6849,566.374
84.8495,676.121
86.2961,698.723
88.2648,691.024
86.0051,540.625
85.0804,564.44
86.7216,604.338
84.0729,555.46
85.0606,827.181
86.2245,590.715
85.1335,700.428
86.1637,819.098
85.7917,631.39
84.6504,625.642
85.8678,837.63
88.2947,609.838
86.3704,571.65
86.3041,682.711
87.261,578.223
86.1244,570.753
85.3055,630.459
85.5144,579.581
87.5306,572.769
86.3161,566.857
86.8205,565.174
85.6123,535.089
86.418,794.652
86.0969,565.039
86.0459,544.648
85.7892,554.131
85.2268,568.697
87.0493,544.915
85.4609,544.856
87.1619,593.657
86.7308,572.39
87.6393,890.787
86.6996,605.464
84.7954,641.158
85.6134,564.992
85.9668,584.864
85.8903,613.056
84.6661,705.924
86.4394,565.523
86.0302,575.956
86.0329,711.21
87.0346,693.175
86.0706,867.877
84.4293,669.83
84.3967,854.844
85.9568,560.376
88.5292,635.125
88.0174,555.446
85.8181,673.162
86.7278,640.823
88.1084,642.482
85.5505,573.928
86.2171,552.736
85.7887,607.179
84.8986,625.316
89.9641,823.832
85.7461,622.271
85.7701,616.899
87.4314,574.904
86.6482,765.883
86.3749,607.633
85.839,575.877
85.3006,618.371
86.119,570.513
85.117,564.647
83.7087,628.817
84.7083,535.696
86.848,722.497
84.582,555.8
86.5603,566.767
86.58,636.681
86.5524,622.355
86.3954,588.926
85.4038,522.195
87.7892,591.493
85.1751,514.603
85.8298,624.819
84.7803,669.939
85.8862,544.985
86.9932,591.927
86.5239,640.629
86.611,567.017
85.3948,545.476
85.3273,630.1
85.8704,571.884
87.4166,589.528
86.9509,615.375
85.8554,546.453
85.9033,541.174
86.4951,573.56
86.1313,597.501
85.6911,684.842
86.6079,721.829
85.0538,640.524
86.4254,573.216
85.0609,567.342
86.7924,540.411
85.391,570.393
86.6598,840.397
85.617,580.173
86.612,751.348
83.7351,520.469
86.9642,635.625
85.8831,563.372
87.5125,599.033
86.7958,584.623
86.5171,568.79
86.4984,528.362
84.9299,533.195
84.4298,514.033
84.9803,627.585
86.6636,577.632
86.0156,632.522
85.6629,551.018
87.692,549.11
85.3961,544.909
88.0144,573.675
84.9939,555.796
86.3175,577.77
86.3959,695.376
85.4987,665.299
85.5235,578.713
84.8006,652.206
86.7818,726.462
86.964,577.016
85.4447,542.01
87.3661,584.622
87.5191,562.278
85.1501,805.205
87.5118,611.264
86.9657,546.734
85.3804,633.97
85.0223,596.637
86.6785,865.263
86.763,612.624
84.8264,1004.44
85.7519,641.044
85.9767,800.909
86.1825,574.72
84.2042,537.282
85.9521,650.889
85.872,757.366
85.3013,544.636
85.1476,665.325
86.5209,649.311
87.7746,552.186
86.6955,562.81
85.1021,584.326
86.1733,612.145
86.2881,593.237
85.9668,603.541
85.6721,604.319
90.74,684.892
85.4514,578.904
87.3631,603.866
84.8047,605.835
86.793,606.356
86.9,562.294
87.4936,552.682
85.9389,549.945
85.4118,618.254
86.9996,545.327
87.1487,600.958
85.7344,573.171
86.7787,624.959
84.4797,549.246
85.322,573.702
87.3038,814.222
88.18,853.648
86.1102,699.758
86.0945,548.269
84.7556,546.488
86.076,823.068
86.397,532.609
85.2817,547.776
87.6118,561.04
88.3993,662.347
87.2361,615.91
85.6981,545.457
86.9001,574.778
88.0531,586.987
83.7396,514.95
86.8547,843.707
85.5517,527.13
86.5142,562.679
86.2832,569.657
87.3379,611.547
87.2245,600.307
87.3049,574.503
86.7296,572.873
90.7655,671.31
