Greedy
78.164,235.266
78.164,235.266
78.164,235.266
78.164,235.266
78.164,235.266
78.164,235.266
78.164,235.266
78.164,235.266
78.164,235.266
78.164,235.266
78.164,235.266
78.164,235.266
78.164,235.266
78.164,235.266
78.164,235.266
78.164,235.266
78.164,235.266
78.164,235.266
78.164,235.266
78.164,235.266
78.164,235.266
78.164,235.266
78.164,235.266
78.164,235.266
78.164,235.266
78.164,235.266
78.164,235.266
78.164,235.266
78.164,235.266
78.164,235.266
SD
71.6438,211.726
74.1845,224.51
73.3732,209.263
72.8156,219.61
78.0199,253.366
73.5716,229.917
71.944,228.744
73.552,233.254
74.5409,237.955
77.8724,241.669
74.3388,235.905
74.1882,226.657
76.9021,231.274
70.7434,213.68
80.1713,287.824
75.4871,240.306
77.9338,249.648
72.2072,225.546
75.2046,241.255
77.3491,239.31
77.5024,243.315
77.5459,263.239
72.7799,215.112
74.6644,223.466
76.6544,250.251
76.3211,239.147
77.1278,263.164
76.3411,255.919
79.8635,254.471
77.116,252.12
WO
66.4266,392.538
65.2087,407.45
73.5324,398.229
72.3729,388.492
69.323,413.01
69.7178,434.236
71.6267,398.349
68.6688,407.175
71.5573,412.46
71.0205,406.704
70.3405,415.378
70.2495,402.514
73.9929,394.874
71.2966,419.722
72.5991,407.389
77.6878,385.054
70.5724,435.94
75.9333,395.677
73.7434,402.626
74.6348,430.662
76.4132,423.248
74.1759,413.975
72.0485,425.936
74.4363,411.724
74.163,381.226
73.4366,412.282
79.8963,388.195
78.456,423.895
78.6707,427.94
80.0127,404.667
