Greedy
75.4895,219.982
75.4895,219.982
75.4895,219.982
75.4895,219.982
75.4895,219.982
75.4895,219.982
75.4895,219.982
75.4895,219.982
75.4895,219.982
75.4895,219.982
75.4895,219.982
75.4895,219.982
75.4895,219.982
75.4895,219.982
75.4895,219.982
75.4895,219.982
75.4895,219.982
75.4895,219.982
75.4895,219.982
75.4895,219.982
75.4895,219.982
75.4895,219.982
75.4895,219.982
75.4895,219.982
75.4895,219.982
75.4895,219.982
75.4895,219.982
75.4895,219.982
75.4895,219.982
75.4895,219.982
SD
58.9954,145.884
58.8432,135.009
57.6617,136.713
57.6302,133.699
59.669,149.51
58.2835,144.5
60.4602,150.87
56.668,128.797
58.2493,125.335
57.4079,142.824
57.9057,138.413
57.3491,141.097
58.12,140.891
59.2739,143.769
57.777,134.541
58.8522,142.258
57.4,131.712
59.8312,140.51
58.2578,143.018
57.4551,138.968
58.339,145.053
60.4252,151.889
58.9752,147.381
60.5991,152.852
58.077,132.03
59.0637,139.08
58.6184,131.461
57.6617,130.351
59.0615,139.998
57.8574,147.312
WO
91.3123,45.8378
88.667,42.7705
96.7549,55.1787
88.1606,53.3709
89.8671,49.343
95.3556,57.2469
87.5741,37.3834
90.6338,45.4735
93.2174,53.943
84.8956,39.6192
91.2579,50.1794
91.9068,58.5284
92.9888,57.8877
98.0676,63.8845
99.759,53.3686
87.2715,42.9878
90.3749,51.3823
96.5005,78.4963
92.0906,55.0003
91.6118,56.2606
89.9562,46.3876
85.1079,37.3242
101.875,54.2159
92.5674,59.1025
103.757,52.0531
89.0281,43.8705
91.5901,58.6357
89.0916,50.6791
100.919,61.2378
98.7048,69.6557
