Greedy
84.7317,80.0008
85.6977,80.8893
85.5413,82.8486
85.0451,77.3617
85.8633,86.5025
85.3708,78.4532
84.9769,80.1278
85.4058,87.2201
86.531,86.3932
86.4474,78.595
88.7564,104.41
88.516,85.0444
84.1537,79.7519
87.303,95.3693
86.393,90.665
84.8293,82.9761
86.6334,89.9117
88.6974,90.7265
86.5816,81.6815
88.5788,88.9741
88.4334,106.443
86.9915,92.7009
86.5843,88.9772
89.3363,95.7385
87.9514,86.3001
88.6851,112.08
91.228,100.778
89.3052,96.8417
90.2374,106.504
89.727,97.3388
SD
85.4992,135.318
86.8272,133.452
86.0014,136.177
87.0883,133.115
86.6157,137.181
86.4045,135.998
86.0971,134.335
86.414,136.476
85.4132,137.749
86.3029,128.644
88.7562,138.335
85.4542,128.704
88.2497,138.101
86.8535,133.133
87.1689,137.029
86.0491,143.348
87.1921,129.75
87.1072,140.033
86.0473,128.612
87.766,143.705
87.2215,130.457
87.6821,128.516
87.9942,137.577
90.2417,134.763
88.8214,136.553
88.898,141.423
87.1047,140.543
88.1205,126.77
87.0518,130.514
87.7296,135.61
WO
82.5622,101.337
83.7483,96.718
83.6974,105.412
85.9081,103.509
84.9442,105.624
84.7966,104.742
85.0357,118.082
83.7607,103.689
85.1676,107.767
86.0477,121.232
83.0859,97.9396
84.9584,105.096
82.7284,108.317
82.8992,98.7241
89.0138,115.315
86.5907,124.88
85.9006,107.217
87.7626,116.471
84.6744,103.411
86.173,106.398
87.606,120.3
84.7314,101.774
85.5754,114.277
85.024,101.644
87.9277,114.47
82.834,101.124
82.6829,95.9823
88.1951,118.158
87.5154,124.538
86.982,126.851
