Greedy
84.029,78.1636
85.8953,83.1758
86.5844,88.5737
83.528,82.0494
85.8306,79.5114
86.1099,84.1226
85.7794,82.1047
87.5429,83.8436
87.7019,83.6635
86.8393,87.2957
85.589,83.4739
85.8443,78.6404
88.4816,101.096
87.3486,78.0083
85.0015,74.7585
87.2396,92.766
87.6568,96.4102
86.6194,90.2743
88.5621,94.3197
87.7739,96.4932
87.258,94.5298
90.603,90.7168
89.4637,95.2791
90.2878,92.2294
88.722,97.1108
89.2504,96.1342
90.8437,102.506
88.1951,84.9236
90.5769,96.9069
90.3526,94.6279
82.3446,75.9747
86.6063,74.9478
85.1184,76.7093
84.837,79.4087
86.6657,90.0638
85.4058,90.5292
85.8468,81.6334
85.1395,78.5067
88.7623,95.8603
86.0295,95.9991
85.7567,77.8148
88.7124,104.504
87.9533,93.8135
88.2575,96.7974
86.3994,90.8236
88.248,90.3113
88.2201,105.941
88.2684,101.749
86.5582,83.7129
88.3907,84.2404
90.2054,99.3097
88.5721,86.902
88.9938,92.9146
90.2409,92.8047
88.3843,98.9545
88.4615,93.9829
88.2505,90.3836
90.3389,101.46
90.1695,100.044
92.0927,113.559
86.9692,84.5841
84.5171,84.2514
85.3192,79.9565
85.6152,80.6971
88.3219,84.3028
85.9953,81.1656
86.1047,87.6846
86.9224,81.5513
86.259,81.6322
86.2882,81.8307
87.1137,79.0846
85.485,83.3046
85.8966,91.9383
86.7777,97.4502
87.0146,97.8919
85.6153,87.7336
86.12,83.8495
84.7541,95.6178
87.0863,96.5122
87.5969,95.7855
85.5589,79.8079
88.096,96.8099
85.9446,86.8499
89.1698,97.7974
89.6159,101.259
87.0996,86.0253
87.7215,98.3321
88.7796,86.7265
88.1779,92.0478
90.9596,100.784
83.3527,89.6695
86.7794,73.1649
84.6005,78.31
86.1075,82.2767
85.8164,79.2183
85.3778,80.5376
86.1519,94.2499
87.3,77.1196
87.1595,82.9063
86.0837,83.8063
85.8949,82.9556
89.2213,89.7294
86.1638,80.8527
86.6007,92.0979
87.404,90.453
86.6431,87.7405
84.4284,84.0367
89.0937,92.4621
87.8153,93.4432
86.0883,94.2681
87.86,91.086
86.3091,94.1418
86.5844,83.0018
88.854,105.293
89.671,97.691
89.1937,102.036
90.2566,98.287
88.1729,86.1707
90.8361,110.768
93.6414,122.282
84.0065,82.9405
84.8527,77.1976
86.8081,86.8288
84.9185,82.8407
84.9273,79.5693
84.4579,81.2823
85.2035,82.6382
85.7017,95.765
86.4771,81.6771
87.155,85.1326
85.421,78.2002
85.4704,81.1713
86.6671,91.0454
86.9302,85.2386
87.8128,95.2958
85.3917,86.3803
87.5059,91.1753
89.9162,105.721
88.627,90.5856
87.3519,82.8585
88.7084,91.8558
87.3414,90.1251
87.6088,88.809
86.4782,92.1718
88.6761,97.0533
89.23,98.841
90.4564,98.7435
91.9562,112.306
90.0793,98.9057
91.6165,97.096
85.1096,88.7351
86.4123,88.2232
85.4105,93.5194
89.8195,93.7698
85.2201,81.6479
87.3306,92.3932
88.2804,83.6223
86.8769,76.4314
85.4642,78.9796
87.1347,88.0467
85.4137,92.6287
85.3674,84.7599
84.9906,84.249
85.1419,82.9865
86.3235,89.1514
88.806,88.2837
85.8823,83.0652
89.2534,91.044
89.6245,87.081
87.7365,91.6645
88.0324,97.0203
90.1687,99.8251
89.9325,98.2024
90.6115,96.6016
88.7227,90.274
88.6304,97.8449
89.5592,104.151
88.7992,87.0771
88.6818,102.401
89.5669,101.738
84.6328,72.5409
86.4619,87.8337
85.627,79.6495
88.6973,95.0579
86.807,82.9898
83.1657,73.2713
86.8757,81.7007
88.799,86.578
88.8289,84.0852
88.4375,92.5136
86.6192,77.8778
87.7865,95.7092
91.3421,100.954
86.1076,78.7545
87.0983,97.4591
87.6805,88.0631
86.5331,88.032
86.0763,86.1096
87.982,98.7747
88.0338,92.9101
87.0465,94.1887
85.8023,88.2271
86.5919,94.868
87.0756,89.8167
88.8712,100.501
88.2743,91.3362
88.4107,94.5237
87.3652,93.2967
90.6469,100.597
95.7331,119.115
84.1329,81.2389
85.8361,95.0781
83.7832,80.4756
83.9264,83.8939
85.4751,93.3856
85.2324,81.7985
86.0104,80.7838
85.4556,87.5725
87.1451,88.4401
85.3581,88.424
88.624,92.2044
85.9651,89.0412
86.9828,95.496
86.8347,91.6711
87.478,94.315
86.0761,99.3494
87.4514,91.6506
85.9534,87.3427
87.1728,101.293
85.7129,82.8446
86.1535,79.1675
87.2014,84.3082
85.9754,76.3891
88.7316,80.4281
89.5055,96.3735
86.2087,89.7894
87.6536,93.1086
89.4707,89.7095
90.6617,104.46
90.7901,107.521
82.2914,69.6251
87.1679,95.625
85.0263,88.1716
87.121,82.7595
86.1871,83.6683
84.3828,86.175
85.0254,77.075
88.3741,89.4321
85.5962,81.2872
87.5901,87.6739
88.4451,86.965
87.2383,81.2865
85.0327,80.9555
86.3288,81.9763
88.3383,87.7451
87.048,89.3932
87.3376,84.9203
89.5359,110.274
88.7474,102.706
86.8686,85.5524
88.086,91.1674
88.9277,82.7859
90.5857,104.743
88.4921,86.6571
86.8245,98.9846
87.4882,95.5646
90.0118,90.982
89.6833,100.494
92.4614,100.332
92.2711,102.624
82.8033,79.0178
85.7422,79.9342
85.1349,84.3464
87.2742,83.2554
87.5595,86.516
86.556,76.1218
85.6693,84.5991
86.3424,77.2068
85.7697,85.8606
85.8884,84.4182
86.6105,87.2673
91.2435,100.783
86.2563,87.185
87.7848,82.2374
86.4606,85.7784
88.409,97.4253
87.1395,96.4043
86.3002,81.7378
88.1318,92.38
89.7608,92.3678
88.8546,89.0713
86.7871,90.1409
89.0206,100.564
88.9063,91.5283
90.0229,98.8671
90.0892,95.0182
89.1925,93.2396
88.181,94.8989
91.1832,113.668
92.2279,122.25
85.4037,86.5828
84.0217,90.0135
84.8177,83.7411
84.6406,73.2693
86.1199,94.8173
85.7559,86.2098
86.4544,89.5443
86.8555,86.6716
85.4868,82.1174
87.3541,85.4845
88.917,98.6738
84.8716,76.5659
88.4384,89.2979
86.0625,89.7696
88.9026,85.7626
87.3604,81.6786
87.9937,89.0379
88.4324,96.7137
87.9383,86.4135
86.9337,95.7297
88.6675,98.9844
87.8694,92.7618
87.9764,84.5789
88.3255,99.0946
88.1743,89.4683
87.7377,85.1518
88.766,88.5782
90.3318,112.308
90.8374,102.718
91.4432,104.711
82.9969,79.9291
86.3189,83.1109
84.684,82.7407
86.4809,83.1513
84.3816,78.2583
84.0838,74.0459
83.38,81.057
83.5612,84.1974
85.8693,88.951
89.1879,87.1239
86.2131,92.6126
87.4659,88.3524
83.3723,75.7039
88.3879,92.4851
87.7325,82.5509
85.574,85.0735
88.7253,98.9838
87.2269,105.293
87.9281,96.6162
86.0851,84.6155
88.5385,87.698
88.2486,84.8087
91.1885,109.244
88.4993,87.6379
88.1896,85.7954
91.328,98.7851
90.0042,89.0222
90.5515,88.4559
89.8954,101.108
92.711,109.648
83.3661,74.966
85.2361,89.5904
84.1202,78.3761
85.1479,77.9625
85.1197,81.0701
84.4998,78.8067
86.5311,77.3455
85.7573,76.0121
87.1121,92.8478
87.6283,91.1531
87.6398,95.7216
86.7758,85.3463
85.0175,78.1887
86.479,82.4231
86.9207,92.3451
85.5229,80.0909
86.8373,92.2154
87.6885,103.407
87.7054,81.0121
87.7031,93.622
87.52,86.0389
86.8196,95.8085
86.8315,87.1611
89.9468,93.4364
89.7303,96.3851
88.7926,96.2349
90.2394,102.939
86.5906,93.6958
90.2481,88.819
89.7709,93.1648
84.989,76.3383
85.2873,90.9174
84.6902,78.2732
84.8601,81.6192
86.9674,84.2508
84.33,84.7872
85.1499,87.6136
88.1185,104.999
89.8968,97.4397
85.7116,94.6013
86.3274,90.9674
85.7015,87.9944
87.0668,96.1426
87.1003,85.2108
87.8605,96.2975
86.7557,87.8685
87.3359,86.3185
86.7302,95.6521
87.5487,91.8844
91.1985,100.819
88.3658,88.9593
87.3508,94.8088
87.1844,90.2766
88.8797,93.7003
92.658,105.675
90.2397,95.249
90.2998,103.709
90.6922,109.249
91.1066,103.168
93.6859,121.497
85.8307,91.2342
85.7043,82.197
85.4912,83.5129
86.2071,85.7395
86.7523,87.1513
86.3754,85.7359
87.9148,87.9992
86.2842,90.9134
86.8253,92.7881
85.9061,80.9284
87.8856,92.1888
88.0656,82.6671
87.4882,99.8512
85.7289,86.4
86.3313,81.8526
87.5362,83.807
89.7818,100.724
86.931,91.773
87.4795,77.2662
86.7626,95.2011
86.8019,87.8863
87.7587,90.9569
88.2508,96.4289
87.1163,90.0353
90.1687,99.8077
88.2372,105.302
90.9519,100.449
90.6217,97.6595
91.7678,111.181
92.3017,116.154
85.153,79.7716
86.9999,83.2198
83.3189,78.4857
85.6387,81.9413
84.5168,78.3003
85.9317,82.532
83.6556,80.5855
85.4989,90.1874
85.9504,91.5178
84.2763,87.3353
86.7988,87.268
85.91,82.1805
86.4622,89.498
86.5282,86.7617
85.4314,83.2986
88.2114,96.7326
87.572,78.662
85.6958,78.5283
84.9809,82.5435
86.8585,88.1323
90.1825,94.2838
87.1628,85.2653
84.4744,79.3916
88.514,96.0626
86.5866,101.655
88.2148,91.431
88.563,96.3509
87.733,97.8418
88.0121,83.9328
89.7343,94.3314
84.8021,74.8246
86.4389,76.9771
85.5067,86.4431
85.0173,72.4125
86.8783,87.6745
86.2496,82.4581
84.252,80.933
84.4424,90.7356
86.5449,82.5881
87.9664,89.7835
86.1089,86.9459
86.4195,90.6726
85.0013,93.1433
87.9515,88.3195
86.6585,78.1357
87.2339,92.6004
90.2806,96.8061
87.0549,93.7596
88.3368,87.1991
88.3634,101.703
88.0851,84.5657
91.0405,103.948
89.1405,105.265
89.0521,85.6796
88.1144,94.1448
86.0352,80.2992
89.9532,102.574
90.7944,106.037
90.5884,102.598
92.3345,109.47
82.5018,78.3406
84.891,93.0078
84.5109,79.0596
86.4254,85.7339
86.5138,83.0254
84.637,78.9815
88.0029,83.6025
83.3889,79.4252
87.6124,86.5941
86.8331,85.0174
88.8885,92.86
87.5505,85.1189
86.0407,82.7069
87.8991,98.9969
87.123,84.9936
88.4816,95.6898
86.5353,85.2823
86.9479,91.9397
87.8632,98.819
86.5962,89.0369
88.6686,107.941
86.7543,86.8442
87.9639,93.4541
88.6378,96.2292
86.887,83.5372
89.7303,97.7071
87.1846,87.76
88.5861,85.2919
90.4572,99.4305
88.8374,99.1907
84.1174,79.4482
84.0292,73.2853
85.8467,84.7378
86.583,92.8353
87.1984,78.895
87.3264,88.5881
84.4119,76.9892
87.2497,83.238
86.8354,83.8908
85.9726,87.1492
87.0736,90.8422
88.135,92.2976
87.3486,92.3334
85.168,81.7283
87.3118,90.6371
84.6082,85.5556
88.3061,86.6166
85.2517,87.1456
89.1656,93.3682
88.7297,96.9485
86.956,78.2404
88.1148,104.333
87.4752,85.9659
88.8678,91.5683
87.7498,97.85
88.2974,88.8507
91.9322,105.258
91.0706,102.699
86.251,88.8764
89.588,99.6008
85.7501,81.6442
84.6417,81.2248
84.6688,81.1531
84.8503,87.204
86.3485,79.3255
85.2945,76.2775
86.4717,88.7665
84.7742,78.0114
88.401,92.8848
87.8429,85.9619
86.2842,90.5159
86.0404,92.8521
88.3852,94.4013
87.8928,88.8566
86.4647,88.7394
89.9789,95.4346
88.1347,94.8704
86.8688,87.9659
88.7226,98.806
87.8064,104.288
86.9755,87.7003
85.1776,89.5987
89.837,96.2671
89.1383,98.0364
88.2898,99.3524
87.0388,96.6363
88.6008,103.752
91.0025,101.979
88.4481,91.5408
88.1831,85.7169
82.0302,80.2033
84.9798,81.0707
82.5686,75.7761
85.6363,81.8789
86.3485,87.1446
85.2712,74.4954
85.2402,85.5753
85.4359,86.2743
85.932,89.6555
85.8996,87.6603
86.2434,91.4704
85.9016,85.0927
86.254,85.4256
86.1988,88.7396
86.6365,96.2667
87.2177,95.5541
89.3752,100.109
87.8595,99.3708
87.9158,94.1632
85.0053,86.3593
86.3662,90.1466
88.8731,97.8114
88.427,94.3468
84.7763,84.7901
87.8849,89.682
89.1412,102.402
88.5566,99.1001
93.0913,102.192
90.391,99.7934
93.4342,106.277
81.9922,73.639
86.1488,85.1958
84.8533,81.9982
85.6624,76.9955
84.0757,81.0482
84.5629,84.6666
87.125,86.6744
86.2182,77.1241
87.3154,89.6418
85.9027,86.2201
86.843,94.1075
89.7488,105.378
86.3905,80.1318
85.5987,90.5669
87.6319,80.4514
86.5175,85.9479
87.0062,88.0353
85.6295,78.1466
87.7438,91.1946
86.0236,86.3203
89.7048,97.6459
88.1416,88.5129
88.226,80.7789
89.2793,94.387
89.0672,101.688
90.2147,96.1327
89.1855,87.0857
92.0543,98.4335
89.721,104.962
90.2476,96.2643
84.1058,82.1463
85.2835,84.0443
85.3228,75.8593
83.9094,80.9869
85.0699,75.692
85.774,80.1801
85.8043,82.3997
85.5147,75.4135
87.6612,81.1491
87.5103,82.5719
87.5573,89.859
85.1436,88.0655
88.6528,77.139
87.8822,92.1364
88.4343,95.5764
85.468,82.4258
83.9371,81.0051
86.462,84.295
89.2932,93.1761
89.8267,92.5968
85.4503,90.0519
88.8552,94.4483
87.932,83.7969
87.7714,93.1241
86.8018,93.4712
89.3387,91.9162
88.6005,90.2979
89.6682,99.0151
91.7454,96.7839
94.4464,112.277
86.3548,83.0866
85.2255,84.4686
85.4074,78.7923
84.9581,81.4134
86.1407,81.7848
87.2645,84.3145
86.4958,87.8685
86.0907,75.8577
87.5819,88.3889
85.8139,88.0829
86.4585,85.3492
87.8048,97.306
86.5694,88.5273
86.5887,85.2469
88.118,89.9481
87.6078,89.8355
87.1228,79.442
86.2512,91.6124
87.6956,90.8745
88.4249,90.3335
87.3555,84.2768
88.4884,86.8988
87.8564,90.6041
89.8343,87.364
88.3837,95.3001
90.7191,104.02
87.5124,89.8597
89.6571,99.514
88.9765,105.18
87.7307,101.955
83.991,76.778
85.1529,80.4459
83.3664,74.146
86.3878,89.7058
86.917,87.766
85.7082,88.4603
84.5093,74.8876
86.5118,87.3228
85.3311,83.5752
85.6369,87.2309
86.6864,90.3547
87.6955,92.1986
85.9311,86.3107
86.2531,79.2934
89.3225,93.0795
86.8143,84.3484
85.605,80.1624
84.9425,85.0534
86.9625,92.4679
85.9348,77.6493
87.4,98.6049
89.1354,94.7417
86.6988,84.7632
86.8056,103.35
87.8446,101.262
87.0751,95.3955
89.7689,94.9718
88.5958,96.8767
89.1787,92.5417
87.5624,91.9181
85.2229,81.7684
84.2959,73.3092
85.5928,85.5688
86.4153,88.0536
86.7445,84.1651
86.64,83.9657
86.7504,88.2864
87.786,92.8692
86.232,88.1593
84.4138,82.9832
86.9479,76.8602
87.5686,92.6771
85.9704,84.7899
85.6483,90.7829
86.9698,79.5498
87.4384,94.0557
85.9296,88.8724
86.9276,83.3808
85.6724,89.4394
87.1035,89.6487
90.3382,82.7955
86.593,98.3189
86.1234,86.8914
88.4143,101.697
88.3249,80.1107
88.5116,96.9036
89.904,96.8002
87.4511,96.7514
90.1728,105.759
90.7875,103.596
84.7663,79.5456
83.1798,77.7369
82.5848,70.7551
85.7221,80.2909
84.4346,80.502
86.7472,79.699
85.5673,86.7258
85.117,85.3444
84.8807,73.49
86.1455,90.4418
85.6299,81.2607
86.1887,92.1136
87.6706,91.3664
86.3882,87.1378
88.8572,96.6136
86.5856,78.5395
87.4849,92.043
87.2218,97.495
87.3506,96.363
85.6722,72.5747
88.4615,91.4602
87.3214,75.7442
89.2687,102.615
85.9001,82.6076
87.5221,91.3045
88.5738,93.5911
87.656,89.1228
89.2891,99.9089
89.7575,92.962
92.0121,99.6834
83.7018,76.094
84.3709,80.855
85.5867,79.8855
85.5046,82.0676
85.7646,87.7955
86.9155,81.6217
85.8954,82.0932
86.5272,87.7115
86.7921,89.1292
86.3849,99.2923
85.3372,83.4956
86.5842,83.8804
86.4024,87.2255
86.9247,88.2077
89.3966,88.4323
85.9174,80.3863
86.507,98.3316
86.9315,95.2759
87.2333,92.6054
87.2864,92.8634
86.988,83.5511
87.8607,79.8827
85.9783,89.0434
88.5142,90.8877
87.8827,94.54
88.8282,80.8002
87.5412,93.8958
90.654,96.6025
87.912,88.4907
91.466,101.032
84.9836,82.5824
85.8318,82.9285
85.5232,81.0148
84.7708,72.7508
84.7316,75.8957
86.8326,83.0068
86.1348,82.1226
84.821,78.7563
86.3804,85.0159
85.2785,78.2232
84.9437,80.1251
87.1932,85.5879
85.9012,85.3116
87.5156,89.4294
86.4921,82.9114
85.2402,90.0491
88.0713,87.9006
89.7936,98.0796
86.9093,90.8463
89.3828,92.8409
89.1174,101.565
89.609,95.9919
89.0264,96.1817
90.049,92.5175
86.0437,89.9333
89.182,96.5635
90.0722,85.9013
90.3762,109.011
91.2968,105.9
92.8079,102.76
83.4779,76.4247
85.2773,87.2941
83.3679,83.8055
83.7019,82.035
84.2528,80.3654
86.8483,84.7345
85.6845,72.4422
85.4903,92.1762
86.5411,94.9919
87.1984,92.728
85.0365,82.7421
87.6713,90.5474
84.6307,82.7719
86.3824,89.659
86.2355,88.6542
84.7823,84.3467
88.8168,95.5133
87.2858,89.2729
87.1527,106.342
89.6111,86.4898
89.3988,93.7141
88.4144,95.7369
86.8235,82.6418
88.056,92.0452
87.1056,87.8551
88.4169,87.0151
89.6111,95.8873
88.334,86.9247
89.1397,89.7236
86.3069,80.6532
84.6369,82.132
87.0414,89.5964
86.659,84.8236
84.8218,88.343
86.8571,82.6697
87.5271,92.0768
86.5036,89.5767
85.6368,76.1217
87.1484,90.1392
85.3052,86.0038
85.3211,74.6627
88.411,95.3914
85.6025,92.205
88.2885,91.3353
88.8034,94.1856
86.2969,87.2231
88.2681,87.019
87.218,91.0464
88.2169,86.202
86.4205,83.8637
87.5202,88.9451
89.1705,98.0238
87.7408,95.9293
87.775,92.2711
90.7333,84.0847
88.282,91.82
89.2051,97.6824
88.4239,101.838
89.3906,94.2189
90.7897,101.241
83.307,80.7548
84.8489,78.2641
85.3162,79.1405
85.4486,87.6049
85.055,79.0706
88.8134,82.9673
87.1733,82.6145
87.4245,87.0384
86.0333,85.1226
87.6829,88.6775
86.3365,78.1457
87.7826,82.4033
86.4128,88.7473
87.462,81.6047
87.5227,92.302
89.8792,90.9215
85.6105,76.3875
85.861,92.6729
87.1782,95.6791
87.5692,93.4479
86.3859,89.2362
90.152,107.841
88.8016,97.5058
87.372,97.5531
89.6131,96.469
88.8823,98.3018
90.6872,97.9744
89.3441,99.2836
86.5178,79.782
87.2357,95.8567
84.7025,83.2021
86.3222,80.3376
85.9157,91.1584
85.1014,75.8206
85.0166,80.3899
87.2739,82.3254
87.9082,84.4291
83.932,85.5116
87.3315,86.8107
85.9635,88.5142
88.2136,92.9148
87.3064,80.8706
86.3086,95.8001
86.289,91.0363
87.6404,83.6171
85.901,78.3777
87.712,97.162
86.133,77.493
87.8484,86.3907
87.079,86.0337
88.9481,92.5813
90.3322,110.512
86.779,95.6515
87.3602,95.5617
88.399,93.0101
87.9242,90.9573
88.6971,95.2253
90.6595,103.048
90.1182,96.3489
89.2333,106.723
85.6568,88.0697
84.9278,85.8353
82.3531,78.2509
86.7472,94.1976
85.756,78.5718
86.6831,97.8959
85.8761,81.4153
87.7405,95.3794
90.7963,112.143
87.6231,96.8857
SD
85.4798,118.505
86.473,127.642
87.1022,128.509
86.7698,123.195
85.3546,131.573
85.7124,130.781
86.865,130.803
88.3263,139.983
86.661,140.791
86.4256,135.969
88.1423,140.724
87.8383,134.998
88.7162,145.856
86.6218,138.667
88.5816,136.089
85.1823,133.788
87.3285,132.754
86.9775,129.593
85.1385,131.237
85.8473,133.641
86.2945,135.85
87.323,137.868
88.1238,139.859
89.0886,140.769
87.9481,129.523
86.413,126.894
89.3281,142.761
90.1697,139.481
88.5645,133.663
88.2691,128.862
86.8882,132.808
85.4565,142.69
85.7604,131.326
86.2156,139.533
86.7342,131.425
85.9881,132.759
85.8769,128.181
86.2159,136.475
86.9819,133.936
85.1739,128.019
87.5105,138.087
85.8125,128.584
85.3638,126.656
88.7904,136.591
86.6513,128.155
87.2424,139.682
87.4686,142.09
86.1686,140.542
86.6254,134.237
88.5528,143.406
87.2228,137.216
86.8591,142.753
87.5618,140.683
88.3528,137.367
88.1092,136.565
86.4317,133.709
89.6331,130.085
87.7527,133.058
89.2323,138.494
90.3848,146.084
84.3026,127.452
86.3664,134.402
85.6276,136.792
87.5512,130.292
86.3208,129.308
88.1279,147.831
86.4871,131.421
85.8737,130.385
85.9293,124.86
84.3855,125.611
85.6095,131.613
85.9666,133.987
85.9319,130.613
86.1234,120.938
89.5973,142.184
88.6431,142.681
85.3477,136.976
86.956,134.753
85.1629,130.445
87.1341,142.997
88.2955,143.912
84.461,129.602
85.0874,136.103
88.398,144.304
87.4532,137.212
89.9208,137.074
86.9455,135.239
89.1366,144.089
89.9949,136.999
89.1705,140.058
85.2472,126.652
84.7781,127.441
85.2434,141.936
85.883,127.138
86.6529,132.527
85.4105,126.986
87.4215,141.995
88.0395,132.376
85.2608,126.387
86.1574,130.685
85.8765,128.925
86.5602,131.933
85.3776,134.582
87.6441,145.924
86.6486,129.342
89.6504,140.379
86.9249,135.145
88.2593,130.542
88.2831,138.586
87.1765,134.472
88.544,138.903
87.0713,127.921
90.1986,141.986
86.7901,135.045
87.1738,141.785
87.5147,132.675
87.7103,136.432
88.3223,137.33
89.931,141.756
88.2532,133.983
85.0846,129.463
84.6707,134.272
84.6357,132.555
85.6576,122.848
84.5629,127.989
86.3255,131.354
84.9933,132.526
85.3527,127.279
85.124,126.513
86.4399,134.821
85.1141,125.968
86.5378,140.949
85.8216,134.386
87.0991,132.541
87.8191,144.246
88.6441,144.601
85.966,137.568
87.4537,137.219
87.7502,136.91
86.6281,135.274
87.9983,135.245
88.0349,144.934
89.8348,147.807
89.7111,140.908
89.0358,137.177
87.8528,133.7
89.2155,136.72
87.1971,142.164
88.7394,137.075
89.4868,121.21
85.647,139.005
84.9271,132.926
84.7236,130.979
85.4483,129.973
86.0335,131.522
85.0444,135.886
86.4251,133.246
87.5111,134.066
87.4708,132.164
86.9611,133.955
88.0745,142.122
86.627,136.706
88.7127,130.403
86.6293,147.506
86.7617,126.565
87.6952,136.914
88.1422,138.059
86.7657,140.903
88.5682,136.059
86.755,129.983
85.5556,133.787
86.0973,131.911
87.3879,141.358
86.5813,137.485
88.0719,134.342
87.2076,136.999
87.6459,141.02
91.0036,137.084
88.9216,137.829
92.084,142.942
83.4788,129.347
87.7835,130.633
85.0794,117.087
86.8664,127.97
84.5647,135.813
85.4405,137.788
86.4888,128.14
87.3334,133.428
88.556,141.169
86.3556,132.419
86.6286,126.729
86.3512,130.448
85.0046,122.727
86.6354,135.515
86.1073,130.988
86.5542,135.071
87.3635,147.356
87.3033,141.02
88.0024,137.409
87.9204,132.547
85.9108,128.511
87.0671,136.049
87.6734,138.486
87.9269,130.497
88.6671,137.952
88.3492,143.796
87.5416,137.459
87.4419,138.851
89.6198,136.339
88.2863,132.536
84.8827,133.161
85.5493,128.395
86.4597,129.711
86.747,134.153
85.3473,127.196
85.3334,128.347
84.691,133.126
87.831,139.866
87.5658,133.903
86.7294,138.215
86.6723,146.018
86.7571,142.693
88.0415,134.364
87.1878,134.077
87.891,138.084
87.2742,130.845
87.1445,132.613
87.2791,130.444
89.1834,143.649
88.8711,138.007
86.5846,141.542
87.3866,145.763
86.5037,132.745
87.7565,132.215
87.2363,136.06
87.6085,140.31
86.6313,130.066
88.9545,129.913
89.5885,140.846
89.6232,148.969
86.5684,125.009
85.349,128.414
85.1602,125.526
85.6387,134.638
84.4589,135.073
87.8494,144.03
87.837,126.946
85.6744,125.139
86.1482,124.32
87.3188,128.719
85.2383,129.147
87.2011,133.438
86.8001,139.842
89.0606,149.747
87.6987,134.694
87.0294,135.253
88.2964,124.189
88.2765,135.371
87.6571,124.868
86.1866,139.381
86.4402,134.238
86.3941,135.657
89.0554,130.24
86.48,136.148
88.6942,128.861
87.3479,141.718
85.6122,131.036
86.4392,138.203
91.6484,148.616
92.2812,152.84
84.2316,136.799
85.5059,128.899
86.5951,135.534
86.3263,131.72
86.9727,141.781
85.3754,132.155
86.4714,136.856
87.3308,134.015
87.2021,142.204
86.6016,139.635
85.9226,129.054
86.0671,132.063
87.1236,130.547
85.8903,134.057
87.9565,135.617
88.2646,134.368
86.2503,133.242
84.8916,133.616
86.171,140.81
88.4944,136.946
85.2586,134.282
89.7217,143.651
86.4451,130.312
86.3915,132.125
85.2298,131.949
87.5202,133.258
86.5659,137.74
86.8523,121.311
88.3603,149.138
88.6466,148.43
87.4531,142.623
86.5626,138.973
84.3747,134.272
86.0917,132.971
85.8549,127.647
85.9195,127.471
86.4846,141
87.696,134.906
86.287,129.868
86.2352,132.457
88.1055,137.02
86.6501,129.414
87.727,127.759
87.3235,136.6
86.3563,128.822
86.3876,130.178
88.3094,137.17
85.6147,122.435
87.4745,139.418
85.2993,127.091
88.136,135.225
87.216,134.045
86.184,126.629
89.0086,152.861
86.8806,131.36
89.2838,140.353
87.607,134.203
88.0643,149.328
89.1516,148.581
93.5149,160.435
86.5276,133.48
87.1753,133.112
87.303,141.763
85.8988,121.611
86.6819,140.716
84.9457,129.19
86.2474,133.57
88.9225,139.517
86.334,129.623
84.6942,132.139
86.8436,132.734
88.1511,130.858
89.2796,138.572
86.1076,128.6
88.2923,133.641
86.9299,136.148
87.4852,129.176
85.5719,130.729
86.8162,130.96
87.9181,128.714
87.0983,125.727
86.9065,140.563
90.2672,139.93
88.3738,126.628
87.1357,135.091
88.5723,139.209
91.7924,153.005
88.7313,140.936
87.6868,129.663
89.1181,150.027
84.0567,129.249
85.8808,134.363
85.5966,129.845
84.9,131.843
85.8141,135.077
86.6713,130.331
86.9229,135.085
86.3181,144.425
85.9276,138.77
86.7334,126.87
86.8284,135.433
86.2315,131.79
86.1158,130.749
85.9525,133.804
86.5457,128.258
87.4338,135.667
86.5797,133.183
88.8599,133.613
87.5327,135.364
88.8486,136.358
86.0455,130.392
88.9753,133.645
86.6339,128.583
89.6426,136.734
88.9346,144.517
88.3038,137.336
90.7392,148.039
90.4251,138.196
88.6772,138.122
89.5059,142.128
84.2022,127.486
86.8682,129.827
87.0042,132.431
86.4453,129.939
85.1957,133.22
87.3505,134.164
87.2191,134.067
85.0331,134.362
86.2246,131.219
86.782,137.447
85.9981,126.158
84.0609,122.745
86.5882,133.23
86.8516,133.702
86.8389,125.741
87.237,127.965
86.6328,131.485
86.8488,137.116
85.8916,135.185
90.2206,138.13
88.0402,144.294
85.2978,125.725
88.6229,135.7
86.8834,130.668
87.08,129.861
89.8779,144.003
88.9998,142.872
89.4847,141.208
89.748,143.059
88.5993,136.259
85.2331,136.069
85.5773,138.259
87.199,136.013
86.4579,139.619
88.4533,138.272
87.1946,128.596
87.1555,134.513
87.3471,128.867
85.4956,123.598
84.9718,123.959
87.0235,135.014
86.9963,127.608
89.1053,141.533
87.7464,135.445
85.6811,132.299
87.8715,131.452
87.4799,137.931
85.6373,132.137
85.8692,131.999
87.2527,133.392
89.0714,133.821
88.3051,136.473
89.9767,144.637
85.4424,130.57
88.3856,136.051
86.923,128.957
88.188,140.49
89.6959,145.503
90.2641,152.462
91.4474,149.607
86.216,133.699
83.7775,128.899
85.506,130.124
87.9147,140.801
87.6796,132.901
87.0405,139.384
85.857,136.495
85.3453,132.935
86.6353,133.162
88.251,139.913
87.4205,136.562
86.6501,138.004
86.8897,134.414
86.7385,129.706
85.812,137.988
86.188,140.452
87.6362,131.614
87.9921,145.388
89.3914,141.554
89.253,138.03
89.0853,135.015
86.7503,137.17
87.8907,134.814
86.801,141.993
86.6668,140.696
87.0254,133.788
89.1394,141.841
89.583,144.871
89.3344,145.425
93.1484,147.831
84.2241,134.908
85.7701,123.984
85.3144,138.215
86.1761,132.092
86.1322,129.743
85.9246,138.264
88.1624,137.234
87.2652,139.787
86.5779,141.313
85.9421,135.477
85.4511,134.078
88.3325,132.147
86.2736,136.505
86.3587,133.727
88.0926,136.028
88.2891,132.844
88.077,141.689
87.7819,139.7
87.0478,142.395
86.3414,132.22
88.4449,140.63
87.5326,136.607
88.2909,144.884
87.8489,136.1
87.1883,133.981
88.5028,134.434
88.5515,144.458
88.9137,143.31
87.4141,141.043
87.7024,141.391
82.7961,130.331
84.0403,129.223
85.089,136.787
87.327,142.122
87.9954,139.076
86.2694,128.226
88.3201,146.658
86.798,135.238
86.7256,139.858
87.4971,137.782
86.0651,135.327
86.0574,141.828
89.7555,152.012
86.4447,135.421
88.1693,142.703
85.4575,129.009
88.6879,131.251
87.9004,138.975
86.0855,126.638
86.2214,132.117
87.6854,134.846
87.3432,128.889
88.6714,128.647
87.1168,132.645
88.303,139.38
87.4953,121.828
87.8751,148.016
86.4357,130.669
89.9336,145.797
93.9672,141.81
85.4746,132.669
86.7243,130.551
84.8899,131.249
85.6807,135.492
84.1728,130.852
85.9374,134.542
86.4315,139.063
85.5707,128.91
88.3291,133.612
87.4936,132.947
84.9769,135.346
88.5203,147.69
86.5702,136.584
86.842,128.863
88.7023,138.308
85.2728,128.822
86.2957,135.853
86.3288,137.765
87.6153,134.841
86.2637,142.517
90.4801,141.157
88.3982,141.81
87.0341,136.095
85.994,132.517
88.4837,133.072
87.9459,135.521
87.496,143.128
89.9246,143.191
89.6446,142.711
88.4855,132.509
85.3107,136.053
84.428,129.463
86.7089,132.217
87.4977,137.432
84.7637,137.421
85.5029,139.131
84.9716,136.547
83.8266,129.681
86.2785,131.33
85.9993,138.743
86.1892,131.281
85.5129,126.42
87.4543,131.638
85.3527,137.743
86.4687,135.836
85.484,134.271
87.6831,134.675
86.7955,134.759
87.0041,131.672
88.0776,147.57
87.3792,139.708
88.974,132.637
87.4691,137.702
88.8263,148.044
87.5132,138.901
90.4116,149.868
88.9208,136.637
90.8457,141.518
89.1724,142.684
93.2411,146.944
87.2148,128.858
84.8763,131.49
86.3249,130.6
86.662,134.697
86.8988,136.397
85.269,136.312
86.21,127.869
86.0717,132.45
85.2513,133.024
86.9571,126.949
89.3823,145.143
87.6137,147.754
88.462,138.832
86.7555,138.412
88.0765,142.806
88.5029,130.126
86.9088,133.66
86.8861,132.689
86.2084,133.423
87.0237,128.384
90.3518,137.592
88.7987,134.39
88.3231,141.165
86.4707,131.447
90.7307,151.738
89.1104,142.286
89.0498,139.96
88.0095,130.079
87.7702,130.538
89.9889,141.783
86.5753,132.568
85.5198,137.412
84.4146,128.778
86.2849,137.279
85.3247,129.466
86.676,132.871
86.3095,134.267
88.1247,140.413
86.5551,144.054
86.3735,132.658
85.7384,134.242
88.8622,138.052
87.2531,133.879
87.0777,142.584
85.5388,130.18
86.6893,135.043
86.8532,135.811
89.5624,138.016
88.1049,136.267
88.1412,143.329
90.5273,144.8
86.9151,145.149
87.2675,138.335
85.5832,135.269
88.1197,130.379
88.3035,145.514
88.7589,144.677
89.5412,145.204
88.3121,143.469
90.3911,147.377
84.7855,134.512
85.8079,138.807
85.3014,137.097
85.6914,132.469
85.7942,133.524
87.3853,136.284
86.3394,139.878
86.7691,129.227
85.7523,134.711
86.1566,142.354
86.6584,138.12
86.7913,147.456
87.6356,139.959
88.1997,134.79
86.0457,140.389
88.7805,136.201
87.9083,134.794
86.9823,131.543
85.7453,140.701
88.5981,139.497
88.1753,134.428
87.9686,133.568
89.3292,154.559
88.9529,134.542
87.0601,126.037
88.9121,132.469
89.9951,136.482
90.6144,146.807
89.5284,141.241
92.2722,147.466
84.2435,128.947
86.5984,135.241
86.0757,138.181
85.9117,134.546
85.9613,142.224
86.7691,136.022
85.8021,134.761
86.7879,134.957
86.5544,140.223
88.1436,132.138
86.0195,142.104
87.679,127.25
87.3161,130.79
86.7645,125.08
86.4232,128.781
85.2687,134.797
86.1615,130.781
86.7583,135.383
87.2231,129.743
86.0975,128.123
86.3694,140.367
88.3513,137.662
86.8809,131.988
86.521,133.34
88.2292,136.853
87.6696,141.709
90.0563,139.65
87.8392,138.438
87.2783,145.885
92.6389,151.013
85.9909,131.587
85.0478,130.381
86.7917,127.161
86.1582,131.821
87.8455,134.418
87.4301,138.555
85.9224,136.816
87.581,139.912
88.1064,145.223
88.9706,126.705
86.907,140.689
87.3825,138.939
87.9526,136.479
88.062,140.79
87.3898,136.114
90.4939,137.916
88.7317,136.233
88.5764,134.795
85.0758,130.782
87.5485,146.805
87.7216,133.173
87.5457,137.214
87.7454,136.999
87.0947,130.014
90.4962,137.001
88.413,139.487
88.3886,136.124
93.3398,151.166
90.5932,152.81
91.6989,141.004
84.5365,139.908
85.6266,133.33
87.1862,142.527
86.5856,137.195
85.9842,132.195
86.2101,127.647
86.3305,129.73
87.1916,137.786
86.9935,135.156
87.6952,138.469
84.8979,127.348
86.3312,132.811
87.1605,144.26
87.7299,139.886
90.6822,148.703
87.0637,141.159
86.9323,134.872
89.6949,144.846
86.8076,135.927
86.3866,134.522
87.5208,146.98
88.0404,133.917
87.4097,132.208
88.4728,135.597
86.3227,132.294
88.7906,145.334
88.4624,137.942
90.8102,146.004
88.9213,141.06
89.6255,146.431
84.4337,132.662
84.5111,134.525
85.8493,137.586
84.318,138.757
85.1015,129.061
85.2959,134.452
87.1459,134.504
85.5754,126.675
87.3511,132.092
88.7397,138.136
84.2758,131.422
87.282,131.334
87.2397,130.35
88.5813,140.502
87.2597,135.879
88.7111,136.121
87.451,131.049
88.1039,133.953
86.8102,130.812
87.2772,134.978
88.1131,131.606
86.3376,138.274
87.8845,133.316
89.2117,141.765
88.2821,130.774
90.8677,151.052
86.3471,138.756
91.1597,145.624
89.8471,137.256
89.4248,144.584
85.488,125.863
86.034,132.049
86.0906,130.806
85.0866,123.642
86.5436,139.44
85.6805,137.971
87.0231,126.079
87.0376,129.519
84.8882,128.724
85.1266,138.999
88.3598,140.375
87.4221,132.642
86.8645,136.39
87.6036,134.099
88.6851,136.631
88.0455,136.245
86.8021,127.917
85.1135,130.218
86.633,135.935
86.8812,133.031
86.7843,132.843
86.1748,134.513
87.4335,141.847
85.5819,127.917
86.6514,127.042
86.3921,133.421
86.5037,137.324
89.6839,141.16
88.5253,142.762
87.9026,135.289
86.7844,135.539
85.3829,130.118
84.9886,135.823
85.7739,134.477
84.4816,130.407
84.9512,131.589
88.3389,131.245
85.1727,129.805
87.5976,137.935
85.5024,131.905
85.2054,129.403
86.1226,133.721
85.9967,131.82
88.3036,138.54
85.209,132.924
87.3224,136.876
89.1835,149.46
87.5154,129.161
85.687,134.188
89.7582,140.154
87.2024,132.812
88.9679,131.481
88.0746,138.454
85.5566,139.92
88.0495,131.521
89.0958,145.049
86.3873,127.002
88.0931,133.696
89.5738,146.899
88.7413,131.977
84.7025,134.489
85.4926,127.738
86.295,138.381
85.8972,132.056
88.666,141.13
85.1523,125.932
84.268,128.185
85.7717,136.994
86.492,143.146
87.0119,129.713
86.9655,132.307
88.3023,142.658
86.8831,141.196
87.2914,134.76
86.9509,140.998
87.7535,137.969
87.5975,136.637
85.1212,135.267
88.359,138.327
87.1799,136.82
86.8595,129.872
88.7561,141.596
86.5005,127.425
91.0879,138.527
86.3089,132.941
86.0114,134.924
89.616,148.749
87.8768,128.978
87.2814,150.8
93.0872,152.411
85.3891,120.74
85.8053,131.551
84.4092,129.323
87.4141,135.103
87.1186,141.979
86.159,133.478
85.6997,131.513
86.2465,130.165
87.3644,140.004
85.3061,125.985
87.1304,136.041
88.4862,142.671
85.9374,127.427
87.7575,131.274
86.0996,129.359
86.8935,135.553
85.8381,135.792
88.2294,139.642
87.5662,131.555
85.0243,126.04
88.8426,143.323
87.3963,136.642
86.4625,134.007
89.655,141.16
87.2916,142.372
87.6039,140.997
87.6564,141.196
87.1028,142.256
90.196,133.089
91.4924,137.319
85.5166,132.779
85.7273,132.443
86.6564,134.586
85.6656,123.131
85.5149,131.899
86.1656,131.175
84.6872,128.269
85.1883,138.096
87.8031,140.038
88.4522,138.32
86.5293,129.801
87.6066,136.723
86.642,138.977
85.2269,136.719
86.7354,140.904
86.7095,135.038
86.2644,132.024
86.9055,138.462
87.3929,135.626
87.9734,140.694
86.6978,131.524
88.9069,149.381
86.7695,135.222
87.1909,136.694
89.0314,140.638
87.9028,138.659
92.1379,144.078
85.9917,128.486
93.4135,147.902
94.5644,147.532
86.3711,140.081
84.4491,132.259
84.8347,120.739
84.6445,135.854
85.5851,128.653
87.0309,140.847
87.9452,139.455
84.247,139.922
86.777,136.019
86.1816,130.963
85.1674,138.259
87.177,128.513
87.2557,136.419
88.0877,132.464
87.7552,144.569
86.8534,131.947
86.1656,132.532
87.3186,143.88
87.1267,137.318
88.9858,146.606
85.8591,133.219
86.5347,135.745
87.688,131.056
86.4653,134.874
87.9227,143.374
84.7782,134.033
90.5135,136.216
88.8733,137.316
91.2813,139.891
87.8956,139.597
84.1486,129.283
86.0763,137.13
86.4665,120.734
87.5199,130.826
86.1314,135.258
85.0102,130.702
86.9113,131.104
89.6232,134.002
89.7306,147.203
88.246,141.548
WO
83.6926,113.685
83.1889,110.974
83.4477,98.1492
82.7074,100.752
83.0258,107
83.3173,107.979
84.8993,101.699
83.5641,94.734
83.7058,108.044
83.5712,95.0086
86.8302,116.531
82.6047,105.449
84.4095,107.326
85.0701,98.448
86.8285,112.878
86.3548,116.691
85.1689,100.582
86.1518,116.541
83.6176,104.91
87.0899,119.584
88.6275,112.002
86.6654,108.692
86.781,124.399
86.453,113.271
88.2199,121.976
87.5723,123.399
87.1282,128.948
87.2323,127.448
88.6843,130.369
88.0236,126.576
82.4975,107.509
83.304,106.409
83.2184,101.173
85.7785,100.301
84.5008,104.45
83.9372,100.679
85.2401,107.408
85.033,120.557
85.175,104.182
85.373,102.903
83.9041,106.672
85.215,105.088
85.57,104.98
85.3676,115.629
87.1999,109.276
84.8391,115.813
86.8187,101.057
84.9298,111.502
86.5807,120.325
86.8594,112.605
87.9189,105.601
83.9986,103.044
85.5176,109.629
86.8525,120.618
84.9383,102.848
88.5277,127.16
87.164,110.303
88.0069,110.998
87.0248,118.573
86.7304,110.858
84.5401,102.681
83.1377,103.314
83.7527,108.035
84.522,102.307
83.989,98.4158
86.5858,108.362
87.0919,116.515
87.5142,117.21
86.2508,122.829
86.1641,116.089
85.9085,115.349
85.6798,105.629
85.8929,109.456
85.9774,116.791
85.955,115.569
84.1378,99.2581
85.5689,95.008
85.195,109.373
84.654,98.6307
84.8125,107.87
86.49,125.347
83.843,99.7372
86.3807,104.403
86.1296,121.551
85.7501,112.97
87.7426,126.851
89.2518,117.088
88.5347,124.105
86.1088,106.957
88.1895,124
84.2278,104.774
86.6308,97.262
85.7738,110.847
86.1343,116.788
85.4645,107.108
85.7662,124.168
85.0146,114.819
84.0068,100.356
82.1665,96.8043
84.6341,102.833
84.6184,123.445
83.4441,96.7528
86.2861,101.549
84.2768,107.263
87.3596,118.499
86.0281,120.124
83.9631,99.3741
85.4335,112.306
88.1598,111.823
84.7333,101.225
83.0507,104.237
83.9908,102.987
84.3365,112.251
85.0568,101.819
86.0266,111.034
86.8083,112.942
87.2226,109.12
87.7532,107.582
85.658,118.597
87.528,104.872
83.0313,97.6146
86.8008,109.256
84.5362,105.451
85.0401,108.122
86.7821,120.976
84.6482,110.03
84.9907,100.203
83.9392,112.093
85.619,100.892
85.9198,106.82
85.159,111.012
86.3946,117.238
83.6086,111.473
84.0236,103.521
88.4377,105.257
85.3254,120.92
86.0254,111.481
84.7829,104.911
85.4005,102.76
84.3181,98.5278
85.2049,116.526
86.198,107.627
87.0405,118.928
84.9924,110.975
86.8172,115.412
85.9082,119.211
87.4498,115.415
88.9347,134.704
85.4368,107.698
85.9593,118.764
81.5602,96.36
82.745,96.1854
85.2611,105.547
82.8777,101.436
82.5899,103.869
84.4303,103.109
84.3092,97.3857
85.6543,103.656
82.8608,108.125
83.0283,98.1033
85.0445,102.324
85.249,99.6048
85.1078,106.351
85.6728,103.986
86.5617,112.103
86.3085,114.872
83.613,101.102
86.2174,109.35
85.0674,96.1621
86.9603,122.427
87.5353,127.805
84.4959,118.004
86.3004,106.934
87.6589,119.711
88.5937,108.026
88.0657,113.734
87.024,101.065
87.9531,110.183
86.4712,107.272
86.6231,122.121
81.8198,96.9045
83.0204,96.5142
83.9784,102.4
81.7591,97.4332
85.0728,106.292
82.1289,97.2989
84.8359,104.007
84.7098,101.702
85.9814,102.936
83.578,100.42
84.1975,114.408
84.977,114.62
84.437,116.74
85.7194,98.0672
85.5832,109.621
83.9874,106.305
84.0079,101.16
86.6118,109.004
85.7036,113.546
85.4509,112.942
85.6568,103.887
85.1152,112.431
86.0702,99.0086
86.2175,120.431
85.9569,105.261
85.9721,108.306
85.2898,120.74
87.2326,123.99
87.4921,112.598
87.102,122.94
82.502,96.9087
84.4909,96.7545
82.9231,99.5216
85.4794,115.466
85.6089,103.947
86.6182,109.133
84.2962,105.78
86.7391,118.682
85.0938,112.297
84.7077,108.066
85.3194,103.199
85.4612,117.25
86.963,103.94
86.5859,110.775
85.6801,118.689
85.8877,113.295
83.8946,112.743
84.8039,112.633
85.3221,114.523
85.407,110.63
86.1607,111.117
89.0529,127.375
86.4104,115.399
85.2037,114.924
84.4248,119.486
87.9782,133.764
89.4419,127.174
88.6034,128.542
89.3424,138.448
83.0771,117.632
83.9534,104.375
82.8187,99.284
85.0002,115.099
83.4135,97.989
82.4818,98.5332
83.9966,100.109
84.8989,95.8556
85.075,101.746
84.4297,99.7842
84.21,99.6251
83.7354,103.344
84.6252,106.195
85.5292,102.885
85.2814,109.987
84.4546,97.3905
86.6255,112.823
84.678,101.303
85.1234,100.376
84.2537,113.33
85.8222,121.236
86.7226,112.842
85.3037,112.733
84.9734,118.86
87.5942,129.82
85.959,109.284
86.1421,106.317
84.5071,106.609
86.7583,112.464
87.2066,111.77
89.8741,138.571
84.8664,95.8015
83.5499,104.731
82.2579,102.87
85.7364,103.027
85.2528,126.034
83.4533,96.1578
86.1615,118.242
82.5017,108.956
86.9171,113.128
85.6227,111.49
85.5562,120.145
85.8661,108.941
84.2148,107.975
87.2077,108.872
84.8358,105.911
85.1243,110.891
85.4544,119.908
84.667,116.741
83.8646,103.916
87.3622,111.757
89.4246,110.421
86.1447,112.599
85.6618,117.594
87.1958,114.707
84.0655,113.045
85.3448,98.3224
89.733,128.516
84.7165,104.412
89.1991,127.128
88.9339,114.983
83.8979,109.669
83.6264,108.339
83.8408,109.233
82.7486,96.9762
81.9059,102.562
82.8622,98.2932
85.9979,94.4575
84.5747,108.572
85.5273,106.977
85.3868,107.85
83.8937,99.7137
83.5402,104.068
84.2124,112.344
84.6043,95.3153
85.4882,112.31
83.5906,107.084
88.0761,107.634
85.845,101.589
85.1888,110.487
86.2146,109.513
85.5585,109.827
85.7911,119.356
88.6504,126.089
86.3888,106.191
85.1914,103.893
87.5302,112.106
87.3941,103.994
88.28,123.139
89.2614,132.298
91.4239,137.636
82.929,103.209
85.8971,124.367
84.0276,101.94
83.4801,98.6799
83.5873,110.815
82.8741,101.513
88.0641,122.756
84.4143,98.5847
85.9915,102.03
82.3982,102.094
85.6488,101.254
87.8175,111.776
86.3101,113.159
88.4064,128.731
85.6445,116.687
85.6511,98.3446
86.0726,128.213
83.8001,106.481
85.0375,119.202
84.8431,107.459
87.6174,115.913
85.9264,119.27
85.8211,112.196
87.3985,115.147
85.0393,110.146
86.3493,102.928
88.5852,125.824
86.7446,123.158
87.9627,123.974
90.7835,124.955
82.6762,100.836
85.8763,123.609
83.9528,102.123
84.124,104.247
83.168,99.6348
85.4867,105.402
83.74,98.6593
86.3163,116.774
83.6603,98.6029
84.8998,106.393
85.3706,106.334
82.702,95.168
83.6241,104.587
86.4903,116.552
83.1678,112.651
88.6104,129.503
86.6732,119.617
86.0518,101.609
84.7764,100.254
86.0053,102.492
86.8084,105.373
85.1747,102.88
85.7219,98.8856
87.0703,98.3331
87.1793,121.906
85.9508,99.3086
86.1262,112.819
87.8487,115.714
86.9883,123.771
86.7938,107.698
83.1197,100.941
84.3258,112.647
87.4886,112.668
84.7525,107.753
85.8736,103.919
85.5639,101.358
85.599,117.92
85.216,102.46
83.8536,106.467
85.1739,115.116
84.5893,105.619
85.372,104.849
84.6531,104.701
84.3441,104.456
85.9789,110.077
83.6178,114.158
82.7439,96.9735
85.2827,110.636
86.8645,109.714
85.5352,95.8628
84.5322,108.44
85.3937,119.431
85.1848,106.386
86.2149,121.494
86.7212,127.515
86.6076,128.963
88.4203,109.572
87.5282,117.919
87.9632,120.598
85.5025,113.176
84.4255,118.941
82.3496,98.9949
85.1107,102.956
83.5813,103.157
85.7762,104.364
85.1578,114.906
85.6807,118.185
85.3647,118.358
85.2622,109.999
84.3971,100.75
85.0603,99.6017
83.9247,107.769
85.5585,105.379
83.6331,105.689
84.8666,100.542
85.7852,114.391
85.8027,123.064
82.491,101.166
86.4189,106.604
85.872,117.278
86.602,116.829
86.2582,115.285
84.8556,103.708
86.2843,109.629
86.0666,108.367
87.8327,109.263
89.2878,126.928
87.2023,118.832
87.9531,122.906
88.1756,121.251
83.5965,109.82
83.561,102.912
82.3086,98.8728
84.1227,102.196
84.5269,108.245
82.5714,101.179
84.3626,105.383
85.2198,103.178
87.9568,111.547
84.2384,102.421
87.5242,118.372
85.962,112.485
86.6174,105.996
84.8894,103.803
86.3134,121.739
82.7409,106.486
84.9765,104.641
86.2513,115.552
87.845,128.086
88.5189,128.436
87.8984,107.018
84.4711,105.052
86.3502,126.586
87.3134,123.426
88.4016,119.038
88.1914,110.318
85.7491,105.659
87.7038,117.507
88.4491,123.059
89.3766,122.43
83.6478,109.331
83.4585,104.682
84.0398,98.9921
83.924,98.9981
83.1289,97.5232
83.9595,111.344
85.2064,98.0043
85.0019,99.4691
86.2889,122.454
86.9295,94.0059
83.9162,101.602
85.4512,102.562
84.0198,107.285
84.9894,103.601
84.8976,122.947
84.218,110.508
87.3466,126.754
85.8336,110.855
86.9135,127.912
85.1706,110.955
88.7378,127.064
89.3219,115.688
87.596,134.167
87.9367,131.234
86.7459,116.007
88.7822,127.106
87.1354,103.683
86.0815,100.977
88.0749,126.839
90.499,120.881
84.7899,123.72
84.1069,99.131
82.5865,100.992
84.1644,103.679
84.2895,105.191
83.3449,108.912
82.9015,93.7976
84.5119,97.9493
85.843,110.44
81.5244,102.572
84.5024,110.631
84.2578,98.294
84.0575,101.552
85.4951,96.5949
83.903,103.491
85.2086,111.079
85.3983,118.838
83.7103,113.934
85.3254,113.079
87.0357,115.002
84.7034,111.206
88.0654,117.122
83.0158,103.352
85.311,98.7425
85.0774,106.217
88.0894,123.163
85.2932,112.147
89.746,108.135
86.0184,100.711
91.6129,140.542
83.4872,101.391
85.8137,119.746
83.9385,102.983
84.9054,102.902
83.6935,110.726
84.582,105.105
86.4914,124.829
85.199,113.433
86.3717,103.002
84.7855,110.969
83.7911,104.022
85.5338,97.5605
86.3815,109.517
82.9447,96.4563
86.6764,104.405
85.4226,105.892
85.5302,98.1934
84.1887,101.801
84.9273,100.361
83.7,96.0325
87.9315,116.854
86.3468,101.35
87.3329,112.873
87.7394,127.876
85.8125,107.327
87.2547,114.677
87.4671,112.863
87.2163,113.38
88.7332,116.628
86.902,115.691
81.6756,106.349
85.2537,114.02
85.5004,100.206
85.0774,116.743
84.7312,102.639
83.292,109.286
83.3349,104.039
84.4548,96.5477
85.4302,111.252
84.1084,106.096
84.8657,104.648
85.7162,104.51
85.0801,108.211
84.5205,104.251
84.5377,112.227
84.1473,106.624
85.7452,105.302
86.3825,123.314
85.4216,116.264
86.4679,111.405
87.2527,113.32
84.9498,99.0105
87.2408,105.662
86.9483,109.832
84.0037,97.8609
84.9517,97.3991
86.4377,111.312
88.1852,121.722
87.3041,116.273
88.8195,130.934
84.3842,108.671
83.949,99.1769
85.3195,101.189
83.1288,101.223
84.7799,94.7187
85.0343,104.143
85.4188,104.317
84.7048,113.856
86.1851,120.512
85.7815,110.063
84.2628,100.065
85.377,117.189
84.6945,104.065
85.5334,123.536
86.7248,112.534
85.9355,107.228
85.606,118.271
84.1401,104.982
83.0353,106.257
85.771,115.133
89.0344,128.818
85.2577,108.694
88.2639,131.902
87.0927,115.029
86.6262,101.725
86.7141,132.965
86.6601,114.438
88.2259,127.765
89.5929,136.825
88.8789,117.245
83.8549,99.7708
84.7252,101.936
85.3714,106.796
84.6723,108.817
83.5118,100.993
84.7509,108.378
85.1464,106.497
84.9536,109.958
85.3534,103.67
83.4088,105.177
84.8002,103.34
85.1938,106.85
88.5301,121.959
86.3141,108.572
83.6474,110.396
87.2843,102.516
87.0647,126.779
85.5675,97.1323
84.7528,110.602
85.2131,102.596
85.1564,122.692
85.2222,100.149
84.9746,113.803
84.4235,103.524
85.9294,117.051
87.4067,116.945
86.2087,105.719
85.9919,100.833
87.4686,110.294
91.0318,127.504
81.5773,100.586
83.6483,101.142
84.9122,108.991
81.5253,102.206
83.2652,99.6485
83.384,93.3756
83.4153,113.762
83.2409,111.94
83.4989,99.5495
85.1502,114.025
85.4523,117.379
82.6265,99.026
85.2249,114.362
85.6569,117.187
85.0526,119.249
89.6105,121.437
87.4473,127.978
83.3039,107.864
84.1824,102.045
86.2611,122.309
85.7236,101.067
86.1987,117.586
87.7747,105.791
87.5585,99.5643
86.2711,108.664
86.1491,109.009
86.3115,110.492
87.828,123.455
87.7233,105.491
85.4117,100.522
82.5114,101.23
82.9406,106.632
83.585,106.743
82.2851,100.649
85.0027,107.315
85.5424,98.3698
85.0381,106.425
85.9128,103.152
84.5473,97.3334
82.4677,96.7142
86.6421,105.112
86.7806,119.9
84.4885,105.468
84.406,128.17
85.5665,114.73
85.7298,101.482
84.5114,107.188
84.3658,116.482
86.0788,104.928
85.5387,112.414
87.1165,122.732
88.822,119.821
87.9441,120.205
87.4117,121.168
88.4717,116.743
87.3572,125.617
87.494,123.007
86.9305,102.13
88.1109,119.235
89.6809,121.669
83.3453,108.122
80.1602,94.9781
82.6804,98.8486
83.2284,100.864
82.9036,100.626
84.2688,115.805
86.349,102.73
83.855,105.978
84.101,105.722
84.3522,117.978
86.1956,117.998
86.005,105.137
85.4806,110.038
84.2983,117.122
84.9816,112.216
85.865,113.732
88.6696,133.039
85.0753,103.04
84.7667,105.725
85.254,102.651
86.89,131.053
87.2754,113.819
87.048,123.32
85.9271,115.186
85.5806,116.337
87.1019,107.005
88.0671,116.187
87.8299,126.378
84.3186,102.634
87.3464,108.021
83.6629,110.883
83.9414,92.6895
84.1809,103.244
85.4477,104.628
85.3331,115.43
86.2925,103.379
83.7042,103.194
83.5511,98.4033
85.1284,111.586
85.2817,98.6459
87.4435,134.952
85.4408,120.396
84.8328,104.445
83.7953,109.673
87.82,126.185
85.0334,98.6935
86.2735,105.253
84.9803,109.047
88.882,114.169
87.3068,104.317
84.6369,118.064
86.503,102.071
86.9916,121.766
87.8723,118.33
86.8712,122.26
92.6275,133.341
85.6042,102.342
87.5881,125.337
86.1669,129.702
87.3838,122.262
84.6388,101.65
83.6929,104.461
83.4305,103.159
82.5873,98.9137
82.153,101.157
85.2405,114.661
84.7246,103.629
85.7475,113.174
84.1436,98.1201
84.3819,109.524
84.4863,105.382
85.673,109.5
85.6349,104.959
86.82,108.847
84.9805,110.164
85.2519,98.3884
84.1997,101.402
86.7807,106.778
87.3916,114.171
83.164,99.4646
85.6293,108.61
88.8032,130.515
85.3702,113.409
87.0927,114.236
86.1737,115.931
87.3778,113.243
85.4146,113.331
89.7642,119.487
89.12,123.362
86.584,117.73
83.455,98.6619
88.5527,118.234
83.8706,98.8031
82.1907,101.974
83.1683,105.298
83.8985,107.061
83.1024,95.8551
83.5681,99.1878
84.8999,106.235
86.2157,125.83
85.87,112.47
86.5306,109.106
85.2902,108.846
86.5435,105.256
85.8002,118.606
87.5234,111.578
86.5509,113.887
88.1558,119.108
87.2459,108.353
86.1375,113.245
86.0542,112.369
87.0009,112.622
86.9567,130.892
87.0453,118.904
87.221,122.535
86.4299,103.791
88.9999,128.796
86.5828,103.668
88.0197,113.279
90.7926,132.674
83.8732,103.589
84.5185,108.44
83.6181,98.2526
82.9398,101.757
84.1718,110.044
83.9915,112.589
86.1456,107.572
84.3192,117.108
83.1329,98.4389
86.9577,117.014
85.4054,107.098
85.9925,117.964
83.249,101.976
86.2943,120.312
85.4176,106.739
85.9628,108.967
84.4949,119.639
84.5269,110.886
86.1204,111.173
86.2663,99.8658
87.2689,113.939
87.6739,118.73
85.8524,122.595
86.9165,115.602
84.3933,108.816
86.7975,105.392
90.4718,140.702
87.582,123.359
90.8536,114.357
87.709,121.169
81.8301,97.2866
82.992,101.967
84.9027,109.05
84.1015,102.074
84.4412,104.135
84.888,98.8314
85.5514,107.847
84.8214,106.585
86.784,112.314
85.1799,102.176
84.1002,96.3078
85.5886,111.297
84.9709,105.143
86.6904,121.889
88.5442,101.374
84.8046,104.046
87.6367,123.131
86.2106,112.913
87.7778,118.261
86.0644,112.826
86.6807,118.574
87.2072,118.88
83.7495,96.4789
85.7636,109.162
89.5923,134.634
91.1017,132.384
87.9697,127.118
85.0464,114.804
89.1777,118.763
87.0708,109.545
83.7306,110.2
84.76,118.163
85.1348,109.519
84.7251,106.639
85.4325,109.942
85.7946,112.748
84.0169,101.517
85.0428,123.117
85.6718,110.361
86.9318,119.721
85.8758,114.817
86.3658,99.0381
87.6303,119.184
84.5498,111.691
86.8859,109.128
82.1803,94.885
85.6016,110.817
88.6914,130.544
84.7384,101.926
86.4723,122.619
83.9388,95.5934
86.6691,124.979
86.3968,109.933
86.497,108.496
86.389,115.123
86.1181,117.936
85.575,117.692
84.9239,109.866
88.2625,116.844
88.5629,132.014
84.5015,95.9657
80.9954,97.8597
82.9536,101.993
84.1175,111.087
84.2443,109.195
82.805,100.195
83.1405,98.5872
83.9891,115.487
83.5811,108.628
83.9351,114.973
83.7763,110.542
83.8425,103.219
85.006,106.134
83.5007,106.919
84.0895,95.6454
85.533,109.684
84.423,105.285
86.3653,100.633
85.4822,113.899
85.8662,115.847
86.5272,119.679
86.1989,114.46
86.5116,118.354
87.1564,121.215
86.0503,112.239
86.0758,108.417
87.961,123.319
86.2413,108.169
87.0652,137.264
89.0505,119.574
83.2037,104.441
82.2124,98.6745
84.452,98.302
83.8065,110.622
84.6434,95.5083
82.6346,98.4938
83.9501,99.7584
83.6573,102.079
85.6882,109.548
83.126,109.448
84.6656,104.176
84.5156,102.774
85.4846,105.364
84.7854,103.049
85.3752,109.177
86.4175,114.021
84.1479,100.859
87.5546,113.03
87.1076,107.339
88.8553,128.942
84.1146,91.5697
87.2006,108.189
87.1808,120.831
86.8534,119.088
86.0243,106.797
87.8096,126.031
88.0707,116.249
87.4016,129.956
90.938,130.963
89.6595,133.081
82.9568,98.4762
83.2568,101.159
85.0824,116.241
84.7525,115.453
85.072,108.546
85.7432,109.936
87.5291,126.971
85.4793,108.467
87.4755,114.408
89.5642,112.337
OPT
78.1867,67.4215
78.2488,67.5187
78.2303,75.7348
80.3368,72.2238
80.0633,68.731
80.8743,80.1632
79.3667,70.6775
79.4399,69.2742
79.6582,72.6574
80.2683,68.9954
77.9211,66.2326
79.351,68.5771
77.937,77.9172
79.6598,70.1988
79.7308,69.1575
79.5569,68.9657
80.3934,77.3965
81.3079,64.9051
79.2404,86.2626
80.6966,70.1069
79.6901,81.4346
77.7208,74.2332
82.1517,71.6281
82.2715,89.6036
80.8812,85.3375
82.84,77.1774
80.9034,82.1093
83.5461,88.7867
80.8422,82.047
83.9334,76.8098
78.9596,72.0297
79.8874,71.7367
78.4265,64.8159
83.6397,84.0185
80.6477,77.3821
78.6296,76.4212
82.0564,78.2627
78.9056,70.7851
80.0932,79.8206
79.3463,83.8372
83.0899,90.9946
78.318,73.275
79.3754,79.2013
81.453,65.8471
79.7634,80.5386
82.1144,74.3654
79.3927,72.3203
78.496,73.8049
81.0973,73.2989
80.0849,73.2796
78.6108,69.8448
82.2933,73.4633
79.8473,73.4817
79.5067,85.4506
81.1794,80.1902
81.2233,71.0858
80.3529,73.4126
82.7778,78.0838
81.0925,76.1046
80.1989,69.4924
79.705,71.258
80.111,76.1749
79.0111,77.5973
77.6583,68.8716
78.7278,75.4045
79.9479,70.4245
80.0336,71.6337
80.1564,87.3243
78.3415,69.4465
81.9479,95.4378
79.7953,80.7974
81.2667,73.3759
78.982,74.2598
80.5313,71.6396
78.6956,80.0698
81.714,82.6491
80.9159,74.8702
80.4507,70.3359
80.8555,79.3506
79.8387,67.7015
80.3253,72.8468
81.1686,92.9589
78.3706,79.3454
80.9384,79.7764
80.7926,81.504
78.5212,68.3825
83.7446,80.9712
81.1434,84.9397
81.0976,81.4676
80.418,83.0811
80.4208,92.1898
78.2576,64.2479
78.8252,79.0012
78.2281,70.6963
81.2114,81.5614
80.188,78.2972
80.9698,81.0266
80.4522,75.0947
79.5045,71.8069
80.9173,72.5388
78.021,71.4258
80.6836,81.4734
80.4871,71.6421
79.9643,76.7363
80.7012,90.3204
78.9334,84.9491
80.2054,93.0401
79.1951,70.8705
79.5071,72.8796
81.0446,77.2163
82.0819,93.5561
81.4648,84.1744
82.0598,71.9756
80.6063,87.0107
80.4635,73.1941
81.88,98.0308
80.9059,71.827
83.3639,97.373
81.013,86.4653
81.261,74.6517
78.5598,69.7723
77.4848,67.6867
79.0014,64.6082
78.0834,74.1905
79.5368,74.1032
79.3045,77.5909
80.4379,75.1797
80.5895,73.7304
80.2486,86.8233
78.6953,73.178
77.9382,70.9343
79.0747,82.6848
79.7696,68.4509
79.6206,71.1956
79.1429,73.5607
80.24,71.9882
79.8211,72.98
80.4982,74.237
81.8734,88.8367
79.8143,78.1928
81.3419,79.9949
81.6533,90.3295
81.591,81.4801
83.2334,100.729
81.9155,82.5076
80.9842,88.2488
83.1424,67.2765
82.9775,82.4054
84.1472,89.1689
81.5267,69.8588
79.5565,79.3208
78.3688,70.5044
79.4323,72.643
79.5286,74.5496
78.027,74.803
79.9498,88.2178
78.8527,68.6693
79.2608,72.4234
79.5507,76.3636
79.6582,87.3109
80.813,74.5006
80.0674,77.665
78.8319,72.8425
80.517,76.8355
80.4318,72.4101
78.8762,76.3668
79.6461,72.9507
79.3488,83.4605
79.6926,79.733
80.0207,73.3906
80.4137,85.8024
80.0204,75.3835
79.293,76.6221
80.5484,73.2568
82.2423,83.0886
79.9054,76.4008
79.6367,73.6253
79.7437,77.9373
81.5853,78.0818
82.355,93.2973
78.53,72.2032
78.1413,78.521
79.6875,73.1976
80.3605,81.4075
81.0157,67.8452
77.654,74.1115
80.6926,77.6702
81.4054,78.4631
81.0212,78.9593
81.8762,70.7455
79.8641,79.2198
80.127,76.2765
78.6748,72.1761
79.4317,70.9643
82.0801,83.3022
80.5502,71.434
80.3401,77.4149
80.5472,73.0602
81.8932,89.7336
79.9751,81.3424
79.7085,76.5961
80.7268,90.3697
81.7275,82.7118
81.653,81.675
81.164,69.9591
81.9252,92.2564
80.1344,70.323
83.1848,99.238
84.0595,92.6216
81.574,84.5565
78.8159,70.209
81.2069,96.8411
79.3457,71.6657
78.7887,79.4061
78.4725,82.2557
79.3916,71.4006
80.5387,84.4509
80.2393,78.9366
79.7697,71.2043
80.6336,74.2022
83.0492,85.2297
79.4668,70.6845
78.6134,80.707
80.6888,77.4812
79.8124,70.3203
80.9996,71.6973
80.9512,78.6252
79.3766,65.2003
79.6601,69.4628
79.5838,70.9249
78.995,76.1675
83.8134,86.3846
80.4238,79.5541
82.3549,82.6313
81.5522,78.4856
80.6735,71.4934
79.8153,68.8114
83.2814,82.2053
82.4245,97.21
81.7764,82.4955
77.372,76.1513
78.0048,72.1631
78.8733,72.8586
80.9783,68.9342
80.2719,66.2012
79.773,82.0913
80.3072,68.2478
78.8105,85.6347
79.4116,72.0629
79.4177,70.6533
79.7916,71.4149
80.8905,69.8538
79.9497,76.0614
80.892,76.9653
80.2239,78.5827
78.6886,80.7878
78.9546,70.6484
80.8608,86.0279
82.9064,81.4877
81.864,81.1263
79.3011,80.4677
80.0409,82.2567
78.1852,73.0995
80.8509,77.4464
80.3239,71.6563
81.343,71.4349
80.903,82.0886
80.2869,80.6633
81.5084,82.6229
81.4702,76.2993
76.4039,69.9773
78.9669,62.797
77.1983,71.7974
78.8738,82.8418
78.7153,78.3093
80.1847,68.375
78.825,72.7462
78.2423,81.6437
79.5596,76.5651
79.3608,81.5271
80.0625,85.2995
79.7507,76.3913
82.5034,79.514
80.1851,71.6773
80.7514,82.9783
80.2427,74.7319
79.6508,69.4556
80.6797,73.9223
79.8997,69.8985
79.2211,72.1394
79.3033,74.6706
78.7279,71.3475
82.5708,88.6036
79.804,80.7239
81.1129,83.9637
81.0053,82.4302
81.5356,89.2925
82.8387,76.8211
80.6544,77.2166
84.8788,82.3683
77.682,71.5823
80.5919,77.6878
77.8633,74.7464
79.9673,80.6667
80.2076,69.159
80.2944,76.4535
80.2403,75.0644
80.3525,76.6611
80.321,65.2578
78.8285,82.3485
80.5394,78.2771
78.658,78.7739
78.7823,69.1357
78.7111,75.2671
79.5893,77.454
80.3386,76.4003
80.784,73.305
80.9182,75.6286
83.0171,76.3054
81.3616,75.8491
80.6677,82.1859
81.2455,84.9378
79.5091,69.2491
83.0881,73.4237
81.3881,79.0493
81.741,82.293
79.5417,72.8077
81.7634,77.7027
82.1658,86.6835
81.6295,79.9825
79.3367,72.7408
79.1506,70.1534
80.3228,82.0325
81.5568,82.8938
79.3632,72.4547
80.6566,67.2144
82.1919,84.0289
77.1648,86.7473
78.9003,71.9644
78.5511,85.6984
81.6205,82.4774
79.3713,72.271
79.0996,79.4491
79.9978,73.1224
80.6635,71.8707
80.4554,82.8576
79.8009,65.6943
78.8393,71.5857
79.5148,77.3457
80.4781,72.6556
79.4,75.1096
81.6074,77.6263
80.8928,82.6444
79.1512,71.8202
82.0467,82.1895
81.9469,66.8558
80.8646,97.5325
82.2685,97.853
80.8662,81.3062
80.7077,72.5541
79.5092,75.1833
78.4706,73.2504
77.6502,70.3786
79.2156,75.3577
80.7942,78.9274
80.122,68.7969
79.3376,84.9302
78.9933,70.879
78.6694,69.5455
78.3663,76.7097
79.7754,77.1553
80.7122,86.4376
80.6326,79.0846
81.0931,64.811
79.9409,70.3984
81.1889,76.4394
80.3692,85.4939
81.2129,77.0751
79.7251,76.7966
79.4011,75.4771
82.551,78.2669
79.6674,74.0289
81.333,77.5256
79.0653,80.7343
81.1086,72.7034
79.0586,67.189
78.7065,75.8123
79.8202,78.93
79.0073,73.8174
82.0617,90.7267
78.5719,70.013
78.3541,75.3606
80.0037,63.0437
79.2609,70.557
80.1924,71.6362
78.9531,79.7387
78.9673,74.7406
80.6465,73.7966
81.4534,67.6656
79.8812,76.2857
79.1816,74.2199
79.7187,73.9992
78.9126,74.1799
81.1999,59.975
80.3662,73.9421
81.4041,79.3801
79.7651,70.0387
80.2175,69.004
79.2151,73.7469
80.7306,73.762
78.7554,87.0188
80.6287,61.9952
80.0847,75.267
82.4397,77.5835
82.5624,78.1219
81.5891,74.6219
82.1717,79.1247
81.6631,83.2212
80.4644,97.0532
80.812,75.1989
78.8149,70.6502
79.9502,70.8357
78.2379,81.4989
79.8047,68.5382
79.7541,71.4434
79.2931,76.1393
77.5647,70.3659
78.6047,68.2492
78.1633,67.5193
79.0768,75.882
78.4668,75.5527
81.1765,70.2117
79.8003,72.9614
80.7066,76.7068
79.3128,69.2483
79.0832,75.803
80.2401,78.5375
79.5709,77.6359
81.2358,75.2423
80.3438,67.6012
81.3154,82.0814
80.0444,69.3437
81.1134,78.6503
80.4662,77.8706
80.1302,86.4463
80.6457,93.5608
79.763,68.2396
81.1983,76.8858
80.6087,74.5749
82.8442,82.8761
76.9497,73.7736
79.6463,82.8889
79.0203,83.9716
78.7146,84.6253
81.1086,87.6833
78.9939,80.9197
79.3952,76.0379
80.7983,72.6743
81.5376,67.3458
79.0842,84.4418
80.0507,71.7688
78.4737,78.2077
78.5752,73.0852
80.2635,72.2907
82.1562,82.4191
79.9522,79.699
80.5726,69.0763
79.4688,75.2806
78.1761,71.751
81.9972,87.654
81.7577,82.4436
80.1271,76.823
79.7242,79.2647
80.1815,71.8964
81.4379,80.954
80.2423,75.3657
83.7473,79.3695
82.5085,88.1715
84.4842,93.1708
84.2098,80.4511
78.4748,71.5771
79.8375,72.5479
80.1214,70.2921
79.4598,75.8392
78.7021,81.3761
79.7496,75.8797
80.8009,69.915
80.9249,70.9696
78.8205,72.4552
81.4125,77.3375
78.1252,73.7235
79.0698,71.7972
79.5503,74.3847
80.7408,74.8628
80.6327,78.3064
77.4743,70.6189
81.693,87.4227
80.2157,88.3764
79.6568,72.1421
78.8351,71.2719
80.0103,77.0321
81.9631,92.7232
79.6549,74.3028
78.5534,73.6377
81.7242,90.6168
79.2322,65.9344
79.1124,70.8719
81.6503,71.374
81.873,75.916
79.8699,81.0112
80.0014,77.1342
81.5122,84.7413
79.5001,66.6395
80.2857,77.1872
79.1123,74.9916
77.8835,75.7116
78.1991,77.1568
81.1699,68.6194
79.0219,71.4221
79.738,76.1871
80.7293,76.8283
79.7072,78.4243
79.9857,79.522
80.5466,72.6759
78.1429,77.5451
80.3052,70.2861
79.8752,77.4184
79.5974,68.854
80.5752,73.0498
79.7512,72.2325
80.523,80.3284
81.5009,77.9894
79.2058,79.173
79.5441,65.6716
79.4528,72.3279
79.5843,64.9247
78.4453,70.5146
81.5367,87.8954
82.2876,95.3146
81.526,78.7927
77.9967,73.2073
77.848,69.2316
79.6879,77.2894
78.0008,71.0797
79.1321,76.1863
79.9519,76.0205
80.8003,78.7095
80.5355,81.1206
81.5119,76.5657
79.3877,68.7802
80.4936,72.9723
80.6681,91.3097
80.815,86.5564
81.1088,82.8926
80.7824,79.9397
81.1787,80.6796
79.8037,75.7434
78.9333,78.535
79.3154,74.9188
80.8326,87.392
81.1304,80.7885
80.7458,69.7808
81.5894,78.4124
81.9112,78.296
81.9292,106.953
80.3331,78.9296
82.4343,75.3485
82.1895,89.2284
82.9843,94.3446
83.4671,94.4716
78.8564,77.485
78.1697,64.6984
78.9599,72.3876
80.1278,74.7415
79.4935,76.0984
80.6918,75.5225
78.9462,72.8817
77.1888,75.7186
77.2884,79.2006
77.8503,77.414
79.2195,75.6258
81.7604,75.4141
79.9471,74.1394
78.5373,72.105
79.538,86.0604
82.0428,90.702
80.6376,80.0601
78.3541,81.0859
80.2052,85.6335
82.5689,76.5035
81.3779,75.2157
79.8906,69.3903
79.4534,77.85
80.432,76.9956
79.7797,74.2039
80.1614,77.8059
80.3695,84.8998
80.4706,75.5744
79.7634,71.0575
81.6143,73.3244
79.1547,78.8461
79.5807,77.5605
80.1131,80.761
79.6097,73.3229
78.8551,76.4973
77.8299,70.0391
79.0566,71.0548
79.7409,73.2931
80.6683,77.6075
78.7208,78.5144
79.5675,68.5647
79.3564,74.582
78.8172,81.0947
81.7709,87.037
79.999,77.614
81.6433,74.181
81.6566,73.454
80.7115,78.1036
80.1716,62.6181
81.722,69.9664
82.9029,64.9662
78.9555,68.1897
79.4223,80.1992
81.6639,77.1378
80.656,77.2604
80.3533,73.0627
82.4968,85.6268
81.7508,75.1742
83.9933,68.1484
81.5887,82.2012
80.1379,73.3854
79.6905,81.4762
80.3896,73.1808
79.1448,68.0838
79.1905,73.3274
80.9255,76.6999
78.5428,67.4678
78.708,79.558
77.7524,68.865
79.2023,76.3485
79.7727,70.1606
78.1796,77.338
81.0992,77.8175
78.9915,73.3952
79.5019,76.6929
78.8199,67.2222
81.7526,77.8606
79.4301,74.4014
81.7696,68.9572
80.3551,72.5379
80.7949,83.0188
82.4595,89.0886
78.6248,70.0082
83.028,88.3651
81.5468,88.338
83.3484,75.4136
81.7352,84.6095
86.1308,94.578
80.2222,70.6117
81.8383,84.504
77.6889,72.636
78.8464,71.5592
79.5544,78.8887
79.1333,77.5896
79.5937,63.1996
79.247,78.8103
79.7462,71.8692
79.1515,76.0935
79.0925,77.3113
78.1767,78.1267
80.8271,74.4138
78.0572,73.4006
79.2985,82.346
81.6237,72.9579
80.2023,84.1579
79.8306,81.7803
80.0303,68.7013
80.5562,79.9047
81.1285,77.2437
82.4941,77.5093
80.7126,71.4639
81.8915,69.9534
80.5351,78.4296
82.2016,74.404
81.5499,79.9925
82.0466,80.7459
79.9961,69.4444
81.194,80.3174
82.2103,76.1775
80.3093,70.8286
77.9062,76.3965
79.2191,77.4758
79.8464,80.5567
79.4804,69.564
80.9223,68.0741
78.9737,81.9391
79.7546,71.5382
78.4327,73.242
80.2866,70.9846
79.6911,77.3685
78.6066,72.0184
80.2211,73.4935
79.5981,75.2574
80.845,77.6143
79.6348,75.6829
79.0468,75.4504
79.3885,77.4388
78.9103,67.379
80.0043,75.7195
79.2461,76.5983
80.1101,84.6404
80.5619,79.4684
79.555,81.83
79.4477,76.0541
79.7414,70.2684
80.6809,75.5587
81.3789,82.4202
81.258,74.8009
80.9378,79.4089
80.4627,77.5856
80.1838,80.1254
80.1123,76.1166
81.9965,79.894
80.1562,71.3579
79.9487,73.4453
78.9675,67.6424
77.6059,70.4609
80.7218,72.2796
79.5862,75.2903
80.2236,74.2139
79.833,81.5287
80.1629,65.5936
80.4659,81.3487
79.3142,93.2485
79.9605,75.8673
78.9031,69.3093
80.3509,70.6623
77.8088,63.173
79.7955,72.9003
81.8479,80.3642
81.634,90.6926
81.1514,82.5282
80.1509,72.0824
78.0311,85.0228
78.0908,73.9247
81.6203,81.7957
80.0731,67.0304
78.8169,69.063
80.1285,69.546
81.9473,76.0995
79.3308,83.5881
79.5873,80.8183
79.5426,79.0453
77.4363,65.8897
78.8818,69.9674
79.255,68.0667
79.1203,68.2836
79.368,82.4476
79.7397,76.7317
80.0422,72.3838
79.4785,68.1391
78.2188,75.916
77.9412,74.333
80.8352,71.5543
78.9243,74.5676
80.3251,72.885
81.4785,83.1645
77.8564,81.9915
80.7475,72.0775
80.5149,79.29
80.5745,72.0557
81.2926,67.1533
81.151,70.9453
84.1013,91.6141
80.8931,82.2022
82.1564,76.2178
80.8211,82.7529
82.269,84.8701
80.1802,80.7475
81.1756,80.7394
78.7341,77.6175
77.7428,80.5008
78.7107,83.645
77.6896,76.6498
76.5483,77.4021
79.9569,70.4494
77.9719,68.4006
79.1439,72.3647
79.3805,79.6088
80.3989,75.8051
78.7953,80.9248
79.5305,74.6722
79.7972,78.9136
79.8995,69.4704
80.5944,76.291
79.3168,83.5797
79.3184,70.3013
79.4479,76.1602
81.1565,86.9384
80.625,80.842
80.3709,84.8025
79.6126,75.4834
80.8748,70.3823
81.7049,88.9719
80.1597,72.4658
80.7529,73.9443
79.7569,88.5592
80.2547,77.3968
81.4737,79.5846
82.0846,77.6229
78.6808,79.8647
76.2333,69.3983
80.9415,81.6389
78.6464,73.4129
78.843,73.4735
79.9924,74.8628
78.1456,70.28
78.9152,79.2447
80.526,76.3502
80.4261,85.0722
78.9151,75.8071
79.1192,74.2066
80.3505,84.0226
80.8222,76.7867
81.3701,75.5368
80.1824,74.5981
79.2419,70.8684
79.1119,66.195
80.626,79.2088
78.2064,70.9005
80.5371,75.0407
79.8207,83.1248
82.3595,78.8911
80.9652,91.6046
81.189,99.6931
78.4778,83.6189
82.9668,82.331
82.22,84.0032
83.4952,78.2743
85.3382,105.183
79.452,80.6272
78.0039,73.9831
78.4373,74.1872
78.7931,68.802
78.6142,83.5897
80.5649,68.8511
79.4426,70.2724
78.0342,72.5625
79.0294,80.7803
77.2958,77.7879
80.2067,70.2736
81.5244,66.9641
81.9389,75.9922
80.1507,73.3567
79.6984,83.269
79.8787,76.8834
79.0919,74.7437
79.3739,70.6341
79.8818,71.1221
78.8721,74.6592
79.5058,73.8464
80.892,77.6985
78.26,72.7468
80.1581,69.7793
80.6157,82.725
79.9696,75.1876
80.043,70.1596
80.6075,72.2275
82.8635,69.9467
80.5676,81.2237
78.4923,68.6128
79.2812,71.8203
79.757,70.7281
79.9747,79.9069
80.0519,66.3834
78.2877,77.2624
80.3856,72.8396
79.7608,76.595
79.8184,75.0981
77.9269,74.2737
80.3403,71.64
79.9369,73.2051
79.6702,71.6754
80.1974,72.7595
79.5281,81.5221
79.5924,77.3605
80.7801,71.1477
79.687,79.0833
80.6182,79.0415
80.5704,76.4743
82.2962,86.3323
81.9463,66.9456
79.7819,82.7401
79.7947,77.4942
81.6249,88.6331
80.209,78.3707
81.9511,91.3693
80.4789,69.8879
84.2611,95.0085
82.8369,88.9021
79.8759,79.1617
79.9633,76.8976
79.8963,69.6001
78.1561,69.8669
79.6352,86.0808
80.6227,78.669
79.4821,87.7475
79.7913,75.2843
77.4192,64.4926
80.3553,65.2814
79.743,79.8586
77.5255,74.2178
80.3175,85.7838
80.7834,81.5598
79.9925,79.1097
82.9724,80.5647
80.8383,75.9618
81.211,78.1694
81.7046,80.8593
79.9834,76.5627
80.4014,64.2542
80.2071,83.2645
80.981,95.4039
80.4153,73.6073
79.0394,73.5784
81.0615,88.974
81.2204,87.628
80.2942,79.6531
81.5408,71.9841
82.6604,77.2039
79.4498,65.0608
77.9234,72.6886
80.6978,76.3774
76.9054,68.6399
80.2356,75.4674
79.5585,77.2427
79.0373,68.9999
79.623,77.1473
79.6504,76.887
78.6797,69.8535
77.642,77.3606
79.0183,71.521
81.9032,85.9408
81.1728,79.9223
79.5463,71.6798
80.0106,69.6424
79.9677,73.9066
80.2161,77.8245
79.6962,80.9832
80.9851,81.8011
82.2215,89.9879
80.6223,81.8199
80.6345,83.1135
79.8593,67.9312
81.463,81.2736
80.0907,81.8667
82.0748,91.1909
81.061,72.5492
80.4071,73.5484
83.5657,74.5061
78.8644,77.1426
78.0359,66.7838
78.14,66.8189
79.4847,88.6097
80.7792,94.3552
79.2348,78.0276
79.1086,72.6401
78.4433,75.9173
80.0572,73.584
78.6703,71.5781
79.3153,81.0609
79.2858,80.0354
79.5636,73.6619
79.2647,66.0385
78.6932,87.3682
81.2094,85.0245
79.4033,65.6819
80.3509,75.571
79.459,73.8339
79.1899,76.4872
79.1505,73.693
79.1008,76.9847
79.2778,83.4049
79.6526,79.1367
79.6573,76.1711
82.3883,85.4204
80.7519,94.1509
81.681,78.7703
81.6411,79.2926
82.3653,87.1496
76.3938,71.05
79.6164,81.2332
78.8387,70.3725
80.4573,82.1789
81.713,73.7325
79.4066,67.8297
82.0128,87.5723
80.5576,84.0061
80.8645,78.764
80.7269,68.57
