0 0 3
0 1 0
0 2 1
0 3 0
31 2 0
41 1 0
62 0 2
62 2 1
62 3 1
82 1 0
93 2 3
123 1 0
124 0 3
124 2 3
124 3 2
155 2 1
164 1 3
186 0 2
186 2 0
186 3 1
205 1 2
217 2 1
246 1 0
248 0 2
248 2 1
248 3 0
250 0 3
250 1 0
250 2 1
250 3 2
300 1 2
300 2 1
333 0 1
333 3 1
350 1 0
350 2 0
400 1 3
400 2 1
416 0 2
416 3 1
450 1 3
450 2 1
499 0 3
499 3 1
500 0 3
500 1 0
500 2 3
500 3 0
535 3 2
541 1 0
550 2 1
570 3 1
582 1 3
583 0 3
600 2 3
605 3 1
623 1 2
640 3 0
650 2 1
664 1 0
666 0 2
675 3 1
700 2 1
705 1 0
710 3 1
745 3 0
746 1 2
749 0 1
750 0 3
750 1 2
750 2 1
750 3 2
781 2 3
812 1 3
812 2 0
833 0 3
833 3 1
843 2 0
874 1 3
874 2 1
905 2 3
916 0 2
916 3 0
936 1 2
936 2 3
967 2 3
998 1 2
998 2 1
999 0 3
999 3 0
1000 0 1
1000 1 2
1000 2 0
1000 3 0
1035 2 1
1050 1 0
1062 0 2
1070 2 1
1100 1 3
1105 2 3
1124 0 3
1140 2 1
1150 1 2
1175 2 1
1186 0 3
1200 1 2
1210 2 0
1245 2 0
1248 0 1
1250 0 2
1250 1 0
1250 2 3
1250 3 2
1275 1 2
1291 0 3
1291 2 3
1300 1 2
1312 3 0
1325 1 3
1332 0 3
1332 2 3
1350 1 3
1373 0 2
1373 2 0
1374 3 0
1375 1 3
1400 1 3
1414 0 3
1414 2 3
1425 1 3
1436 3 1
1450 1 3
1455 0 2
1455 2 3
1475 1 0
1496 0 1
1496 2 1
1498 3 2
1500 0 3
1500 1 3
1500 2 0
1500 3 2
1562 0 3
1562 2 1
1624 0 3
1624 2 1
1625 3 0
1686 0 3
1686 2 3
1748 0 2
1748 2 1
1750 0 3
1750 1 3
1750 2 0
1750 3 0
1833 1 2
1875 0 1
1875 2 0
1916 1 2
1999 1 3
2000 0 3
2000 1 2
2000 2 3
2000 3 2
