0 0 15
0 1 13
0 2 15
0 3 16
0 4 8
0 5 11
50 0 15
50 1 7
50 2 16
50 4 15
83 5 14
100 0 9
100 1 12
100 2 8
100 4 11
125 3 9
150 0 7
150 1 15
150 2 15
150 4 12
166 5 12
200 0 10
200 1 11
200 2 7
200 4 14
249 5 14
250 0 9
250 1 12
250 2 13
250 3 12
250 4 16
250 5 8
250 6 13
281 3 12
291 1 11
291 6 16
312 3 10
312 5 12
332 1 8
332 6 7
343 3 13
373 1 9
373 6 12
374 3 16
374 5 15
375 2 16
405 3 14
414 1 15
414 6 10
436 3 15
436 5 13
455 1 9
455 6 9
467 3 7
496 1 11
496 6 9
498 3 12
498 5 16
500 0 9
500 1 12
500 2 8
500 3 10
500 4 16
500 5 7
500 6 14
562 0 7
583 2 10
583 3 14
583 6 11
624 0 8
625 1 8
666 2 12
666 3 10
666 6 7
686 0 11
748 0 11
749 2 10
749 3 10
749 6 10
750 0 14
750 1 8
750 2 9
750 3 14
750 4 8
750 5 7
750 6 14
777 6 8
785 4 11
804 6 12
820 4 10
831 6 8
833 0 14
833 2 12
833 3 8
833 5 15
855 4 15
858 6 10
875 1 14
885 6 13
890 4 8
912 6 11
916 0 10
916 2 11
916 3 7
916 5 15
925 4 9
939 6 11
960 4 12
966 6 8
993 6 15
995 4 10
999 0 8
999 2 9
999 3 7
999 5 14
1000 0 10
1000 1 15
1000 2 8
1000 3 10
1000 4 8
1000 5 10
1000 6 10
1035 2 14
1062 1 15
1062 3 8
1070 2 14
1083 0 14
1083 5 13
1105 2 11
1124 1 13
1124 3 10
1125 6 14
1140 2 10
1166 0 11
1166 5 13
1175 2 12
1186 1 7
1186 3 9
1210 2 9
1245 2 12
1248 1 11
1248 3 9
1249 0 15
1249 5 11
1250 0 9
1250 1 12
1250 2 15
1250 3 15
1250 4 9
1250 5 15
1250 6 8
1281 5 9
1300 0 15
1300 6 13
1312 3 13
1312 5 10
1333 1 11
1333 4 16
1343 5 15
1350 0 14
1350 6 10
1374 3 10
1374 5 12
1400 0 13
1400 6 13
1405 5 10
1416 1 7
1416 4 13
1436 3 14
1436 5 14
1450 0 11
1450 6 7
1467 5 10
1498 3 10
1498 5 10
1499 1 9
1499 4 9
1500 0 15
1500 1 13
1500 2 9
1500 3 8
1500 4 16
1500 5 7
1500 6 15
1535 3 16
1550 1 7
1570 3 13
1583 0 13
1600 1 15
1605 3 12
1625 2 16
1625 4 9
1625 6 9
1640 3 10
1650 1 8
1666 0 11
1675 3 15
1700 1 10
1710 3 14
1745 3 10
1749 0 10
1750 0 16
1750 1 7
1750 2 11
1750 4 15
1750 5 10
1750 6 8
1800 0 7
1800 6 15
1812 2 9
1833 1 7
1833 4 13
1833 5 12
1850 0 16
1850 6 8
1874 2 11
1900 0 11
1900 6 15
1916 1 10
1916 4 13
1916 5 13
1936 2 11
1950 0 11
1950 6 15
1998 2 12
1999 1 13
1999 4 10
1999 5 10
2000 0 14
2000 1 10
2000 2 11
2000 3 8
2000 4 14
2000 5 8
2000 6 15
