0 0 1
0 1 2
0 2 3
0 3 2
16 0 2
16 2 0
32 0 2
32 2 0
48 0 3
48 2 0
50 0 2
50 2 1
75 2 1
100 0 1
100 1 3
100 2 3
150 1 0
150 2 0
150 3 1
166 2 1
175 3 2
182 2 0
198 2 1
200 0 1
200 1 3
200 2 3
200 3 1
225 2 0
250 0 3
250 1 2
250 2 3
266 0 1
275 1 0
282 0 3
298 0 3
300 0 1
300 1 0
300 2 0
300 3 1
350 0 1
350 1 0
350 2 0
350 3 0
362 3 2
366 0 3
374 3 0
382 0 2
386 3 0
398 0 3
398 3 0
400 0 2
400 2 3
425 2 0
450 2 3
475 2 3
500 0 3
500 1 0
500 2 0
550 0 2
550 2 1
575 0 2
575 2 0
600 0 2
600 1 3
600 2 3
600 3 2
625 1 3
650 0 2
650 3 0
700 0 3
700 2 1
700 3 2
712 3 2
724 3 0
725 2 1
736 3 2
748 3 1
750 0 1
750 1 2
750 2 0
766 0 2
782 0 1
798 0 2
800 2 1
825 2 0
850 1 3
850 2 0
850 3 0
900 0 3
900 1 0
900 2 1
916 1 3
916 2 3
932 1 3
932 2 0
948 1 2
948 2 1
950 0 1
950 1 3
950 2 1
962 2 1
966 0 3
974 2 1
975 1 0
982 0 2
986 2 0
998 0 2
998 2 1
1000 3 0
1050 1 3
1050 3 1
1100 0 2
1100 1 0
1100 2 1
1125 1 3
1150 0 1
1150 1 0
1150 2 1
1150 3 2
1162 2 3
1174 2 1
1175 0 3
1175 3 0
1186 2 1
1198 2 0
1200 0 1
1200 1 3
1200 2 0
1216 0 1
1216 2 1
1232 0 2
1232 2 3
1248 0 1
1248 2 3
1250 0 2
1250 1 2
1250 2 0
1250 3 0
1266 2 0
1275 0 3
1275 1 0
1282 2 1
1298 2 0
1300 0 2
1300 2 0
1300 3 2
1310 2 3
1312 0 2
1320 2 0
1324 0 1
1325 3 1
1330 2 1
1336 0 1
1340 2 0
1348 0 2
1350 1 3
1362 1 2
1374 1 3
1386 1 2
1398 1 2
1400 0 1
1400 2 3
1425 2 0
1450 0 2
1450 2 0
1500 0 2
1500 1 3
1500 2 3
1500 3 0
1510 0 1
1516 2 3
1520 0 2
1530 0 2
1532 2 3
1540 0 3
1548 2 3
1550 0 3
1550 2 3
1550 3 1
1600 1 0
1600 2 3
1600 3 2
1625 3 1
1650 0 2
1650 2 3
1650 3 2
1675 0 1
1700 0 3
1700 2 1
1700 3 1
1716 0 3
1716 2 0
1716 3 0
1732 0 2
1732 2 0
1732 3 0
1748 0 2
1748 2 3
1748 3 2
1750 0 1
1750 1 3
1750 2 3
1750 3 0
1766 0 1
1775 1 3
1775 2 3
1782 0 3
1798 0 1
1800 0 2
1800 1 3
1800 2 0
1800 3 2
1825 0 3
1825 3 0
1850 0 1
1850 2 0
1862 2 3
1874 2 3
1886 2 3
1898 2 3
1900 2 0
1900 3 1
1950 2 3
1950 3 0
1966 3 1
1975 2 0
1982 3 0
1998 3 2
2000 2 0
2025 2 1
2050 0 1
2100 0 3
2100 1 3
2100 3 0
2116 1 2
2125 0 2
2132 1 2
2148 1 3
2150 0 1
2150 2 3
2160 2 0
2170 2 0
2180 2 0
2190 2 0
2200 0 1
2200 1 2
2200 2 0
2225 2 1
2250 0 1
2250 1 0
2250 2 1
2250 3 1
2266 2 1
2275 1 2
2282 2 1
2298 2 0
2300 0 3
2300 2 1
2312 0 1
2324 0 2
2325 2 3
2336 0 2
2348 0 2
2350 0 2
2350 1 3
2350 2 1
2350 3 0
2366 2 0
2382 2 1
2398 2 3
2400 0 3
2400 2 0
2400 3 2
2412 2 3
2424 2 0
2425 3 0
2436 2 1
2448 2 0
2450 0 3
2450 1 3
2475 0 1
2475 1 2
2500 0 1
2500 1 0
2500 2 0
2550 1 3
2550 2 0
2575 2 0
2600 0 2
2600 1 0
2600 2 1
2625 2 0
2650 1 0
2650 2 3
2650 3 0
2675 3 1
2700 0 3
2700 1 0
2716 1 3
2732 1 2
