//door_coordinate
0.0000 0.0000
18.0000 0.0000
.
22.0000 0.0000
40.0000 0.0000
.
40.0000 0.0000
40.0000 18.0000
.
40.0000 22.0000
40.0000 40.0000
.
40.0000 40.0000
22.0000 40.0000
.
18.0000 40.0000
0.0000 40.0000
.
0.0000 40.0000
0.0000 22.0000
.
0.0000 18.0000
0.0000 0.0000
.
18.0000 10.0000
18.0000 0.0000
.
22.0000 10.0000
22.0000 0.0000
.
18.0000 30.0000
18.0000 40.0000
.
22.0000 30.0000
22.0000 40.0000
.
0.0000 18.0000
10.0000 18.0000
.
0.0000 22.0000
10.0000 22.0000
.
30.0000 18.0000
40.0000 18.0000
.
30.0000 22.0000
40.0000 22.0000
./

