0 0 1
0 1 2
0 2 1
16 0 2
25 2 3
32 0 3
48 0 2
50 0 1
50 2 0
75 0 3
100 0 2
150 0 3
150 3 1
166 0 1
182 0 3
198 0 3
200 0 1
200 3 0
225 3 0
250 0 2
250 2 1
275 0 3
300 3 2
325 3 1
350 0 3
350 2 1
350 3 2
366 0 3
375 3 2
382 0 2
398 0 3
400 0 3
400 2 0
400 3 2
425 2 1
425 3 2
450 0 3
450 1 0
450 2 0
466 0 1
475 1 3
482 0 3
498 0 3
500 0 2
500 2 0
500 3 0
525 0 2
550 0 3
575 0 2
650 0 1
675 0 3
700 0 3
700 3 0
716 0 3
732 0 3
748 0 2
750 0 2
766 0 1
782 0 2
798 0 2
800 0 2
800 1 0
850 0 3
900 2 0
950 0 2
950 3 1
975 3 1
1000 0 1
1000 2 3
1008 0 1
1016 0 1
1024 0 3
1032 0 1
1040 0 1
1048 0 2
1050 0 2
1050 3 0
1100 0 2
1150 0 3
1166 0 2
1182 0 2
1198 0 1
1200 0 1
1200 2 1
1225 0 3
1250 0 1
1250 3 2
1266 0 2
1282 0 1
1298 0 3
1300 0 1
1300 2 0
1312 0 1
1324 0 3
1325 2 1
1336 0 1
1348 0 3
1350 0 1
1366 0 3
1382 0 2
