//outside_coordinate
200.0000 150.0000
100.0000 150.0000  
100.0000 400.0000 
200.0000 400.0000 
.
200.0000 450.0000 
120.0000 450.0000  
120.0000 550.0000
504.0000 550.0000
.
504.0000 600.0000
404.0000 600.0000  
404.0000 750.0000 
100.0000 750.0000  
100.0000 800.0000 
200.0000 800.0000
.
-550.0000 850.0000  
-400.0000 850.0000
-400.0000 750.0000  
-50.0000 750.0000 
-50.0000 850.0000  
200.0000 850.0000
.
-550.0000 800.0000  
-450.0000 800.0000  
-450.0000 450.0000
.
-150.0000 0.0000
-50.0000 0.0000
-50.0000 -50.0000 
100.0000 -50.0000 
100.0000 100.0000 
200.0000 100.0000
./
//square_coordinate
-394.0000 706.0000  
-400.0000 706.0000  
-400.0000 700.0000  
-394.0000 700.0000
.
-394.0000 600.0000  
-400.0000 600.0000  
-400.0000 594.0000  
-394.0000 594.0000
.
-344.0000 706.0000  
-350.0000 706.0000  
-350.0000 700.0000  
-344.0000 700.0000
.
-344.0000 600.0000  
-350.0000 600.0000  
-350.0000 594.0000  
-344.0000 594.0000
.
-301.0000 706.0000  
-307.0000 706.0000 
-307.0000 700.0000 
-301.0000 700.0000
.
-294.0000 600.0000  
-300.0000 600.0000  
-300.0000 594.0000  
-294.0000 594.0000
.
-244.0000 600.0000  
-250.0000 600.0000  
-250.0000 594.0000  
-244.0000 594.0000
.
-194.0000 600.0000 
-200.0000 600.0000  
-200.0000 594.0000  
-194.0000 594.0000
.
-194.0000 706.0000  
-200.0000 706.0000  
-200.0000 700.0000  
-194.0000 700.0000
.
-194.0000 600.0000  
-200.0000 600.0000  
-200.0000 594.0000  
-194.0000 594.0000
.
-146.0000 706.0000  
-152.0000 706.0000  
-152.0000 700.0000  
-146.0000 700.0000
.
-144.0000 600.0000 
-150.0000 600.0000  
-150.0000 594.0000  
-144.0000 594.0000
.
-94.0000 706.0000  
-100.0000 706.0000  
-100.0000 700.0000 
-94.0000 700.0000
.
-94.0000 600.0000  
-100.0000 600.0000 
-100.0000 594.0000  
-94.0000 594.0000
.
150.0000 706.0000  
144.0000 706.0000  
144.0000 700.0000  
150.0000 700.0000
.
150.0000 600.0000  
144.0000 600.0000  
144.0000 594.0000  
150.0000 594.0000
.
200.0000 706.0000
194.0000 706.0000  
194.0000 700.0000 
200.0000 700.0000
.
200.0000 600.0000  
194.0000 600.0000 
194.0000 594.0000 
200.0000 594.0000
.
250.0000 706.0000  
244.0000 706.0000  
244.0000 700.0000  
250.0000 700.0000
.
250.0000 600.0000  
244.0000 600.0000  
244.0000 594.0000  
250.0000 594.0000
.
300.0000 600.0000 
294.0000 600.0000  
294.0000 594.0000  
300.0000 594.0000
.
300.0000 706.0000  
294.0000 706.0000 
294.0000 700.0000  
300.0000 700.0000
.
344.0000 700.0000  
354.0000 700.0000  
354.0000 710.0000  
344.0000 710.0000
.
344.0000 660.0000  
354.0000 660.0000  
354.0000 670.0000  
344.0000 670.0000
.
344.0000 620.0000  
354.0000 620.0000  
354.0000 630.0000  
344.0000 630.0000
.
344.0000 580.0000  
354.0000 580.0000  
354.0000 590.0000  
344.0000 590.0000
./
//wall_coordinate
104.0000 710.0000  
100.0000 710.0000  
100.0000 700.0000 
104.0000 700.0000
.
104.0000 625.0000  
100.0000 625.0000  
100.0000 675.0000  
104.0000 675.0000
.
104.0000 600.0000  
100.0000 600.0000  
100.0000 590.0000 
104.0000 590.0000
.
-50.0000 710.0000
-54.0000 710.0000  
-54.0000 700.0000 
-50.0000 700.0000
.
-50.0000 625.0000  
-54.0000 625.0000  
-54.0000 675.0000 
-50.0000 675.0000
.
-50.0000 600.0000  
-54.0000 600.0000  
-54.0000 590.0000 
-50.0000 590.0000 
./
//circle_coordinate
0.0000 0.0000 4.0000
50.0000 0.0000 4.0000
0.0000 50.0000 4.0000
50.0000 50.0000 4.0000

0.0000 200.0000 4.0000
50.0000 200.0000 4.0000
0.0000 250.0000 4.0000
50.0000 250.0000 4.0000

0.0000 400.0000 4.0000
50.0000 400.0000 4.0000
0.0000 450.0000 4.0000
50.0000 450.0000 4.0000

0.0000 600.0000 4.0000
50.0000 600.0000 4.0000
0.0000 650.0000 4.0000
50.0000 650.0000 4.0000

0.0000 800.0000 4.0000
50.0000 800.0000 4.0000
./
//elevator_coordinate
-340.0000 605.0000
-350.0000 605.0000
-350.0000 617.0000
-340.0000 617.0000
__
.__
__
-344.0000 600.0000  
-350.0000 600.0000  
-350.0000 594.0000  
-344.0000 594.0000
.__
__
-294.0000 600.0000  
-300.0000 600.0000  
-300.0000 594.0000  
-294.0000 594.0000
.__
.
0.00000 110.0000
0.00000 100.0000  
50.000 100.0000 
50.000 110.0000
__
.__
_/_
_/_
_/_
_/_
--
50.000 100.0000 
50.000 100.0000
.
-190.0000 605.0000
-200.0000 605.0000
-200.0000 617.0000
-190.0000 617.0000
__
.__
__
-194.0000 600.0000  
-200.0000 600.0000  
-200.0000 594.0000  
-194.0000 594.0000
.__
__
-144.0000 600.0000 
-150.0000 600.0000  
-150.0000 594.0000  
-144.0000 594.0000
.__
.
-260.0000 630.0000
-270.0000 630.0000
-270.0000 660.0000
-260.0000 660.0000
__
.__
__
.__
.
190.0000 620.0000
180.0000 620.0000
180.0000 670.0000
190.0000 670.0000
__
.__
__
.__
.
0.0000 540.0000
0.0000 550.0000
50.00000 550.0000
50.00000 540.0000
_/_
0.0000 500.0000 0.0000
_/_
50.0000 500.0000 0.0000
_/_
0.0000 550.0000 0.0000
_/_
50.0000 550.0000 0.0000
.
-340.0000 680.0000
-350.0000 680.0000
-350.0000 695.0000
-340.0000 695.0000
__
.__
./
//inside_coordinate
-400.0000 450.0000  
-400.0000 550.0000 
-50.0000 550.0000  
-50.0000 50.0000 
-150.0000 50.0000
.
55.0000 102.00000 
55.0000 200.0000 
75.0000 250.0000
__
.__
_/_
50.0000 200.0000 4.0000
.
70.0000 300.0000 
55.0000 300.0000 
55.0000 455.0000 
70.0000 455.0000 
__
.__
__
.__
_/_
50.0000 400.0000 4.0000
_/_
50.0000 450.0000 4.0000
--
0.000 340.0000
0.000 350.0000 
50.000 350.0000 
50.000 340.0000 
_/_
50.0000 300.0000 4.0000
_/_
50.0000 350.0000 4.0000
_/_
0.0000 300.0000 4.0000
_/_
0.0000 350.0000 4.0000
.
75.0000 497.0000 
75.0000 525.0000
__
.__
__
.__
.
100.0000 450.0000
100.0000 570.0000
354.0000 570.0000 
354.0000 588.0000
__
.__
__
344.0000 580.0000  
354.0000 580.0000  
354.0000 590.0000  
344.0000 590.0000
.__
.
354.0000 710.0000 
103.0000 710.0000
__
104.0000 710.0000  
100.0000 710.0000  
100.0000 700.0000 
104.0000 700.0000
.__
__
150.0000 706.0000  
144.0000 706.0000  
144.0000 700.0000  
150.0000 700.0000
.__
__
200.0000 706.0000
194.0000 706.0000  
194.0000 700.0000 
200.0000 700.0000
.__
__
250.0000 706.0000  
244.0000 706.0000  
244.0000 700.0000  
250.0000 700.0000
.__
__
300.0000 706.0000  
294.0000 706.0000 
294.0000 700.0000  
300.0000 700.0000
.__
__
343.50000 699.5000  
354.50000 699.5000  
354.50000 710.0000  
343.5000 710.0000
.__
.
74.0000 710.0000
74.0000 750.0000
__
.__
__
.__
.
0.0000 740.0000
0.0000 750.0000
50.0000 750.0000 
50.0000 740.0000
_/_
0.0000 700.0000 4.0000
_/_
50.0000 700.0000 4.0000
_/_
0.0000 750.0000 4.0000
_/_
50.0000 750.0000 4.0000
.
-400.0000 703.0000
-400.0000 710.0000
-51.0000 710.0000
-51.0000 725.0000
-26.8000 725.0000 
-26.8000 750.0000
__
.__
__
-394.0000 706.0000  
-400.0000 706.0000  
-400.0000 700.0000  
-394.0000 700.0000
.__
__
-94.0000 706.0000  
-100.0000 706.0000  
-100.0000 700.0000 
-94.0000 700.0000
.__
__
-50.0000 710.0000
-54.0000 710.0000  
-54.0000 700.0000 
-50.0000 700.0000
.__
--
-190.0000 680.0000
-200.0000 680.0000
-200.0000 696.0000
-190.0000 696.0000
__
.__
__
-194.0000 706.0000  
-200.0000 706.0000  
-200.0000 700.0000  
-194.0000 700.0000
.__
__
-146.0000 706.0000  
-152.0000 706.0000  
-152.0000 700.0000  
-146.0000 700.0000
.__
__
-344.0000 706.0000  
-350.0000 706.0000  
-350.0000 700.0000  
-344.0000 700.0000
.__
./
//door_coordinate
200.0000 850.0000
200.0000 800.0000 
.
-150.0000 50.0000
-150.0000 0.0000
.
200.0000 150.0000
200.0000 100.0000
.
200.0000 450.0000  
200.0000 400.0000
.
504.0000 600.0000  
504.0000 550.0000
.
-450.0000 450.0000
-400.0000 450.0000
.
-550.0000 850.0000  
-550.0000 800.0000
./

