0 0 13
0 1 6
0 3 15
0 4 5
0 5 13
0 6 15
0 8 1
0 9 16
0 10 8
0 13 1
0 14 3
0 15 11
12 1 15
16 0 5
16 4 1
16 8 0
16 14 7
24 1 4
25 10 16
32 0 15
32 4 14
32 8 4
32 14 9
36 1 6
48 0 12
48 1 8
48 4 11
48 8 9
48 14 0
50 0 8
50 1 12
50 3 16
50 4 15
50 5 11
50 6 12
50 7 6
50 8 5
50 9 3
50 10 9
50 11 4
50 13 2
50 14 12
50 15 2
50 16 13
62 4 2
66 5 12
66 8 1
66 9 16
66 13 0
66 15 8
74 4 2
75 0 4
75 1 13
75 3 12
75 6 11
75 14 16
82 5 10
82 8 12
82 9 1
82 13 2
82 15 8
86 4 1
98 4 1
98 5 3
98 8 7
98 9 13
98 13 9
98 15 12
100 0 14
100 1 16
100 2 12
100 3 15
100 5 16
100 7 11
100 8 2
100 9 14
100 11 15
100 12 1
100 13 11
100 14 4
100 15 10
116 5 3
125 3 11
125 7 5
125 8 5
125 12 3
125 15 1
132 5 10
148 5 3
150 0 5
150 1 12
150 3 15
150 4 11
150 5 11
150 6 4
150 7 9
150 8 1
150 14 4
150 15 14
162 3 11
162 8 1
174 3 1
174 8 6
175 0 9
175 1 10
175 4 11
186 3 4
186 8 13
198 3 4
198 8 5
200 0 2
200 1 2
200 2 6
200 3 5
200 4 15
200 5 15
200 6 10
200 7 14
200 8 13
200 9 8
200 10 5
200 11 6
200 12 11
200 15 10
212 3 4
216 4 2
216 5 1
216 8 1
216 10 11
224 3 6
225 0 4
225 1 5
225 2 1
225 6 7
232 4 15
232 5 9
232 8 4
232 10 11
236 3 12
248 3 8
248 4 2
248 5 15
248 8 10
248 10 8
250 1 7
250 3 13
250 4 11
250 5 7
250 6 2
250 7 10
250 8 9
250 10 9
250 12 10
250 13 6
250 14 5
262 8 15
266 1 8
266 6 2
274 8 10
275 5 8
275 7 10
282 1 10
282 6 3
286 8 14
298 1 15
298 6 2
298 8 3
300 0 14
300 1 10
300 2 10
300 3 8
300 4 6
300 5 6
300 7 12
300 8 13
300 9 11
300 11 2
300 13 0
300 15 1
300 16 11
312 0 3
312 4 10
312 11 9
316 3 0
316 15 0
324 0 5
324 4 11
324 11 14
325 5 3
325 9 5
332 3 11
332 15 14
336 0 11
336 4 5
336 11 15
348 0 3
348 3 2
348 4 8
348 11 14
348 15 11
350 0 11
350 1 8
350 2 14
350 3 8
350 4 1
350 5 8
350 6 8
350 7 0
350 8 13
350 9 6
350 10 7
350 11 2
350 12 7
350 13 4
350 14 6
350 15 0
350 16 12
366 3 9
366 13 9
366 15 7
375 4 8
375 12 16
375 14 0
382 3 1
382 13 10
382 15 10
398 3 10
398 13 15
398 15 12
400 0 15
400 1 10
400 2 13
400 4 15
400 5 15
400 6 2
400 7 8
400 8 13
400 9 10
400 10 16
400 11 2
400 13 4
400 14 6
400 15 12
400 16 8
410 11 4
412 7 16
416 0 2
416 10 14
416 14 10
420 11 12
424 7 15
425 1 3
425 6 4
425 8 2
425 9 3
430 11 10
432 0 2
432 10 2
432 14 3
436 7 16
440 11 0
448 0 2
448 7 2
448 10 7
448 14 11
450 0 2
450 3 4
450 4 2
450 6 10
450 7 0
450 8 15
450 9 16
450 10 0
450 12 15
450 13 7
450 14 4
450 15 9
450 16 2
466 3 9
466 4 8
466 8 13
466 9 15
466 12 8
475 13 9
482 3 12
482 4 3
482 8 4
482 9 10
482 12 9
498 3 0
498 4 15
498 8 5
498 9 3
498 12 8
500 0 3
500 1 8
500 3 15
500 4 0
500 5 1
500 6 4
500 8 12
500 9 10
500 10 1
500 11 16
500 12 14
500 13 2
500 15 8
500 16 12
512 4 13
516 10 0
516 12 9
524 4 12
525 1 12
525 5 15
525 8 1
525 13 16
532 10 1
532 12 4
536 4 13
548 4 1
548 10 12
548 12 4
550 0 11
550 3 2
550 5 7
550 7 1
550 9 13
550 10 13
550 13 11
550 14 15
550 15 14
550 16 1
560 9 0
562 10 8
570 9 3
574 10 15
575 7 1
575 16 6
580 9 10
586 10 11
590 9 6
598 10 13
600 3 13
600 4 15
600 7 2
600 8 5
600 10 9
600 11 10
600 12 14
600 13 3
600 14 11
600 15 10
600 16 14
608 11 13
616 3 13
616 7 0
616 11 10
616 13 10
616 16 12
624 11 13
625 8 4
625 14 1
632 3 14
632 7 2
632 11 3
632 13 6
632 16 7
640 11 6
648 3 11
648 7 1
648 11 5
648 13 14
648 16 10
650 0 14
650 1 2
650 2 11
650 3 5
650 4 5
650 5 9
650 6 7
650 7 10
650 8 12
650 9 7
650 10 9
650 11 0
650 12 4
650 14 3
650 15 11
660 6 7
660 10 4
662 7 11
662 14 3
666 0 5
670 6 8
670 10 7
674 7 5
674 14 0
675 5 1
675 8 13
675 15 14
680 6 16
680 10 8
682 0 4
686 7 3
686 14 6
690 6 7
690 10 14
698 0 11
698 7 13
698 14 6
700 0 6
700 1 6
700 2 15
700 3 15
700 4 1
700 5 15
700 6 14
700 10 3
700 11 15
700 12 15
700 14 1
700 15 13
700 16 8
712 10 0
716 3 4
716 15 10
724 10 4
725 2 12
725 6 0
725 12 5
732 3 14
732 15 4
736 10 9
748 3 11
748 10 16
748 15 10
750 0 6
750 1 8
750 2 11
750 3 0
750 4 11
750 5 10
750 6 11
750 7 8
750 8 15
750 9 4
750 10 11
750 11 12
750 13 7
750 14 13
750 15 3
750 16 5
762 13 5
766 4 10
766 9 3
766 10 4
774 13 0
775 0 2
775 2 7
775 3 6
775 6 13
775 15 2
782 4 0
782 9 2
782 10 12
786 13 9
798 4 8
798 9 4
798 10 3
798 13 9
800 0 15
800 2 7
800 3 13
800 5 2
800 8 11
800 9 3
800 10 0
800 11 13
800 12 8
800 13 8
800 14 13
800 15 2
800 16 2
812 13 15
816 3 9
816 10 4
824 13 4
825 5 3
825 12 0
825 14 1
832 3 12
832 10 3
836 13 11
848 3 15
848 10 13
848 13 12
850 0 1
850 1 7
850 3 11
850 4 14
