0 0 13
0 1 6
0 3 15
0 4 5
0 5 13
0 6 15
0 8 1
0 9 16
0 10 8
0 13 1
0 14 3
0 15 11
25 1 15
33 0 5
33 4 1
33 8 0
33 14 7
50 1 4
50 10 16
66 0 15
66 4 14
66 8 4
66 14 9
75 1 6
99 0 12
99 4 8
99 8 11
99 14 9
100 0 8
100 1 12
100 3 16
100 4 15
100 5 11
100 6 12
100 7 6
100 8 5
100 9 3
100 10 9
100 11 4
100 13 2
100 14 12
100 15 2
100 16 13
125 4 2
133 0 12
133 5 1
133 8 16
133 9 0
133 13 8
133 15 2
150 1 4
150 3 13
150 4 12
150 6 11
150 14 16
166 0 10
166 5 12
166 8 1
166 9 2
166 13 8
166 15 1
175 4 1
199 0 3
199 5 7
199 8 13
199 9 12
199 13 0
199 15 2
200 0 14
200 1 16
200 3 12
200 5 15
200 7 16
200 8 11
200 9 8
200 11 2
200 12 14
200 13 15
200 14 1
200 15 11
233 5 4
250 7 10
250 8 3
250 12 11
250 15 5
266 5 3
299 5 1
300 0 5
300 1 12
300 3 15
300 4 11
300 5 11
300 6 4
300 7 9
300 8 1
300 14 4
300 15 14
325 0 11
325 3 1
325 8 1
350 0 6
350 1 9
350 3 10
350 4 11
350 8 4
375 0 13
375 3 4
375 8 5
400 0 2
400 1 2
400 2 6
400 3 5
400 4 15
400 5 15
400 6 10
400 7 14
400 8 13
400 9 8
400 10 5
400 11 6
400 12 11
400 15 10
425 3 4
433 4 2
433 5 1
433 8 1
433 10 11
450 0 6
450 1 4
450 2 5
450 3 1
450 6 7
466 4 15
466 5 9
466 8 4
466 10 11
475 3 12
499 4 8
499 5 2
499 8 15
499 10 8
500 1 7
500 3 13
500 4 11
500 5 7
500 6 2
500 7 10
500 8 9
500 10 9
500 12 10
500 13 6
500 14 5
525 8 15
533 1 8
533 6 2
550 5 10
550 7 8
550 8 10
566 1 10
566 6 3
575 8 14
599 1 15
599 6 2
600 1 13
600 2 11
600 3 5
600 4 10
600 5 0
600 7 9
600 8 14
600 10 8
600 11 6
600 12 6
600 13 12
600 15 13
625 5 11
625 13 2
633 1 0
633 3 1
650 4 11
650 5 3
650 7 10
650 13 11
666 1 9
666 3 0
675 5 0
675 13 5
699 1 4
699 3 11
700 0 7
700 1 2
700 3 13
700 4 14
700 7 14
700 8 11
700 9 7
700 10 9
700 11 2
700 12 9
700 13 0
