0 0 9
0 1 8
0 2 15
0 3 8
50 1 9
75 1 10
100 0 10
100 1 14
100 4 12
150 1 13
166 1 16
182 1 12
198 1 13
200 1 9
200 3 8
200 5 9
250 1 8
250 6 14
275 1 8
300 1 11
325 1 15
350 1 12
350 3 12
366 1 11
382 1 13
398 1 7
400 1 8
400 2 15
400 5 15
450 1 11
450 3 10
450 6 15
466 1 11
482 1 7
498 1 10
500 1 14
500 4 10
550 1 9
550 5 10
600 1 16
600 2 15
600 4 11
600 5 12
625 1 8
625 5 9
650 1 10
675 1 10
700 1 7
750 0 7
750 1 14
750 2 14
750 3 9
750 5 8
750 6 15
775 1 14
775 6 7
800 0 11
850 1 11
850 3 9
875 1 15
900 0 10
900 1 11
900 4 9
900 5 10
950 1 12
950 2 11
966 2 10
975 1 14
982 2 15
998 2 13
1000 0 8
1000 1 8
1000 6 12
1025 1 15
1050 1 13
1050 6 16
1100 1 13
1100 4 12
1150 0 12
1150 1 15
1150 2 12
1150 6 11
1200 1 12
1200 6 9
1250 1 11
1250 3 10
1300 1 8
1300 5 11
1308 1 11
1316 1 14
1324 1 13
1332 1 16
1340 1 8
1348 1 9
1350 1 16
1350 5 7
1375 1 8
1400 1 7
1400 4 12
1416 1 9
1432 1 13
1448 1 13
1450 1 9
1475 1 8
1500 1 13
1500 2 12
1550 5 15
1550 6 13
1600 1 11
1600 4 9
1650 1 14
1650 6 7
1700 1 16
1750 5 10
1750 6 16
1800 1 16
1850 1 14
1850 6 16
1860 1 15
1870 1 15
1880 1 14
1890 1 13
1900 1 9
1900 5 8
1900 6 9
1925 5 13
1950 0 7
1950 1 15
1950 5 8
1966 1 8
1982 1 10
1998 1 11
2000 1 9
2000 3 9
2000 5 9
2025 1 12
2050 0 9
2050 1 16
2062 1 12
2074 1 13
2086 1 11
2098 1 15
2100 1 9
2100 3 13
2100 6 9
2150 1 13
2150 2 16
2166 1 8
2182 1 15
2198 1 8
2200 1 11
2200 5 11
2216 1 13
2232 1 15
2248 1 12
2250 1 7
2266 1 8
2282 1 9
2298 1 13
2300 1 14
2300 3 10
2300 6 7
2316 1 13
2332 1 15
2348 1 7
2350 1 8
2350 4 8
2366 1 9
2382 1 10
2398 1 16
2450 1 12
2450 6 15
2466 1 15
2482 1 9
2498 1 11
2500 1 10
2500 5 12
2516 1 10
2532 1 13
2548 1 14
2550 1 14
2562 1 8
2574 1 8
2586 1 14
2598 1 16
2600 0 10
2600 4 10
2600 5 15
2650 1 11
2650 5 10
2675 1 12
2700 1 12
2725 1 15
2750 1 12
2750 3 8
2766 1 7
2782 1 10
2798 1 8
2800 1 7
2800 3 7
2816 1 14
2832 1 7
2848 1 16
2850 2 11
2850 3 13
2875 2 14
2900 1 7
2900 2 12
2925 1 10
2950 1 9
2950 4 14
2950 6 11
3000 1 7
3000 4 7
3000 5 11
3000 6 10
3025 1 16
3050 1 14
3050 4 7
3050 6 14
3075 1 10
3100 1 11
3100 3 9
3100 6 16
3116 1 9
3125 3 9
3125 6 14
3132 1 12
3148 1 10
3150 3 14
3200 0 9
3200 1 16
3200 5 10
3200 6 15
3225 5 14
3250 1 11
3250 4 16
3275 1 11
3300 0 11
3300 1 16
3300 5 12
3325 5 7
3350 0 16
3350 1 8
3375 1 13
3400 1 16
3400 6 12
3412 1 7
3424 1 16
3436 1 13
3448 1 8
3450 1 8
3450 6 10
3475 1 10
3475 6 16
3500 0 9
3500 1 9
3500 5 11
3500 6 16
3525 1 7
3550 1 13
3575 1 16
3600 1 14
3600 2 16
3650 0 9
3650 1 12
3650 5 15
3675 1 7
3675 5 13
3750 1 13
3758 1 16
3766 1 12
3774 1 12
3782 1 14
3790 1 13
3798 1 8
3800 1 14
3850 1 14
3850 5 16
3850 6 7
3866 1 7
3882 1 11
3898 1 10
3900 1 14
3900 3 7
3950 1 7
3950 2 15
3950 4 8
3975 1 8
4000 1 11
4000 5 12
4000 6 7
4016 1 11
4025 6 13
4032 1 15
4048 1 13
4050 1 8
4050 3 16
4100 1 15
4125 1 15
4200 1 7
4200 2 7
4216 1 12
4232 1 12
4248 1 14
4300 1 13
4300 2 7
4300 3 7
4316 1 11
4332 1 12
4348 1 12
4350 0 16
4350 1 11
4350 4 9
4350 5 10
4400 1 7
4416 1 8
4432 1 10
4448 1 14
4450 1 12
4466 1 12
4482 1 9
4498 1 14
4500 1 12
4500 4 12
4550 1 16
4550 3 16
4550 6 11
4566 1 8
4575 6 13
4582 1 12
4598 1 14
4600 1 15
4600 6 14
4625 1 15
4650 1 16
4675 1 11
4700 1 14
4716 1 15
4732 1 12
4748 1 16
4750 1 12
4766 1 12
4782 1 13
4798 1 8
4800 1 7
4800 5 14
4800 6 10
4816 1 15
4832 1 9
4848 1 15
4850 1 13
4866 1 15
4882 1 7
4898 1 11
4900 1 15
4916 1 10
4932 1 13
4948 1 8
4950 1 9
4950 2 13
4975 1 15
5000 1 13
5000 4 10
5000 5 16
5050 1 8
5100 1 14
5150 1 15
5150 3 11
5166 1 15
5175 3 14
5182 1 14
5198 1 12
5200 1 13
5200 6 7
5212 1 11
5224 1 11
5236 1 12
5248 1 10
5250 4 11
5250 5 15
5300 1 14
5300 2 7
5300 4 7
5300 6 14
5316 1 16
5332 1 8
5348 1 8
5350 0 8
5350 1 16
5350 4 7
5350 6 8
5366 1 13
5382 1 7
5398 1 9
5400 1 13
5450 1 12
5475 1 7
5500 1 11
5500 2 7
