0 0 9
0 2 8
0 3 15
25 2 8
50 2 9
75 2 10
100 0 10
100 2 14
100 4 12
150 2 13
166 2 16
182 2 12
198 2 13
200 4 11
200 6 9
250 0 8
250 2 14
275 2 8
300 0 9
300 2 11
325 2 15
350 1 10
350 2 12
350 4 12
400 6 14
500 0 11
500 1 11
500 2 10
500 3 14
500 6 8
600 1 15
600 2 10
650 2 11
650 4 15
650 6 11
658 2 9
666 2 8
674 2 13
675 4 14
682 2 8
690 2 13
698 2 11
750 1 13
750 2 12
750 5 9
800 0 14
800 1 9
800 2 11
800 5 15
825 0 7
825 2 7
850 2 8
850 5 13
875 2 12
900 2 9
900 6 8
912 2 13
924 2 8
925 6 13
936 2 14
948 2 14
950 2 13
1000 2 13
1000 6 14
1025 2 12
1050 1 14
1050 2 16
1050 3 9
1060 2 16
1070 2 12
1080 2 16
1090 2 11
1100 2 8
1150 2 10
1150 3 13
1150 6 11
1175 2 8
1200 0 11
1200 2 15
1216 2 16
1232 2 16
1248 2 15
1250 2 11
1300 2 10
1300 5 7
1300 6 16
1316 2 13
1325 6 14
1332 2 15
1348 2 16
1350 2 16
1350 3 8
1400 2 11
1425 2 9
1450 0 13
1450 1 13
1450 3 16
1450 4 10
1450 6 14
1500 1 15
1500 2 16
1500 3 12
1525 2 12
1550 1 14
1550 2 9
1600 2 10
1625 2 10
1650 0 15
1650 2 8
1675 2 11
1700 2 7
1716 2 16
1732 2 15
1748 2 10
1750 3 7
1750 4 12
1750 6 10
1775 6 9
1800 2 8
1800 4 10
1850 2 12
1850 5 12
1850 6 13
1862 2 7
1874 2 14
1886 2 12
1898 2 8
1900 0 9
1900 2 12
1900 3 13
1900 4 15
1925 2 9
1950 2 8
1975 2 10
2000 1 10
2000 2 8
2016 2 14
2032 2 11
2048 2 11
2050 0 11
2050 2 15
2050 6 15
2075 6 14
2100 2 10
2100 4 12
2100 5 11
2125 2 10
2150 0 8
2150 2 15
2150 6 10
2175 2 10
2200 2 11
2200 4 13
2250 2 16
2266 2 12
2282 2 7
2298 2 8
2300 2 15
2300 5 9
2316 2 8
2332 2 14
2348 2 10
2350 0 15
2450 2 8
2450 4 11
2500 0 16
2500 2 15
2500 4 13
2550 1 12
2550 5 12
2550 6 7
2600 2 8
2650 2 13
2700 2 10
2750 2 8
2775 2 8
2800 4 14
2800 5 15
2800 6 15
2850 1 11
2850 2 10
2850 4 12
2900 2 9
2900 5 10
2916 2 14
2932 2 12
2948 2 9
2950 2 11
2962 2 7
2974 2 14
2986 2 11
2998 2 13
3000 2 14
3000 4 16
3016 2 7
3032 2 11
3048 2 12
3050 2 14
3050 3 15
3066 2 13
3075 3 11
3082 2 12
3098 2 12
3100 2 7
3125 2 11
3150 2 7
3175 2 16
3200 1 12
3200 6 10
3225 1 12
3250 2 11
3250 6 9
3275 2 16
3300 2 15
3300 3 14
3325 2 16
3350 5 15
3400 0 12
3400 2 11
3400 6 16
3416 2 12
3425 6 7
3432 2 10
3448 2 13
3450 1 13
3450 2 13
3450 6 11
3500 2 12
3500 5 7
3516 2 16
3532 2 13
3548 2 8
3550 2 8
3600 2 13
3600 4 12
3625 2 16
3650 2 13
3650 5 7
3666 2 7
3675 5 11
3682 2 8
3698 2 16
3700 1 10
3700 2 12
3700 4 14
3750 0 8
3750 2 9
3750 6 12
3775 2 15
3775 6 7
3850 0 8
3850 1 13
3850 2 16
3862 2 12
3874 2 12
3886 2 14
3898 2 13
3900 2 11
3950 2 15
3950 6 16
3966 2 14
3982 2 16
3998 2 7
4000 0 12
4000 2 14
4000 5 14
4050 2 7
4050 3 7
4050 5 15
4075 2 8
4100 2 8
4100 6 7
4116 2 16
4132 2 11
4148 2 12
4150 0 16
4150 2 7
4150 3 8
4150 5 16
4175 2 9
4200 2 15
4300 0 7
4300 2 7
4312 2 12
4324 2 12
4336 2 14
4348 2 13
4350 2 8
4350 4 14
4375 2 13
4400 0 12
4400 2 16
4400 6 10
4450 2 9
4450 3 10
4466 2 8
4482 2 9
4498 2 10
4500 2 10
4525 2 14
4550 2 8
4575 2 12
4600 2 13
4600 6 8
4625 2 12
4650 2 10
4650 4 14
4666 2 8
4682 2 16
4698 2 16
4700 2 10
4700 6 13
4750 0 10
4750 2 16
4750 4 13
4766 2 16
4775 4 11
4782 2 9
4798 2 10
4800 0 12
4800 2 12
4812 2 9
4824 2 12
4836 2 9
4848 2 9
4850 2 11
4850 3 13
4850 4 9
4900 2 11
4900 6 16
4912 2 16
4924 2 10
4925 6 10
4936 2 11
4948 2 7
5000 2 16
5025 2 15
5050 1 12
5050 6 11
5100 0 11
5100 2 16
5125 2 12
5150 2 9
5175 2 12
5200 2 10
5200 3 16
5250 0 15
5250 2 11
5250 3 15
5266 2 14
5275 3 14
5282 2 12
5298 2 7
5300 0 13
5300 1 7
5300 2 11
5300 6 11
5350 2 7
5350 5 11
5350 6 15
5400 2 14
5400 4 7
5400 6 7
5412 2 14
5424 2 16
5436 2 8
5448 2 8
5450 0 16
5450 2 7
5450 3 8
5450 5 13
5462 2 7
5474 2 9
5486 2 14
5498 2 15
5500 2 16
5525 2 16
5550 2 13
5575 2 13
5600 0 8
5650 2 8
5675 2 14
5700 2 8
5700 3 16
5700 6 16
5725 2 10
5725 3 7
5750 2 11
5775 2 10
5800 2 14
5800 6 15
5825 2 7
5850 2 7
5850 3 16
5860 2 16
5870 2 12
5880 2 7
5890 2 14
5900 2 8
5900 5 11
