0 0 8
0 2 8
0 3 16
0 5 9
0 6 12
16 5 15
25 0 13
25 3 9
32 5 13
48 5 12
50 0 11
50 4 7
50 5 9
50 6 16
75 5 16
150 0 15
150 1 13
150 2 11
150 5 13
162 5 9
174 5 14
175 2 10
186 5 11
198 5 9
200 0 8
200 1 14
200 5 8
250 0 7
250 3 9
300 2 15
300 5 10
325 2 12
325 5 12
350 1 11
350 2 8
350 4 15
350 5 15
350 6 7
400 1 7
400 3 10
400 5 12
410 5 15
420 5 9
425 1 13
430 5 11
440 5 11
450 2 13
500 2 15
500 5 10
525 5 8
550 0 8
550 1 13
550 2 14
550 3 8
550 5 13
560 5 11
570 5 15
575 0 14
575 1 8
575 3 9
580 5 11
590 5 8
600 1 10
600 5 7
625 5 11
650 0 7
650 3 14
650 4 14
650 5 9
650 6 8
675 5 15
675 6 14
700 0 12
700 2 10
700 4 10
700 5 15
716 0 11
725 5 8
732 0 13
748 0 12
750 2 13
750 3 15
750 4 10
800 0 9
800 5 13
816 0 12
832 0 16
848 0 13
850 0 13
850 5 14
850 6 12
900 1 16
900 2 9
900 5 16
900 6 12
916 2 16
916 5 11
932 2 12
932 5 16
948 2 14
948 5 15
950 0 12
950 3 13
950 5 12
975 5 8
1000 3 11
1000 4 11
1000 5 16
1012 5 7
1024 5 7
1036 5 13
1048 5 12
1050 1 16
1050 3 9
1050 4 14
1050 5 16
1050 6 10
1075 4 11
1075 5 12
1100 0 13
1100 1 14
1100 3 15
1100 4 16
1100 5 8
1116 4 11
1125 1 11
1132 4 14
1148 4 13
1150 2 8
1150 4 9
1150 6 16
1175 6 7
1200 2 15
1250 0 12
1250 2 7
1250 3 8
1250 5 8
1275 2 9
1275 3 8
1300 0 16
1300 2 10
1300 5 9
1300 6 12
1325 5 11
1350 1 12
1350 4 15
1350 5 16
1358 5 14
1366 5 10
1374 5 10
1382 5 7
1390 5 7
1398 5 7
1400 3 11
1400 5 14
1450 0 16
1450 5 15
1475 5 10
1500 3 9
1500 4 11
1500 5 8
1510 5 10
1520 5 11
1530 5 7
1540 5 13
1550 1 12
1550 3 16
1550 5 9
1575 5 14
1600 0 14
1600 1 8
1600 4 13
1600 5 10
1600 6 8
1625 0 15
1625 5 8
1650 0 7
1650 1 15
1650 2 8
1650 3 8
1650 4 10
1650 5 11
1666 2 10
1675 3 13
1675 5 8
1682 2 10
1698 2 15
1700 0 14
1700 2 11
1700 4 11
1700 5 8
1725 5 15
1750 0 11
1750 4 8
1750 5 15
1750 6 8
1775 4 13
1775 5 10
1800 0 12
1800 1 9
1800 5 8
1800 6 10
1812 5 11
1824 5 15
1836 5 13
1848 5 14
1850 4 7
1850 5 11
1862 5 8
1874 5 9
1886 5 14
1898 5 13
1900 1 16
1900 5 16
1916 5 7
1932 5 15
1948 5 16
1950 0 16
1950 2 7
1950 5 9
1975 5 15
2000 2 9
2000 3 8
2050 0 13
2050 5 13
2050 6 12
2066 5 15
2082 5 9
2098 5 13
2100 0 15
2100 2 15
2100 5 9
2112 5 11
2124 5 14
2125 2 11
2136 5 7
2148 5 11
2150 4 12
2200 1 12
2200 2 14
2200 3 8
2200 5 8
2200 6 14
2225 1 16
2250 0 8
2250 3 15
2250 4 10
2250 5 16
2275 0 16
2275 4 12
2300 1 16
2300 2 9
2300 3 8
2300 5 8
2325 5 8
2350 0 8
2350 3 10
2350 4 16
2350 5 10
2350 6 12
2366 3 7
2375 4 16
2382 3 12
2398 3 8
2400 1 7
2400 3 14
2400 4 7
2400 5 16
2400 6 9
2412 5 8
2424 5 7
2436 5 13
2448 5 9
2450 0 14
2450 5 12
2462 5 11
2474 5 7
2475 0 14
2486 5 11
2498 5 13
2500 3 10
2500 6 13
2550 4 12
2550 5 8
2550 6 9
2562 5 14
2574 5 15
2575 6 13
2586 5 11
2598 5 12
2600 1 7
2600 5 7
2650 4 16
2650 5 9
2650 6 12
2675 5 11
2700 2 10
2700 3 14
2700 4 13
2700 5 16
