0 0 13
0 1 6
0 3 15
0 4 5
0 5 13
0 6 15
0 8 1
0 9 16
0 10 8
0 13 1
0 14 3
0 15 11
25 1 15
33 0 5
33 4 1
33 8 0
33 14 7
50 1 4
50 10 16
66 0 15
66 4 14
66 8 4
66 14 9
75 1 6
99 0 12
99 4 8
99 8 11
99 14 9
100 0 8
100 1 12
100 3 16
100 4 15
100 5 11
100 6 12
100 7 6
100 8 5
100 9 3
100 10 9
100 11 4
100 13 2
100 14 12
100 15 2
100 16 13
125 4 2
133 0 12
133 5 1
133 8 16
133 9 0
133 13 8
133 15 2
150 1 4
150 3 13
150 4 12
150 6 11
150 14 16
166 0 10
166 5 12
166 8 1
166 9 2
166 13 8
166 15 1
175 4 1
199 0 3
199 5 7
199 8 13
199 9 12
199 13 0
199 15 2
200 0 14
200 1 16
200 3 12
200 5 15
200 7 16
200 8 11
200 9 8
200 11 2
200 12 14
200 13 15
200 14 1
200 15 11
233 5 4
250 7 10
250 8 3
250 12 11
250 15 5
266 5 3
299 5 1
300 0 5
300 1 12
300 3 15
300 4 11
300 5 11
300 6 4
300 7 9
300 8 1
300 14 4
300 15 14
325 0 11
325 3 1
325 8 1
350 0 6
350 1 9
350 3 10
350 4 11
350 8 4
375 0 13
375 3 4
375 8 5
400 0 2
400 1 2
400 2 6
400 3 5
400 4 15
400 5 15
400 6 10
400 7 14
400 8 13
400 9 8
400 10 5
400 11 6
400 12 11
400 15 10
425 3 4
433 4 2
433 5 1
433 8 1
433 10 11
450 0 6
450 1 4
450 2 5
450 3 1
450 6 7
466 4 15
466 5 9
466 8 4
466 10 11
475 3 12
499 4 8
499 5 2
499 8 15
499 10 8
500 1 7
500 3 13
500 4 11
500 5 7
500 6 2
500 7 10
500 8 9
500 10 9
500 12 10
500 13 6
500 14 5
525 8 15
533 1 8
533 6 2
550 5 10
550 7 8
550 8 10
566 1 10
566 6 3
575 8 14
599 1 15
599 6 2
600 1 13
600 2 11
600 3 5
600 4 10
600 5 0
600 7 9
600 8 14
600 10 8
600 11 6
600 12 6
600 13 12
600 15 13
625 5 11
625 13 2
633 1 0
633 3 1
650 4 11
650 5 3
650 7 10
650 13 11
666 1 9
666 3 0
675 5 0
675 13 5
699 1 4
699 3 11
700 0 7
700 1 2
700 3 13
700 4 14
700 7 14
700 8 11
700 9 7
700 10 9
700 11 2
700 12 9
700 13 0
700 14 11
700 15 8
700 16 14
725 8 1
733 1 8
750 0 8
750 3 0
750 4 13
750 7 6
750 8 10
750 9 7
750 10 2
750 15 7
766 1 4
775 8 6
799 1 0
800 0 3
800 2 8
800 3 6
800 4 11
800 6 15
800 7 3
800 8 10
800 9 14
800 10 1
800 11 6
800 12 3
800 13 10
800 14 10
800 15 11
800 16 10
825 14 1
833 13 9
850 0 9
850 6 4
850 7 0
850 8 5
850 9 0
850 10 15
850 14 10
850 16 13
866 13 15
875 14 15
899 13 2
900 1 6
900 2 8
900 3 7
900 5 4
900 6 4
900 8 15
900 9 3
900 10 0
900 12 7
900 13 12
900 15 6
933 6 16
933 15 0
950 3 8
950 5 3
950 8 11
950 9 11
966 6 5
966 15 10
999 6 5
999 15 0
1000 0 5
1000 3 8
1000 4 6
1000 5 11
1000 6 10
1000 7 4
1000 8 11
1000 10 5
1000 11 3
1000 14 12
1000 15 4
1000 16 11
1020 0 14
1033 11 14
1033 15 10
1040 0 5
1050 5 11
1050 14 8
1060 0 14
1066 11 4
1066 15 4
1080 0 1
1099 11 8
1099 15 10
1100 0 4
1100 1 13
1100 2 1
1100 3 12
1100 4 2
1100 6 15
1100 7 12
1100 8 1
1100 10 16
1100 11 14
1100 12 5
1100 13 11
1100 15 7
1100 16 7
1125 10 11
1133 2 5
1150 3 10
1150 8 2
1150 10 1
1150 11 6
1150 12 2
1150 15 11
1166 2 1
1175 10 14
1199 2 9
1200 0 13
1200 3 6
1200 4 12
1200 5 15
1200 6 14
1200 7 14
1200 8 12
1200 9 10
1200 10 8
1200 11 10
1200 14 8
1200 15 9
1200 16 11
1225 14 0
1233 0 12
1233 10 2
1233 11 2
1233 16 3
1250 6 13
1250 7 14
1250 8 12
1250 9 3
1250 14 11
1266 0 5
1266 10 1
1266 11 15
1266 16 1
1275 14 8
1299 0 4
1299 10 3
1299 11 4
1299 16 11
1300 0 6
1300 1 4
1300 2 10
1300 3 1
1300 4 15
1300 5 7
1300 6 14
1300 7 11
1300 8 7
1300 10 8
1300 12 4
1300 13 3
1300 15 4
1325 15 9
1350 0 5
1350 1 2
1350 3 12
1350 5 8
1350 8 3
1350 10 14
1350 15 2
1375 15 4
1400 1 5
1400 2 8
1400 3 7
1400 4 5
1400 5 0
1400 7 1
1400 9 13
1400 12 14
1400 13 16
1400 14 8
1400 15 4
1400 16 3
1416 7 6
1425 15 7
1432 7 14
1448 7 11
1450 2 13
1450 3 6
1450 9 2
1450 13 7
1450 15 1
1450 16 10
1464 7 16
1475 15 1
1480 7 14
1496 7 2
1500 0 15
1500 1 13
1500 2 16
1500 3 8
1500 6 0
1500 7 3
1500 8 4
1500 9 10
1500 10 4
1500 11 12
1500 12 0
1500 14 12
1500 15 5
1500 16 14
1533 3 4
1533 9 11
1533 15 16
1550 0 10
1550 7 10
1550 10 7
1550 11 0
1566 3 16
1566 9 6
1566 15 1
1599 3 4
1599 9 13
1599 15 4
1600 0 6
1600 1 8
1600 4 11
1600 5 0
1600 7 11
1600 8 10
1600 9 11
1600 11 8
1600 13 15
1600 14 4
1600 16 11
1633 4 12
1633 7 13
1633 8 3
1633 11 5
1650 0 5
1666 4 10
1666 7 3
1666 8 4
1666 11 0
1699 4 2
1699 7 3
1699 8 6
1699 11 13
1700 0 5
1700 1 9
1700 3 0
1700 5 13
1700 6 8
1700 7 15
1700 8 7
1700 11 13
1700 12 2
1700 13 11
1700 14 3
1700 15 10
1700 16 0
1720 15 13
1725 1 8
1733 8 13
1733 16 2
1740 15 2
1750 1 13
1750 3 15
1750 5 9
1750 6 4
1760 15 4
1766 8 3
1766 16 0
1775 1 12
1780 15 10
1799 8 3
1799 16 11
1800 1 5
1800 3 9
1800 5 1
1800 6 7
1800 8 11
1800 10 14
1800 11 5
1800 12 16
1800 13 4
1800 15 3
1833 11 2
1833 13 1
1850 1 9
1850 3 1
1850 8 1
1866 11 2
1866 13 16
1899 11 4
1899 13 2
1900 0 6
1900 1 12
1900 4 9
1900 5 12
1900 7 6
1900 8 9
1900 9 14
1900 11 1
1900 13 11
1900 14 3
1900 15 0
1900 16 0
1925 7 12
1933 15 0
1950 0 16
1950 1 5
1950 7 2
1950 13 0
1950 14 10
1966 15 4
1975 7 6
1999 15 12
2000 1 13
2000 3 0
2000 7 9
2000 9 5
2000 10 7
2000 12 0
2000 13 7
2000 14 9
2000 15 16
2025 3 14
2033 9 4
2033 15 12
2050 3 6
2050 10 11
2050 13 12
2066 9 15
2066 15 1
2075 3 7
2099 9 8
2099 15 8
2100 0 4
2100 1 0
2100 3 0
2100 4 8
2100 5 6
2100 6 9
2100 7 10
2100 8 10
2100 9 5
2100 10 8
2100 11 3
2100 13 0
2100 14 12
2100 15 5
2125 0 13
2133 3 6
2133 15 8
2150 0 2
2150 1 5
2150 7 16
2150 8 12
2150 10 0
2150 14 16
2166 3 9
2166 15 8
2175 0 5
2199 3 11
2199 15 9
2200 0 14
2200 1 4
2200 2 8
2200 3 13
2200 4 0
2200 5 3
2200 6 0
2200 8 14
2200 9 10
2200 11 6
2200 13 10
2200 14 5
2200 15 4
2200 16 15
2233 0 5
2233 1 15
2233 9 12
2233 13 16
2250 3 4
2250 5 1
2250 6 11
2250 8 12
2250 15 10
2250 16 2
2266 0 9
2266 1 14
2266 9 3
2266 13 2
2299 0 10
2299 1 0
2299 9 11
2299 13 7
2300 2 13
2300 3 11
2300 5 3
2300 6 13
2300 7 15
