0 0 9
0 1 16
0 3 10
0 4 6
0 5 16
0 7 3
0 9 8
0 10 3
0 11 15
0 12 6
0 13 7
0 15 12
41 7 6
62 3 6
82 7 3
83 11 1
83 15 9
123 7 11
124 3 7
125 5 13
125 10 0
164 7 11
166 11 4
166 15 12
186 3 14
205 7 2
246 7 12
248 3 7
249 11 6
249 15 2
250 1 7
250 2 11
250 4 3
250 6 1
250 8 13
250 9 0
250 10 9
250 11 13
250 12 10
250 13 8
250 14 3
250 15 9
333 10 1
375 1 7
375 4 13
375 12 7
375 13 15
416 10 13
499 10 16
500 0 16
500 1 10
500 3 6
500 4 3
500 5 0
500 6 3
500 7 11
500 8 1
500 10 9
500 11 4
500 12 8
500 13 7
500 14 6
500 15 13
500 16 3
550 10 12
583 4 13
583 8 16
600 10 3
625 0 15
625 3 12
625 7 4
650 10 11
666 4 16
666 8 12
700 10 8
749 4 0
749 8 13
750 0 5
750 1 8
750 3 1
750 4 12
750 5 8
750 6 13
750 7 14
750 8 15
750 10 8
750 11 9
750 12 6
750 13 12
750 14 4
750 15 9
750 16 8
833 1 10
833 5 0
833 15 1
875 4 6
875 10 0
875 11 13
875 12 6
875 13 16
875 14 16
916 1 4
916 5 1
916 15 12
999 1 16
999 5 10
999 15 0
1000 1 13
1000 2 13
1000 3 15
1000 4 15
1000 5 10
1000 8 12
1000 9 13
1000 10 1
1000 11 8
1000 12 8
1000 13 12
1000 15 9
1050 1 15
1083 3 6
1083 13 3
1100 1 11
1125 2 7
1125 4 11
1125 8 3
1125 9 15
1150 1 11
1166 3 5
1166 13 1
1200 1 5
1249 3 2
1249 13 3
1250 1 11
1250 2 13
1250 5 16
1250 7 2
1250 9 2
1250 10 8
1250 11 9
1250 13 1
1250 15 6
1250 16 1
1375 1 8
1375 7 8
1375 9 16
1375 10 6
1375 13 16
1500 0 11
1500 1 2
1500 2 14
1500 3 14
1500 4 3
1500 5 7
1500 6 1
1500 7 11
1500 9 15
1500 10 7
1500 12 7
1500 13 5
1500 14 8
1500 15 7
1500 16 8
1583 1 4
1583 14 0
1583 15 3
1625 0 16
1625 3 7
1625 5 6
1625 7 1
1625 9 16
1625 10 15
1625 12 4
1625 13 8
1625 16 7
1666 1 12
1666 14 16
1666 15 4
1749 1 6
1749 14 15
1749 15 12
1750 0 9
1750 1 12
1750 3 12
1750 4 9
1750 5 16
1750 6 1
1750 7 8
1750 8 0
1750 10 6
1750 12 3
1750 13 11
1750 14 3
1750 15 0
1833 3 4
1833 4 12
1875 5 9
1875 8 2
1875 10 8
1875 15 16
1916 3 11
1916 4 8
1999 3 11
1999 4 16
2000 0 5
2000 1 8
2000 2 6
2000 3 16
2000 4 0
2000 7 13
2000 8 15
2000 9 7
2000 10 8
2000 11 1
2000 13 0
2000 14 3
